   0.0000000000000000        0.0000000000000000        0.0000000000000000        0.0000000000000000        0.0000000000000000        0.0000000000000000        0.0000000000000000        0.0000000000000000        0.0000000000000000        0.0000000000000000        0.0000000000000000        0.0000000000000000        0.0000000000000000     
  0.24007730224198984       0.34102542156365673        6.3907062180066521E-003   2.1773623781346559E-002   1.4208384205282915E-002   2.0892671179095441E-002   1.5810414759635960E-002   1.5166480228616983E-002  0.47558099888424948       0.20980661566818995        6.2010055252267327E-002   1.1462457157078981E-002   1.6927129413591466E-002
  0.58010530809026073       0.66096894240681059       0.92286825082307211       0.89998293819264819       0.66804987952133255       0.81471707437470908       0.81855467155370809       0.79443697355571685       0.61105348873843535       0.60892972028673498       0.68996263254737122       0.71801158806851928       0.73299124156445883     
  0.26670867353993538       0.44605740810219274        1.2559969539455505E-002   4.3510678939521194E-002   2.8193443661327963E-002   4.2527297678469154E-002   3.2004597619606355E-002   3.0509738899370309E-002  0.57175041142057192       0.26107417248502301       0.10595681574464276        2.2429943881563358E-002   3.4109857906677962E-002
  0.89799624531430333       0.63202716740015019        1.4982566902115633       0.81831403413276405       0.84184653631175088       0.73928783062881953       0.75947418940390754       0.74350479854852403       0.74124392557710472       0.74236407518875314       0.66426355202728660       0.72268175220467790       0.89075070660103162     
  0.28491029037013849       0.50921787120252193        1.7331622930934629E-002   6.1648944653681405E-002   4.3160155015510161E-002   6.4983084952974085E-002   4.5797360234812373E-002   4.4883729055655228E-002  0.60915838342787854       0.28518131295024107       0.13892803122456707        3.5247134829450577E-002   5.2607389144144187E-002
   1.1530488260392497       0.68031631582926366       0.92750193984593443       0.86646595325468645       0.72866139732225466       0.83340313626301976       0.67823927973289166       0.72348101535006271       0.84489279635977121       0.77656985334916417       0.67913019077285630       0.87373892263407615       0.85540954599104757     
  0.30131731972820380       0.54830630919060841        2.1738881141741863E-002   8.1710614890709604E-002   5.6644638198523653E-002   8.9347192712693327E-002   5.8938414249983750E-002   6.0125015846325666E-002  0.63898773386161734       0.29849736260455928       0.16952215596236833        5.1744599913426857E-002   6.9910507248039641E-002
  0.80384450069547886       0.73275615958203255       0.86157752193867021       0.67105480606470191       0.69487573207610309        1.1509359524349829       0.69239870701864314       0.64453235769561046       0.71047385860189971       0.71212201724694124       0.74344359455793629       0.85253607900450834       0.68841433841892152     
  0.31766127536451699       0.58150893224151001        2.6147844405465810E-002  0.10216736592682805        6.9929543573602107E-002  0.11473108514157083        7.2216753018183158E-002   7.4455249449899424E-002  0.66474610179242610       0.31078385173469036       0.19417103947598782        6.9337268716196193E-002   8.5409015425316759E-002
  0.95812833011023979       0.66485470966921389       0.92930202882945578       0.94784557711804795       0.83324084217322125       0.76745051972718192       0.68311682412004471       0.63801725697027434       0.73061243478396065       0.75196851690236122       0.69581414403434927       0.90919344954887304       0.71561993213511521     
  0.33500003978797360       0.60961957123645882        3.0390885581302367E-002  0.12286704427354965        8.2286264160188735E-002  0.13412351026867578        8.5468506985540038E-002   8.8700871910888074E-002  0.68423379875247803       0.31952564310374615       0.21620630542786548        8.6697924697939119E-002  0.10029234067824652     
  0.83901791562888328       0.65339912664854294       0.87179684602105489       0.68005763835612154       0.65310892401044862       0.73446328635227609       0.79361221726206355       0.70911145113819973       0.90673911946591645       0.66507352095087380       0.68687462936887389        1.0399310516744120       0.81780812602240927     
  0.35270456904037467       0.63488760955390333        3.4842444724070484E-002  0.14202191463788269        9.5069309402379010E-002  0.15284258269526771       0.10081059402554005       0.10330599829244037       0.70343120132312487       0.32932298950650796       0.23442397760371678       0.10431017639185694       0.11489962488902125     
  0.80134572325105891       0.60814955714615260       0.84030351613664767       0.81403439386232657       0.64784270904856645       0.70142897448408492       0.97019921482536087       0.72331553385617253       0.79463759744845541       0.68712183603090982       0.73576770164608496       0.98217525227701108       0.80508843376370565     
  0.36716270429975123       0.65507203719642915        3.9396339404108520E-002  0.15736743635140724       0.10860356809172633       0.17056356072825427       0.11654171525876052       0.11829663526150749       0.72060652482928123       0.33940610691042267       0.24929075826421213       0.12203863792414524       0.12982788470644896     
  0.94135465694336451       0.79665713939614502       0.77626226205668847       0.84105812404207292       0.72621783358139380       0.63357035685497864       0.78818238811185770       0.62028958374908016       0.70000679160266632       0.84304079544595556       0.79296697846298081       0.99032866015652399       0.84573626013481218     
  0.37640211207287089       0.67182561264648022        4.3896823958691017E-002  0.17268406045776521       0.12351834122328237       0.18919511873936837       0.13292655851627930       0.13297608026006680       0.73548885261187746       0.34884316679934163       0.26281066670245423       0.13933710032368707       0.14541527807007779     
  0.83876785450320590       0.62591748865023589       0.76453058841120669       0.79311770933650649       0.68044361439567991       0.73747024529376259       0.77186126379049325       0.68734046211641908       0.79256065835094558       0.80958353841787922       0.76686625255678798       0.79490831008686291       0.65286049568347737     
  0.38438810403311247       0.68790538099956389        4.8545213933282566E-002  0.18628706292887715       0.13791614040282066       0.20944487879410117       0.14798141580355700       0.14751892333021963       0.74794754464835156       0.35751505161448516       0.27462679652018518       0.15556923266259523       0.16261277591609236     
  0.72828749591918085       0.68595648972052492       0.74877132839924720       0.62826227613882513       0.72149743007341505       0.81532655338159188       0.72938225942562396       0.86900283460468342       0.64804857552375716       0.73376921048814681       0.68325185191271964       0.65871284342627034       0.73599508456438967     
  0.39169349532201225       0.70408480470526713        5.3512635587325053E-002  0.20121532456897692       0.15209561667457788       0.22806833889119263       0.16409953856286053       0.16232342582553272       0.75933353742565068       0.36574577531220120       0.28617600296411705       0.17268249842762839       0.18064901444663653     
  0.75745030104740907       0.67241743776014407       0.63064296966895550       0.66340189011508077       0.79139272687746631       0.72669920904983865       0.66457685562882807       0.64977816339653838       0.72114723022729044       0.80396556607111513       0.66172314228553464       0.84645177622511758       0.69340449961759509     
  0.39957561812430620       0.71916033516024369        5.8937513201905316E-002  0.21621225451436543       0.16691564851737101       0.24693487963623453       0.17939857355448366       0.17682056840728652       0.76981930424392297       0.37346510621879503       0.29767001731104892       0.19008123497344637       0.19939528696799846     
  0.63965867771714968       0.68962734177237417       0.76380193521022410       0.64381017789543182       0.69203875151310179       0.71737139531914484       0.81427501726327856       0.75137053052225045       0.86157866836606412       0.72169198633345888       0.86182767658881487       0.75564109648347599       0.92887775389243910     
  0.40846587957409319       0.73287197832059015        6.3629308825443348E-002  0.23137956837237234       0.18255033887690642       0.26551758220081889       0.19517031625633180       0.19074903840818333       0.78012445887523807       0.38058468549845992       0.31010482335024603       0.20864250927423639       0.21791118144362787     
  0.69007233581091221       0.79061812223135597       0.81530251014997945       0.62171164074150231       0.67489526043508863       0.64765870528188274       0.82780420096388274       0.87089102887158021       0.74730802386988626       0.70833543768670004       0.73402214115789566       0.82875430926328297       0.87854079205809910     
  0.41727210517764624       0.74534301298949024        6.8578180236896977E-002  0.24697289093762656       0.19908904277040773       0.28485322746936648       0.21028868605562059       0.20616110138851165       0.78982086004228536       0.38680571114505458       0.32326068877861375       0.22686612515590748       0.23395398556594463     
  0.71559633013309742       0.68259223428899429       0.73849262569918206       0.69779627641849595       0.82603236575389294       0.68678795873837772       0.81459427726813149       0.80002083941546354       0.75926627471808805       0.79095071875744505       0.68113350258156613       0.70093271229965648       0.77814382030067308     
  0.42571745770633307       0.75734489832457919        7.3069654795425987E-002  0.26295053532595464       0.21604599011747133       0.30382937395613241       0.22650958903796997       0.22299923987045667       0.79831478786236809       0.39279432849961193       0.33676243936815864       0.24457049884646087       0.25022704832745057     
  0.77107559834207118       0.74856197402214375       0.72568882547769420       0.73752261384528217       0.76166295768293624       0.64630432086390233       0.69983188701893362       0.78397707835946495       0.73715229032771257       0.76443704797057954       0.74429980782072291       0.95027556976771932       0.85086337178749427     
  0.43441003258702565       0.76902271568820102        7.7713501813496566E-002  0.27906854772296891       0.23278614198320893       0.32280743535700585       0.24422671951383365       0.23689985034843436       0.80566704546698675       0.39732550343657369       0.35093898653475242       0.26167035437546848       0.26631245626023697     
  0.77825704209564883       0.78425713095854555       0.68700119458475750       0.61479680910909473       0.73458817207542471       0.80668875381786231       0.83667382421654235       0.74490419899920612       0.71310830099189781       0.72500138239362311       0.80268069898335859       0.86208656834879727       0.63733487688002766     
  0.44412937290958859       0.78042433078182150        8.3159103532050652E-002  0.29543430153221839       0.24963006213585145       0.34072619141172145       0.26200552326152637       0.24952854914596853       0.81130218470928595       0.40208406725567841       0.36584071553943909       0.27873404175031596       0.28165777812612303     
  0.75970585421272441       0.66118463055257382       0.94843570541903266       0.69823529707581677       0.78474707637891405       0.66336367550282116       0.85235160779586772       0.74361548268018651       0.67588436477571945       0.58428562997214373       0.84104830026545929       0.78653405601341120       0.84874611849943371     
  0.45417391760874259       0.78997160625465135        8.8780407395422423E-002  0.31124053742384333       0.26469588977921715       0.35570171784405508       0.27973350667569413       0.26321867996514153       0.81695021427930681       0.40708443427149793       0.38050380979668580       0.29588293855105480       0.29547858370634011     
  0.73853123943481247       0.73284708079996985       0.74327125782346926       0.65769840688641679       0.79479828197263114       0.69639912537187487       0.70415863247775168       0.75898442608665595       0.70353308652290580       0.66938439298968899       0.94383104247115357       0.65151824513021639       0.83717694526475706     
  0.46475317380883957       0.79869087336759059        9.4152530038770221E-002  0.32719873858591131       0.27938366090469158       0.37092060162091517       0.29801485729291710       0.27580998270811324       0.82253390297486539       0.41231275350580165       0.39461966743864207       0.31304024912488349       0.31072995562384664     
  0.79055294121433750       0.73205604403057201       0.78579451661928457       0.74146935926024682       0.83364556281049140       0.72880769328927730       0.79577617470309947       0.79379857382946883       0.66466903258358356       0.71769181386319880       0.81003506364287470       0.71021866589189619       0.74470949481316684     
  0.47545938756479417       0.80764516892277061        9.9999192083322683E-002  0.34348238199184855       0.29418459684081710       0.38658106055731944       0.31542292572848990       0.28883072812790855       0.82878439584831276       0.41715024781699267       0.41003566297854743       0.33126994621281608       0.32498902417531617     
  0.71691678917495072       0.79821574751033320       0.79364667839682101       0.72682892147549971       0.75783498151564999       0.72413903411679548       0.74029932731332881       0.75280034560656228       0.72752808565781224       0.76696285647291673       0.68924342775116254       0.72496601719008447       0.76643106582298504     
  0.48617782384590480       0.81627420279874197       0.10616581595184016       0.36022377769507957       0.30945455321809445       0.40466724938609322       0.33069601415443661       0.30041047760516015       0.83554267476750943       0.42170990564684896       0.42535397721247703       0.34827735003186705       0.33996667768810562     
  0.65109641258437090       0.85496620920211230       0.91921630204000315       0.80571734329445521       0.68441191066879903       0.72652832456595962       0.71466614725557709       0.73591522492366934       0.81560251903148329       0.75426127953220279       0.78267907999667707       0.82239179672873686       0.85851921030542777     
  0.49641881065375631       0.82499591260239291       0.11296384109449556       0.37494571448273556       0.32540041615951082       0.42163558459356998       0.34494934633547103       0.31050718689093859       0.84142386109565015       0.42666914306089138       0.43993561246393037       0.36090950538625005       0.35417401224668499     
  0.84378219959956380       0.74611714503456472       0.86014166925212265       0.72435010911668096       0.70514370834787898       0.75733426561538841       0.70457685577574503       0.72328029569184993       0.80429588108071404       0.63199266910362173       0.88571247106758677       0.70263059570562025       0.84711399763270223     
  0.50596104618671900       0.83360061692295617       0.12009531228936103       0.38749819349359116       0.33878121595302141       0.43757218015500060       0.35960421110926549       0.32152234306441663       0.84656160902382382       0.43195419551037728       0.45418761967064292       0.37294485379536707       0.36695669408990572     
  0.73980989467593827       0.72419298330980131       0.77183513481950206       0.70676316787867222       0.78353596802364456       0.61860407621883406       0.77476445670206151       0.63587077597949793       0.66064614490824680       0.67831183414741480       0.72337137925954564       0.58552057758476461       0.65653619700770105     
  0.51532971053089449       0.84158086823287570       0.12701818367728146       0.40172403448057314       0.35198455520274186       0.45244982392492233       0.37425607197984206       0.33350993840252668       0.85148913594355735       0.43719203198151740       0.46834186600726702       0.38486783612857395       0.37923605318319720     
  0.64291094710876484       0.77455082200549485       0.89534765784403259       0.70439401883492270       0.71669285095576440       0.64283909925489380       0.81432513696209186       0.72338066262161316       0.71283807677073419       0.67615873694506068       0.80270639494704188       0.75929986108039504       0.70996700725372119     
  0.52469249249716199       0.84934898513611901       0.13387414710769688       0.41633860170521231       0.36580376269565418       0.46730147208089645       0.38890647840165654       0.34705596385861509       0.85628663880492728       0.44259791999922515       0.48241917639398618       0.39732544433128514       0.39133976502173440     
  0.66882328797184043       0.94652822128231240       0.76486403003853143       0.78030703276249069       0.86983094260689420       0.63287158096314433       0.73510083563678508       0.65822405081698188       0.65343615259468146       0.80276123487506645       0.71367700307405735       0.63960593201923244       0.59294102262288917     
  0.53381489724801634       0.85703862195842861       0.14048410014182558       0.43007316285866676       0.38158228913972791       0.48234917808858718       0.40301777781796455       0.35977777760904250       0.86180051714224370       0.44868146250983210       0.49515147370417023       0.41126687224456282       0.40295967212952011     
  0.66905142338152179       0.73934226651465107       0.77197292968585562       0.73724855839240799       0.91281877718540150       0.70950831172216244       0.68073064168272290       0.70528703257392500       0.76660990748031776       0.74787745194403299       0.85299418793464132       0.73428187545793266       0.65854943184830017     
  0.54254953623680224       0.86435648404271981       0.14628224574183696       0.44348076522276192       0.39959210830730513       0.49704381245541834       0.41746340721578540       0.37168915733702246       0.86752961309842824       0.45471683079673841       0.50771257373055390       0.42605898223723854       0.41611342006162932     
  0.75287710233935645       0.73219014209930777       0.66462473544231448       0.66993292737306975       0.80728529482329514       0.72558695841678544       0.70393460615541914       0.70959276454483333       0.77875747419995556       0.74330762510106863       0.68533901346247095       0.69388340877942178       0.97725491000019715     
  0.55144459689272596       0.87133936663100986       0.15179770432907241       0.45795265137232388       0.41831142189161741       0.51173475174311867       0.43193673242112468       0.38394331208427601       0.87273755158422528       0.46029516458330916       0.52003411038346348       0.43851637634853280       0.43009014167960519     
  0.69387569101394242       0.71283041723725771       0.71801158806851928       0.77496153987171923       0.85895111576674943       0.84826918858483902       0.80270751960683906       0.64544102434044859       0.68136568940914888       0.77226880607377979       0.78952218403234553       0.70097276403791209       0.76012478160019337     
  0.56027439266870349       0.87811061832338300       0.15780611418643803       0.47505977763713880       0.43696895007144149       0.52683045204059953       0.44675454713724799       0.39683057805822625       0.87752605751422841       0.46602414401269698       0.53213321044217987       0.45063933336113937       0.44463404210114177     
  0.71327215386329135       0.77360717666762657       0.75047698626946391       0.72068521294940013       0.99097415836888181       0.83753052335422928       0.75134133283336846       0.69262055679543000       0.88304885604035455       0.77728037790042859       0.82843927881806934       0.72995313089459091       0.84603003012331457     
  0.56933140075486333       0.88473086233858778       0.16450657696512938       0.49138735231267083       0.45498960711461389       0.54307554181040063       0.46203606748537651       0.41114438135510772       0.88205927880275881       0.47216096542368363       0.54430725373500155       0.46200229576234136       0.45995811860417624     
  0.71373264299934291       0.82150104283378034       0.71191371402568981       0.82009167536525041       0.84461632074791493       0.77609098380412034       0.77080323064062317       0.67630027133338100       0.72873649440227384       0.75416306295463387       0.75601066936645889       0.69305152306422046       0.82073624209074691     
  0.57860771327147476       0.89122369215544062       0.17174859052865907       0.50787037179882177       0.47114608683914400       0.55949915802762717       0.47778554465607526       0.42806792625133538       0.88633773494684198       0.47813339703299479       0.55675330466864192       0.47320686786271271       0.47381451966778360     
  0.71129382652108852       0.90066654278116220       0.68187216011037177       0.92873037712697259       0.75900907388772410       0.71692982834472196       0.76536470138825641       0.68073064168272290       0.95464150389304681       0.95583146239204564       0.63128446974602315       0.63533091314760326       0.76528484728996560     
  0.58781137411500628       0.89783093312312812       0.17936313002043208       0.52395137277260107       0.48620765148541428       0.57646992990748602       0.49195485153026336       0.44788153570108591       0.89068565833846003       0.48516059306165910       0.56888949347449591       0.48355773548263348       0.48683256992757812     
  0.62538732697258237       0.76672663896182314       0.77096619299698865       0.72292948620961384       0.65818120603293928       0.75237307402605602       0.84136585689622378       0.87387866311763063       0.78158206510703299       0.73053710147988193       0.72675743683821881       0.72082430043625156       0.79777730357392962     
  0.59764825536119226       0.90252351259325647       0.18701871502217607       0.53910403099046744       0.50117692123204649       0.59398750155331415       0.50464184464157213       0.46549787874327780       0.89508292253260024       0.49175376073075577       0.58017678156053132       0.49750382375576974       0.50007863246532025     
  0.71240286838604583       0.70659307607238042       0.69087454262969039       0.70259469617686188       0.87353946221431344       0.77318938840426377       0.89080043234115569       0.76546672898447055       0.69310184775134487       0.88326351682562554       0.66036515526875206       0.71784252604485366       0.75287331808168689     
  0.60837072142103399       0.90731434143136291       0.19466550594297513       0.55384809811509916       0.51648073005502904       0.61152233642628973       0.51731527729020277       0.48204849487196938       0.89927100306656305       0.49881637313725441       0.59383733172414976       0.51117007400189751       0.51269911212079278     
  0.64824806297406190       0.68517645864104793       0.84068788823786356       0.71448499934998067       0.72121210534573765       0.82458063737291676       0.81945219145998838       0.92184654568731395       0.68569023922376116       0.89427181292841185       0.74327253951800654       0.67780605848092212       0.76451282796526610     
  0.61935044898256331       0.91198806626181939       0.20258947391094406       0.57020416797608220       0.53309585845930707       0.62828690454093339       0.53085433155325079       0.49920652688328920       0.90330620946901352       0.50680973312196875       0.60832383272721569       0.52624499256820512       0.52606289049322741     
  0.90169291239618388       0.72392924316529805       0.79083910351415032       0.78164066515561370       0.79452405518890601       0.82084658396540167       0.66790202425011236       0.83905467845150128       0.60922445222915611       0.76052345582223035       0.82650935134216430       0.81393949099710750       0.71326079937720110     
  0.62981053883701799       0.91661264612813009       0.21096802913870999       0.58542031165698905       0.55111356825250502       0.64534299234936165       0.54639751447352580       0.51670255826569933       0.90744292886954736       0.51459708594910125       0.62288797984328137       0.54214303543885078       0.54283266800494312     
  0.76040058171254499       0.76717613431157838       0.66450838936736289       0.73702077580267544       0.72389642945972066       0.71698304765222409       0.69690010476397701       0.78865421475581809       0.64473573697810049       0.82613247783369936       0.72363091548133984       0.92656328512812836       0.77087978384914602     
  0.63969715310983843       0.92097886288495645       0.21988614127089079       0.59981103533294444       0.56931275435024797       0.66286624016168394       0.56198722979839555       0.53546811270542649       0.91169819503071081       0.52239323711224883       0.63689857573929298       0.55795236776213375       0.55908617963057838     
  0.81388924286813935       0.72716299922021888       0.69385119383576810       0.79973944139608122       0.78982192812891139       0.86488545744595613       0.78806673303677321       0.79816888017009480       0.96293788147068837       0.95639897545019104       0.70311966988704611       0.85142008356629917       0.74076213279293979     
  0.64947955517675093       0.92524391111422466       0.22870278130248925       0.61465028853795278       0.58776600181658478       0.68052430164684541       0.57881845382736907       0.55411742280703469       0.91598069034200724       0.53027415630137886       0.65056498404867424       0.57296099714485249       0.57995566202206850     
  0.62649668972150974       0.76863268148132613       0.77425744481396874       0.75511649811361514       0.85305413439773214       0.77077967527189584       0.82724749561584832       0.80660367450606940       0.74598997963911784       0.79012762202016862       0.71560103552904675       0.67700892255430689       0.97419774028874584     
  0.65968786013686243       0.92944908594340370       0.23705551642690820       0.62907535938265269       0.60579983088074463       0.69835603214453223       0.59551858101480948       0.57077202292086582       0.91994446188995627       0.53832996814441791       0.66099292850601576       0.58733601966045301       0.60009461758185922     
  0.71221850466854086       0.88898660974213195       0.71927414718008720       0.73912919942586364       0.78212170999788522       0.83619826739711856       0.80704965907466009       0.69865401987774545       0.73034240426652985       0.64622442434562233       0.68525084857074225       0.73748335855790337       0.86125195382530761     
  0.67012235323587066       0.93302571415097657       0.24988750315786018       0.64345800710114986       0.62008559159519616       0.71684808468064432       0.61056157941123512       0.58614020200137595       0.92382419623446643       0.54653800589035195       0.67120479999752691       0.60111854859701164       0.61914169083229043     
  0.81223218329496183       0.66171046454966598       0.78179092159715657       0.86640978518311185       0.80755940432570494        1.0509661910991188       0.84184209059678894       0.77300157849017237       0.85792345689290939       0.78270893577569045       0.62837248225659537       0.77452464740723648       0.79936557184979984     
  0.68090702256982305       0.93633928023567092       0.26234786076354616       0.65743233678174484       0.63388731416817712       0.73382275056552715       0.62706219081255932       0.60091196179578521       0.92772497682922694       0.55494516905541358       0.68110996708146954       0.61529119549862099       0.63746193185605970     
  0.84682205761411500       0.71923440588369003       0.76055439095277044       0.80329307108130377       0.78367290228100561       0.77130154023803355       0.78253406912755907       0.77894581021499165       0.78628026784773342       0.83076232469308675       0.62132473599187477       0.72945250028989916       0.83177097531493416     
  0.69154302729727835       0.93961676932422222       0.27518921381705547       0.67452164448273455       0.64702718804964465       0.74805721173948647       0.64363587185645488       0.61560965991922756       0.93131616051261834       0.56344420405036422       0.69347775030326808       0.63009450658991739       0.65524243725024078     
  0.84255820842353690       0.70069362181268113       0.67361293277558787       0.97295928537795928       0.73119554955370014       0.70165118969789564       0.76765486925987525       0.74727552137475839       0.71817210547564636       0.98672771277774718       0.74643389059408849       0.72499055192584061       0.72960287779245758     
  0.70133893180400286       0.94291341499535908       0.28849887008962249       0.69051291557414252       0.66002230175166687       0.76229299805058293       0.66031723159841382       0.63205848171791734       0.93463384679657058       0.57191077200269269       0.70872057877846528       0.64514781768200891       0.67231334976668533     
  0.75300133597457641       0.77588691053580339       0.70448924267478286       0.74629186495119770       0.74208790915683787       0.82157096628486781       0.68159202518850914       0.73994759652849951       0.78951603105160195       0.77070124381261396       0.86133652979014574       0.77231025156288902       0.68751041805907520     
  0.71100611047397322       0.94650557005687397       0.30264221729466190       0.70591749490987954       0.67336809586453850       0.77685493847276721       0.67789589780680537       0.64942313856598088       0.93770411163970890       0.58042641339229917       0.72459414483638618       0.66033293436699925       0.68823720369905828     
  0.71946659719030104       0.81479617996225728       0.77269224531146652       0.71559720674941873       0.68051851617150516       0.74978489864760989       0.72389004044492578       0.77702519561263872       0.71996355656008026       0.83447441287209401       0.80326323365517427       0.83467825719128219        1.0179726709341146     
  0.72074642130594557       0.95043468979563794       0.31775003902198967       0.72055549064965718       0.68654916017210954       0.79182845172522920       0.69608339354121385       0.66568639821373277       0.94054012416721755       0.58917911006611690       0.74077535668254679       0.67551422382111803       0.70291465474318748     
  0.70121448031471822       0.84446139524705854       0.76494545502771549       0.73849798592909377       0.70586663997426358       0.75950074101597842       0.94334802882905733       0.74182910014261738       0.69626707189700077       0.76827861907744599       0.83755667371796549       0.81448961245786666       0.72724801757250368     
  0.73115921086821722       0.95356699682745028       0.33417237797897636       0.73465018879626376       0.70032079521056700       0.80704349677417131       0.71485440522322108       0.68074297915330617       0.94360613071047905       0.59843659801324767       0.75825308481718567       0.69106272887622511       0.71754809040100098     
  0.77033061973922301       0.69152248663598104       0.72494760120030743       0.78594288724222539       0.72823088205927766       0.88007494217482574       0.74423554011539006       0.85613165782585310       0.88059314693525037        1.0042614646099537       0.86408060549003152       0.87576086686922705       0.68339977317330902     
  0.74436582431109855       0.95645191420658049       0.35148042516598910       0.74921749509996316       0.71405149313661920       0.82121822132486400       0.73419664774864257       0.69588164002015118       0.94667373643449926       0.60836153978609941       0.77608163378318673       0.70762580215389081       0.73298548166100885     
  0.80079769514782206       0.74491757549244975       0.84415588014805465       0.76412916495097583       0.76567981431087706       0.75111263311664611       0.98162302501729759       0.82774185970671466       0.77756434312142053        1.0488291137769201       0.94514195034794835       0.87440817936280901       0.69499780959342883     
  0.75705484580058380       0.95921270607569842       0.37051250462204588       0.76389844238899240       0.72758720379666098       0.83470633106771908       0.75237215426767723       0.71220063474787787       0.94978557830320953       0.61899139292457728       0.79346474923810428       0.72502796525992630       0.74958087201152124     
  0.85893421347168986       0.76738016504135642       0.79455823626746669       0.74251395628826544       0.76384624015009928       0.88393988431448900       0.83464475769945279       0.79408890481800853       0.83629635898677102       0.83099808372486461       0.89892103183721350       0.90118841547733275       0.73984683368962700     
  0.76864599529472877       0.96206874819951471       0.39166831220973602       0.77833655124114620       0.74137623219932269       0.84774875168739616       0.76833508244657722       0.73022992044487844       0.95302187788917048       0.62825358314391566       0.81081166273489735       0.74423662149802638       0.76520581621529538     
  0.83076262880065932       0.88623288515770737       0.74038512282316937       0.80902861068225096       0.79457519820532319       0.75239725307358585       0.75229336999647645       0.83961441093293332       0.84316019395184461       0.76474867361899357       0.86651315383918381       0.78224030215550011       0.91099131677419665     
  0.77992067749358840       0.96521098481569734       0.41200445091290055       0.79334242319314552       0.75577904995460066       0.86121611403843257       0.78455551490232101       0.74886474149482718       0.95643282785984551       0.63660526049708599       0.82813266961701659       0.76306736959030264       0.78103257639195134     
  0.81127198128987144       0.83742247345413268       0.72057410337499628       0.88459659180125572       0.74393051326510107       0.76616909558584290       0.74101387165787569       0.95527825187108217       0.72809171192847533        1.0843743101528462       0.84921083789595819       0.76695826156263036       0.68529234060166722     
  0.79107645933044624       0.96830459016549553       0.42939345961951275       0.80915856903283701       0.77080214910069367       0.87351398071559561       0.80077874927226922       0.76729338293174765       0.95973644770335076       0.64476470868949165       0.84411776243495074       0.78207084529707738       0.79771029905873669     
  0.74477637744406033       0.80320718844169714       0.72435910181469287       0.80472024147338772       0.74341664886850578       0.77785782463034314        1.0313296732890345       0.92524838314576263       0.85785204310316820       0.77886964288958760       0.78667392397426472       0.85982302040584702       0.83954553632821993     
  0.80290854469249551       0.97095071102233932       0.44825518872448000       0.82514960556817818       0.78628496874775033       0.88557863655217117       0.81719829401261657       0.78476182861816945       0.96263162575409633       0.65295575991073973       0.85857572831404094       0.80028957962174763       0.81328204901372525     
  0.99938189370199260       0.79717860446038713       0.79701819922366124       0.92409326664618463       0.91437864985622885       0.86362224756597439       0.85065313944302134       0.83115189400676837       0.78929240164585512       0.72003381396082877       0.85811912781258615       0.95967782186711093       0.77147924660760714     
  0.81541027816054612       0.97343687694226388       0.46884808891074614       0.84072476355309178       0.80191472839587186       0.89622678342279161       0.83370135165046411       0.80079285657544219       0.96528899140860058       0.66102139955537265       0.87175918114876727       0.81700184366458994       0.82804765800761193     
  0.71170174556557286       0.60981694791043362       0.79143093503318218       0.84699376836926421       0.77471759371893245       0.81407368920588208       0.77402505351267281       0.84576198049847473       0.70084031621969611       0.69539135396479257       0.78607380434187635       0.78002968760284419       0.68871832127015531     
  0.82903864759663326       0.97579878914294294       0.49383762851162000       0.85601251990097482       0.81854426230807964       0.90645234940047115       0.85031252290953552       0.81617891017850752       0.96778436203234275       0.67002396238391326       0.88424387205891763       0.83234334431985013       0.84157480227796178     
  0.75386811388694908       0.77076205819567123       0.70248157825565960       0.92983824297657314       0.61605863632783164       0.81677668759922828       0.81606917089756348       0.75832907119462645       0.74473950027353331       0.77597960280816336       0.77332788451490475       0.72695558204016109       0.74576432092532119     
  0.84309032622846869       0.97807664249119319       0.52456706418437060       0.87190443026511422       0.83646388743213285       0.91634486141709015       0.86689605644929368       0.83111826635223818       0.97020541757645662       0.68095692339003866       0.89481806806197128       0.84888412220817588       0.85646448602583169     
  0.82068748927998258       0.83870645430902524       0.78065289569801011       0.81044664230421182       0.84737736186251011       0.85651595856602536       0.81787609317388865       0.73549453569609424       0.77431615506944462       0.76421568748385460       0.76310202014963824       0.76496497810090447       0.65154904964422922     
  0.85611739394851261       0.98082329695623460       0.55170275522882006       0.88569453340682003       0.85454071387489916       0.92615535785804171       0.88275074153355804       0.84642289656786851       0.97274873018040198       0.69295348601780737       0.90784043869379216       0.86873192545422762       0.87243828580540883     
  0.78297013354752487       0.94698679953854870       0.71860680756669870       0.79332642960742816       0.76257634035832667       0.76366469745147325       0.72508195467223235       0.84667311023029945        1.0416237998373079       0.75656503733392722       0.74006008613944096       0.77642434693883555       0.67803033965428627     
  0.86946715183985535       0.98343850948971023       0.57962848467918882       0.89855922965952839       0.87272949785405518       0.93623569232006010       0.89744928733583385       0.86242583485062696       0.97539306826123851       0.70660614720277815       0.92143211586934182       0.88789822019475584       0.88890485079444836     
  0.78408135865372197       0.88130904284870271       0.73556087497326017       0.67405491385188732       0.98743915942562654       0.86947100923827569       0.74099017811614742       0.87880759120006646       0.73036148373018861       0.79890670522956786       0.92242977281544036       0.73201180788450548       0.72750519719016804     
  0.88397521535279711       0.98588801698793704       0.61087938917173201       0.91118325180584048       0.89088095406232604       0.94619143097858083       0.91150012221823995       0.87993670740579510       0.97787059499458961       0.71960965141224498       0.93485413371116366       0.90333710072402917       0.90640076119845669     
  0.70561217028004297       0.81077275896363232       0.73404182789050743       0.74620953991664185       0.69321938961131235       0.94536334769186881       0.76978842100425360       0.78200704857348124       0.86403299428699687       0.72542635765164065       0.95423063074361902       0.70417228719416536       0.87798789636712138     
  0.89879723138138612       0.98828331604253306       0.64640234190670010       0.92438531092845544       0.90919016571963629       0.95630989524892818       0.92645318118005515       0.90060465255416988       0.98072237947970542       0.73234653653395676       0.94720963494777777       0.91813696686970725       0.92476385957614093     
  0.90409496152058688       0.99239748151965612       0.62509920686898435       0.84534907179106378       0.76066927413745655       0.71450451371216228       0.67321805643884824       0.86576715726994247        1.0186589071010717       0.89692462145077712       0.80382543217529490       0.69484039829355382       0.85239928958169131     
  0.91515782322030592       0.99050977146884367       0.69126217077590502       0.93893103895730567       0.92782033438677680       0.96590482225809127       0.94181157482915268       0.92127406110719245       0.98362425100490614       0.74695425442544605       0.95820060243947036       0.93263162906911490       0.94275964851039673     
  0.98611235021697707       0.85491519196481403       0.67384646022880024       0.86495977818924707       0.73283773267152763       0.74392389178512364       0.75486682604764976       0.90590642832394874        1.0546607662718024       0.72695421950574013       0.94007355908048085       0.66823225316828883       0.70779862970802065     
  0.93375590982003220       0.99266586253088340       0.74325721929492994       0.95419310078261677       0.94698626442152189       0.97441531546960891       0.95668480325814076       0.94159557392638848       0.98667682760395692       0.76451628107866343       0.96897491874334174       0.94776812199026506       0.95856630879556948     
  0.87126837082274178       0.96347470547790337       0.68307238404241233       0.81993210912954340       0.89138845399716893       0.72464410752381936       0.66469591002087069       0.78616170303131283       0.77753279008607279       0.68460069617928065       0.82565118260636039       0.68935229667183939       0.79309222818615055     
  0.95311214442132819       0.99495846235687979       0.81055233034529794       0.96882354001125681       0.96554389886474301       0.98298104819953491       0.97039991821625093       0.96171771884314361       0.99037569048954877       0.79319359495011466       0.97854654141833186       0.96473325585807401       0.97320964457449810     
  0.87778171587926890        1.0105225486901572       0.71323463336973125       0.78737301234208601       0.91880014134222365       0.89808514919535865       0.65852029359004649       0.74493419064657473       0.68953083691503636       0.80868239892070892       0.74824567467894953       0.79141779736844664       0.63776523523778839     
  0.97606794132349928       0.99729171112436521       0.89661708999232392       0.98444072932020432       0.98299488236420096       0.99161993603177923       0.98501985716003815       0.98127624298422300       0.99497990290077454       0.85342783135645028       0.98791712618462646       0.98209441159711941       0.98693394418304248     
  0.70046330735742934        1.2102158598461767       0.77985426387853274       0.80175726757644050       0.74080652748010312       0.68226504926623555       0.72557013905406431       0.93873173466629656        1.1076542782660790       0.73895985547602216       0.72363585446374235       0.63554781119489490       0.73169653143263114     
   1.0000000000000000        1.0000000000000000        1.0000000000000000        1.0000000000000000        1.0000000000000000        1.0000000000000000        1.0000000000000000        1.0000000000000000        1.0000000000000000        1.0000000000000000        1.0000000000000000        1.0000000000000000        1.0000000000000000     
  0.72353196075455439       0.93658015299298514       0.68680970484991510       0.94223993330854328       0.86598272289779465       0.86706378625175273       0.67139758466968424       0.93233251123697658       0.76498436598754638       0.64538541470106514       0.80966240767764652       0.76959651064684187       0.75493933816654257     
   0.0000000000000000       -10.526474464095458        9.7640532574664185        1.4241400129473853        2.2030346024000180        17.392965316751880        5.2169360123501223        6.2873471149530431        0.0000000000000000       -5.6224260615557018        5.7425037841699549        8.1420437614735981        3.2651024538493458     
   0.0000000000000000        18.463265933367573        5.2811016103338533        9.3010669286434009        10.983301505014960       -1.2968680814824027        6.5922174072861051        7.5372015965471446        0.0000000000000000        9.1433669507837454        3.3093528203115210        6.1085929030396677        6.9947510312518295     
   5.6416036874614859        4.8914305081245857        7.1775175990404776        3.6031811827191222        7.7584687123655351        5.2157904965381618        2.6663952375328543        7.0378672949353271        5.9312297494613846        9.0132788396187671        8.7187767642750309        3.4323988142297996        3.2755659198613305     
   6.1814755125578715       0.83990877236866168        4.3275309499342276        4.0951224324042776        8.9581491764375869        6.3596513223451581        6.0762534225858262        7.6989187166560384        4.6990127337681669        6.4312670416337392        8.0767478265594868        8.2180066964517842        9.3646925655124793     
   2.5062750637976983        6.6377802026262982        5.7294135989300008        10.530455236267807        2.4327832283317541        7.7919567049275811        7.0342895584549803        6.6374377930440680        3.6548569773885062        6.7819725666186548        2.5792728583800777        8.6250254060449389        7.7835608611266682     
   5.1189819714350637        9.8943108883387829        5.4095908632918004        7.6782605277335687        4.5841098533357059        4.9226333966732119        4.6231210606551443        4.3457164610838008        5.4999903978390643        7.1307475430255867        5.9312136070783898        6.7015907631053526        8.1393944030064400     
   6.6987943325255319        3.2791990676464851        4.4600396910193139        6.4745220033982749        8.0705831543156386        6.5183332587121052        8.9163997068379803        8.2395648746467636        6.0595030745730947        6.8227817535882584        8.0870095161081199        6.0461714530040522        7.0934146501842026     
   7.6031422525702714        7.9343585680050062        2.9342521582183982        6.6116603951541713        8.7044690514827234        11.440775811441821        9.9900514065365389        6.8454717838187555        8.3586665454483757        10.600262863981518        8.4023955082251351        5.1730781340033545        7.0216551544908832     
   8.1568626170790994E-004
           1           1           1           1           1           1           1           1           1           1           1           1           1
   8.6038806992964879E-004   3.9119626082005665E-004  -5.2140887696995315E-006   4.5769180734807398        1.6709211920558744E-005   3.0621349154223222E-008
   1.8293172945839222E-005   1.3285474702713833E-005   2.3075605249857512E-006  0.81023375931760377        2.3069135651001979E-006   3.7695070915940914E-009
   7.4287729471975983E-003   7.5426320646345548     
