   0.0000000000000000        0.0000000000000000        0.0000000000000000        0.0000000000000000        0.0000000000000000        0.0000000000000000        0.0000000000000000        0.0000000000000000        0.0000000000000000        0.0000000000000000        0.0000000000000000        0.0000000000000000        0.0000000000000000     
  0.25297688086070830        1.3908194150670087E-003   1.0943257096367676E-002   1.8359323974929467E-002   1.3068367115956714E-002   1.4075933534388393E-002   5.7217199011971509E-003   2.1958738995120162E-002  0.53550997405804246       0.21977262949852930        7.0017667895147878E-002   9.2858421080396908E-003   1.7876717693347741E-002
  0.63638871509455797       0.84458815701058065       0.84336326283695762       0.75926774319516044       0.70163277984858008       0.84396508275199034        1.0132248856634534       0.76531202666082787       0.60334583116034768       0.57201861589340386       0.65842810766718818       0.65958893695837384       0.85667103404576139     
  0.30937958623842338        2.8497662111106525E-003   2.0473962407095939E-002   3.7679042286946525E-002   2.4874596725987963E-002   2.9516976136334902E-002   1.1403254367336524E-002   4.2256886403916560E-002  0.63085527090900895       0.27149743324671677       0.11496928731298915        1.6587853003565113E-002   3.5525464730656611E-002
  0.83049199686753106        1.0678687150591124        1.0184232004139171       0.78679600570956509       0.63244819730975177       0.78419539488208445       0.87060697734426207       0.82834251145766813       0.81167572375763386       0.75034601145797863       0.80186325818046589       0.68034992415255113       0.85735640900344168     
  0.33620866296191887        4.2582577232047943E-003   2.9097864375179451E-002   5.5170221865521320E-002   3.8529364161118212E-002   4.6285889831874816E-002   1.7569275879961533E-002   5.9728862617372661E-002  0.67544427920014427       0.30726859869129342       0.14666042150481007        2.3284928710255042E-002   5.2540958146611333E-002
  0.84373343964150449       0.79712624584692227       0.88949261102559207       0.71222786018959272       0.79757555231594846       0.71836330972771245       0.90271642713450284       0.68429980907668719       0.80944201039117269       0.79865938337620812       0.69104294970676872       0.59384738375494972       0.87388097012902255     
  0.35801148327853383        5.7767578902495837E-003   3.7333501936485589E-002   7.1784700771282975E-002   5.2922128436735272E-002   6.0463400279234539E-002   2.4300315858389893E-002   7.5943487454658537E-002  0.70366685887101943       0.32844183377378988       0.17708651727386879        3.2317819811691455E-002   7.0135689787803698E-002
  0.79739460628743730       0.75098929061330100        1.0646762451814094       0.89269173667097090       0.89542971798887017       0.82206509031149433       0.84653567852639178       0.86045931389580155       0.80084054728390663       0.79183049676949879       0.62473834114168358       0.64121190590480892       0.89844909393072192     
  0.37665642065624594        7.3782861857118621E-003   4.5562261711658322E-002   8.8090747456760904E-002   7.0090722131405742E-002   7.3059933317739828E-002   3.1020901892278799E-002   9.0134883680881822E-002  0.72527514334338350       0.34618201526359038       0.19810805638533507        4.2229074764912625E-002   8.6499311840363996E-002
  0.69316703441338900       0.73909529712839139       0.78002858881018355       0.68041879150438378       0.86593705122760112       0.71036583297807743        1.0586032171920732       0.69002440776987428       0.72278204628806664       0.78641803286826906       0.65447625413619126       0.74785164798623183       0.73398567029623685     
  0.39490149891567594        9.1601974525003828E-003   5.4016357912684276E-002  0.10300276736356595        8.7653484207450449E-002   8.5321303880317334E-002   3.8623463909317535E-002  0.10281858772338777       0.74030133608919546       0.36051964293523647       0.21431324410453656        5.5379487118298792E-002  0.10278341330828737     
  0.82880013531350150       0.95631603268392751       0.85537061503658229       0.76550364632475365       0.82621175995886231       0.73437707893682591        1.0109653582215905       0.67624069287329547       0.65908100208057541       0.88867580140572255       0.72512665038101998       0.89896131165420856       0.76641967853361370     
  0.41324134685744746        1.1130562773480171E-002   6.2360366081088074E-002  0.11732109400881784       0.10368090509468685        9.7130991221832372E-002   4.5423626340861473E-002  0.11543603678805980       0.75644184498155098       0.37349661380413351       0.22912589566116634        6.8830310684048782E-002  0.11821335616546701     
  0.70955865999691148       0.73781703195800541       0.89434313436607715       0.65995808797662991       0.72022306698595195       0.77854106553452895       0.68291489242126324       0.57927830515407630       0.72998760661448947       0.75263010353804460       0.72472867981905265       0.74679689177708186       0.83968562179750295     
  0.43136854922189360        1.3272436725017257E-002   7.0586749164194593E-002  0.12905964622024849       0.11904557821291370       0.10992715630835155        5.1702999226022395E-002  0.12924070054305797       0.76966427354329991       0.38459561633638761       0.24473906569335807        8.2408072848566702E-002  0.13430273163172615     
  0.66803865264715201       0.79247416068260867       0.91884214049328417       0.74915737387904269       0.79435308777098101       0.75638555644289884       0.93494100975141448       0.71527476181442395       0.72811919742094833       0.76054345716529181       0.86053391152509828       0.66444430892522388       0.74801294057177259     
  0.44919151312280431        1.6140922918762443E-002   7.9325384481995345E-002  0.13656223553259997       0.13426468292477686       0.12491931251781921        5.8380926661419363E-002  0.14393687326719634       0.78192454440907055       0.39601212722514328       0.26067084855739470        9.6546283293410945E-002  0.14931710826598496     
  0.62874326514936851       0.72226866591120731        1.0570823687977586       0.63576493490406183       0.71483278100858438       0.71758681780189493       0.85036468574045898       0.76510371099894736       0.81942770200050041       0.82347169578229451       0.76085045912859572       0.72078706344344223       0.82368736079895577     
  0.46609715371984312        1.8909147733776607E-002   8.8629413397242673E-002  0.14496681241783771       0.14821121554626746       0.13981022174672558        6.5079319975325428E-002  0.15886990328845244       0.79314923179849062       0.40743482838928846       0.27572473410167986       0.11116013843664188       0.16461310624512754     
  0.69221342073538394       0.74434837138330434       0.78698095544809044       0.69661411361144743       0.85134085104607637       0.90316378908742512       0.91854778483965527       0.77468659271198126       0.75349669284216902       0.80698213733283508       0.85686038291456124       0.77802519302273254       0.93108197152654293     
  0.48066279470492074        2.2661162814206395E-002   9.8385390828953659E-002  0.15364083852724741       0.16180616871875866       0.15467501360944907        7.0125748862915505E-002  0.17470327821308598       0.80306101847745992       0.41934221848531578       0.28962653941909328       0.12751772201218789       0.18159196600894673     
  0.66285824335260557        1.0181609275416681       0.76594044063318190       0.74750846360122158       0.70800247657529514       0.79352676489347429       0.67859735574385893        1.0048023498866732       0.92403750494540970       0.86361852049481735       0.98655642594710824       0.81202943323050092       0.75809631012354006     
  0.49380092380428620        2.6798759594475086E-002  0.10798482462699750       0.16584947957538893       0.17561840347000360       0.16908996606893187        7.4629635511630127E-002  0.19035848367418823       0.80980865472811614       0.43053645085535708       0.30277282940328504       0.14691008705546477       0.19953603515891497     
  0.62247551147275049       0.92463934284700156        1.0321227517327538       0.71444574147851403       0.81226016391241340       0.81657874918565254       0.73841584918594294       0.90576603986468607       0.74538458512824723       0.83607636413171993       0.78955476729439167       0.77818398842446768       0.75002497018126180     
  0.50954223812446386        3.1002397402581674E-002  0.11671369735329259       0.18038799437902645       0.19005538362529706       0.18426678448565142        7.8899965589442816E-002  0.20567859078108863       0.81662308510172277       0.44080351054312961       0.31553876696186006       0.16553833200565568       0.21877506404047894     
  0.84833321693119523       0.86270764168269609       0.70042349263574677       0.74677699435661304       0.94250995533480209       0.72971284898166233       0.72731031007052027       0.81314328531179514       0.61483067661634649       0.74269340001580753       0.77514819389367351       0.98953931429663711       0.78408244251578851     
  0.52797396277276609        3.5427652108233253E-002  0.12533365981339889       0.19650949430947412       0.20563982287471130       0.20058981459517872        8.3459242666587025E-002  0.21917256334240551       0.82381592428095485       0.44950761661789723       0.32834019918598689       0.18234183527763942       0.23870945252310757     
  0.81466770514102682        1.0513651647421616       0.74378303900005072       0.70790763508839072       0.80331204213046947       0.66360887197790908       0.80643315514197378       0.75516401850404302       0.70602505133274496       0.80172294218817119       0.75997084654389013       0.92363764094521794       0.75481656130738883     
  0.54909302539673566        4.0117054480606040E-002  0.13425092393001348       0.21106837561528841       0.22092020168947782       0.21901378871695704        8.7358802953092549E-002  0.23219077146629344       0.83157616793556199       0.45751645610044761       0.34128441964922018       0.19648937317297566       0.25662786793897707     
  0.74697832364641503       0.95049794832958612       0.81109489835093751       0.70168301795435684       0.76555849660835973       0.76735205700966291       0.64255011448400723       0.61064209338693154       0.71644650078314354       0.76975727813179917       0.79271709296766735       0.74450364730784058       0.74889650729223201     
  0.56628097908522446        4.4925062290826608E-002  0.14344913438305135       0.22559650015002264       0.23625807643880833       0.23902323762841138        9.3030873583378790E-002  0.24479532698297210       0.83933904961592831       0.46515979147579939       0.35393742170528342       0.20875839732794077       0.27223777097095181     
  0.94073729743655643       0.77957078275762537       0.73580406999363368       0.83318605143273550       0.75505338131212418       0.94876647184823126       0.78739281629473212       0.79838901122534733       0.72349886568308330       0.69232106928930592       0.79934397079704633       0.82679830046777636       0.82223744951169908     
  0.58110662640207367        5.0265542644258199E-002  0.15316956390160485       0.24089939863852231       0.25197103327614784       0.25774185266922756       0.10086475730413251       0.25796544089892148       0.84683245884850700       0.47282004872074651       0.36650193484049631       0.22353415430208801       0.28586769384935579     
  0.74314420243794410       0.77396233897200239       0.90172073257725505       0.91025068139491239       0.81147766581396241       0.91284429879298046       0.82007513617742656       0.76608960831945594       0.85158017423373267       0.69227093141938756       0.75611423056185356       0.67919436261239352       0.83069086300693207     
  0.59597971373057224        5.5078448609811981E-002  0.16201974970487992       0.25515613873822723       0.26761954455026610       0.27563707438393847       0.10886363289419235       0.27132016431796718       0.85363949699576425       0.48040909746080690       0.37934691657373704       0.24038877209645901       0.29899881172563364     
  0.70838658644382158       0.83850463025532829       0.89507913104754533       0.71540900266340901       0.68751025431420143       0.77685020428514828       0.90470564939187625       0.87655191935246746       0.65935801793202697        1.0060179694756979       0.80067163057280089       0.68946356603018355       0.69876916063271410     
  0.61183451955834811        6.0260748461076583E-002  0.17040220438055595       0.26894990028281546       0.28247826006089366       0.29166730280966524       0.11722617082500118       0.28461687588358309       0.85998485963698912       0.48817944407018971       0.39172807311630770       0.25799913275890635       0.31244364652467593     
  0.96078251843877538       0.75245720563479557       0.70397980837863627       0.69042162286361819       0.79130367955839009       0.88834031624969267       0.81821881258753637       0.75960624395262089       0.60576943668093364       0.82390651916758562        1.1178059285229287       0.90577349046982114       0.73397171841163888     
  0.62633963478466348        6.5539570986982709E-002  0.17858275637505155       0.28189433324930030       0.29341826988646824       0.30572880353436116       0.12604031758174025       0.29794495837506135       0.86611243541294758       0.49663840461487635       0.40351824254969698       0.27589739014910142       0.32882536052742400     
  0.68332833729337072       0.79165411375094619       0.69449313085100350       0.69248448800445628       0.64702178186626658       0.67945352663921876       0.80872686899144219       0.78422860804103922       0.84970255980320486       0.95130310251433992       0.88115656035093970       0.82677180897019875       0.85575284173910893     
  0.63916318192876442        7.1347691997732998E-002  0.18727828111432371       0.29408405311543118       0.30335090432805795       0.31671880712466605       0.13513753931181854       0.31059146021445405       0.87217371306166491       0.50474570966976284       0.41579826499146172       0.29369078498862233       0.34489536142282817     
  0.74233485502676078       0.78526762779690418       0.65771838759462264       0.73219338733028216       0.70405933046219304       0.80251008576966498       0.79431767022316035       0.80278719855374248       0.71783009525471975       0.73390246713439600       0.83988685378097827       0.95660753191775449       0.85137596724655962     
  0.65515709840430325        7.7179649443357021E-002  0.19631575055487527       0.30635938069127822       0.31075577287793038       0.32492912701007448       0.14454155589510539       0.32267641121230672       0.87832659533339630       0.51265966322192402       0.42800870166078925       0.31154876646494600       0.36097607532115050     
  0.84714255702816310       0.74522623795108978       0.74210612037241364       0.76451217541313266       0.70797084970422586       0.63573317351682468       0.91760144301461977       0.86609558159003508       0.72257819343060936       0.80480106138058227       0.89727368041082933       0.86277231992029180       0.89971665654841249     
  0.67039508430245798        8.3033792369021642E-002  0.20617772602895368       0.31948087682093862       0.31928452329838075       0.33407090710563075       0.15488971063250329       0.33560869228004186       0.88428480320033620       0.52008119619354798       0.44071971127246468       0.32918730088444065       0.37763919282900688     
  0.89763012010276078       0.86358023022689634       0.76338659163267497       0.96190055112743478       0.63589435656983562       0.78172172653190131       0.86369983830116548       0.97846668376125456       0.82290688258078670       0.87772967624571685       0.81962795289542123       0.79199851847283187       0.92409447127664435     
  0.68563139199270995        8.9602792048051993E-002  0.21744191822907694       0.33304455646054815       0.32691726640387703       0.34345233529221036       0.16610745064966842       0.34799197686318700       0.88975039949358936       0.52709488092520573       0.45390114211317600       0.34684857860074747       0.39561768259621960     
  0.89612155266119620       0.67508989502326799       0.82655382533356458       0.79197911998969694       0.62214072916559482       0.73623151583618240       0.71283630609983528       0.91009983717334064       0.85370962335383394       0.73636045176887155       0.79841435779757475        1.0320473471978930       0.86559001171179384     
  0.69829825054684302        9.5903162347524676E-002  0.22811354977072712       0.34658979389913164       0.34223973823871107       0.35727224533698726       0.17752501953572045       0.36050765099182452       0.89470966780984584       0.53433278051219146       0.46765304949975123       0.36539860655598261       0.41139233662816904     
  0.73617322388946183       0.69360775029196498       0.61466979807497368       0.74677699435661304       0.80411103578592102       0.68858772824283543        1.0187791158085182       0.82453609258894711       0.87119040454219776       0.76143973030804668       0.81231343576230597       0.69723673786695495       0.91042356105281730     
  0.71075980761232704       0.10311997020556062       0.23694037566823811       0.36077189209512500       0.35721372598548295       0.37502106944415392       0.18821005882285158       0.37135505528671198       0.89939835205475716       0.54049045062512591       0.48146577116720141       0.38277405471585868       0.42651164843804351     
  0.71316671277495980       0.71986962847500646       0.73310044626132098       0.77747371222613315       0.75027647185666391       0.86869959873298463       0.81017652254005224       0.69701827426294649       0.78010222826578990       0.77976926561515636       0.76049134209558622       0.86540356559639786       0.90025595780778045     
  0.72292587709465950       0.11123184781923334       0.24593289704364624       0.37714946310620945       0.37163259278925503       0.39256912384607934       0.19781995727255042       0.38322511488637578       0.90362063032863205       0.54831211957823300       0.49424917112884864       0.39874176925021615       0.44097195323202515     
  0.63901482095394346       0.85294357103689222       0.78500094118149688       0.81127750616506833       0.68804769006751476       0.90435826936858754       0.83786993779057073       0.66613687722509962       0.69991159274773074       0.71913653492779495       0.77916023884278607       0.73657556999049956       0.75827408647187566     
  0.73465361920470651       0.11994950686925530       0.25541141803380391       0.39498041032351450       0.38579149316637906       0.40965064768469789       0.20734256226435774       0.39574833214960625       0.90765118996104910       0.55641585546490036       0.50641120570781428       0.41393980507225614       0.45592467460462155     
  0.89555902780243324       0.67199560173163697       0.68761962978601687       0.81579221191826223       0.81848058987886430       0.87887290282752306       0.74995612517288113       0.66188039455943748       0.96715940367101294       0.84895022296823142       0.80079491795837288       0.80490042115123472       0.78628423792967339     
  0.74573248178211327       0.12873021560771228       0.26589687652237060       0.41142154498512551       0.39916047174760660       0.42485215985665153       0.21682494165898233       0.40919049153374026       0.91022899244186595       0.56546652856904045       0.51889049466722847       0.42927328512006396       0.47126153733048998     
  0.67500829781603300       0.74440726205901353       0.74772113004174934       0.87498937033212076       0.74960807397191176       0.69715207730463014       0.88148305665691840       0.74258963243290566       0.64988228847985285       0.83117570988195433       0.82588399198762030       0.84589924968604557       0.83893096056957939     
  0.75658049085890577       0.13806655670865048       0.27599504916630074       0.42635038537686853       0.41190935410638069       0.43895182710142761       0.22715190828053625       0.42466120740667551       0.91196759977539610       0.57343531192424257       0.53209805222740103       0.44600826610727284       0.48704657692177539     
  0.74382262537938149       0.84620952432450258       0.71374258253754841       0.70314397811465346       0.83711251125981345       0.68974474237484906       0.69516451418177372       0.76250316906558990       0.64785994159474558       0.75546049365786283       0.83069367690820761       0.90460607502671908       0.85504681394805138     
  0.76921383383771469       0.14823313378325503       0.28644147067942366       0.44157153289904388       0.42398162226940828       0.45164479369483751       0.23956617568100666       0.44272497536326083       0.91390594241288570       0.58132770338074968       0.54590630478693758       0.46375421793284138       0.50167232207348744     
   1.0757298617406637       0.82370476339732090       0.82233357144918651       0.74885908533390300       0.84836233758578972       0.76029757616059401       0.76422429784218260       0.79741915786303597       0.58610932547581318       0.85187996614050043       0.80437546301851881       0.78253837684664573       0.88824260746800965     
  0.78279154129794182       0.15894533269264963       0.29669261826727367       0.45745123747904826       0.43621530491031235       0.46404014834282248       0.25182169987855613       0.46150495004064684       0.91586332360887368       0.58928680071280148       0.56039975953618359       0.48242790922998385       0.51471102934188362     
  0.76085936135855481       0.76478663183896478       0.77611555512861330       0.73455184216352643       0.83898653851224103       0.88832285370213004       0.89133596868246590       0.78967580654938152       0.61930581759214132       0.91458656974792174       0.79434830887115704       0.76651382780069133       0.74390931302309737     
  0.79603645984277960       0.17016822676500279       0.30739448607082775       0.47367914948458867       0.45038044222015028       0.47889928296036999       0.26302719712587219       0.48168846156383693       0.91855489665676104       0.59747050722960138       0.57458946573040293       0.49971440474648909       0.52891281416282898     
  0.80039066704848816       0.75624508555231840       0.80191404501628116       0.75987641074796575       0.72450264447742330       0.65270709804443949       0.70347457028339044       0.69766381685699386       0.83726663342195018       0.88853643726056064       0.81297481433945451       0.79869470296318634       0.62587499125695623     
  0.80661524720054789       0.18225908612852587       0.31851118209801055       0.49019560119095568       0.46918704033970532       0.49398204956218617       0.27370254160928292       0.50360205995849094       0.92180122636961359       0.60613009449039756       0.58834121856804611       0.51513456578283068       0.54443376483911310     
  0.81510479564286142       0.84454896993464845       0.83706934675486389       0.90046921202592445       0.98976881621901625       0.88233537472835988       0.70375380919942343       0.72015615170118108       0.69171254610019317        1.0024965874201752       0.75560834447745473       0.82111769988417116       0.69408843651251972     
  0.81530851759189771       0.19584908516823857       0.32952192586613654       0.50670181901899602       0.48948147411701359       0.50890290476247979       0.28546383031063416       0.52771715937550034       0.92541715735814922       0.61498034935024937       0.60109841368231742       0.52997073648411197       0.56034951325323301     
  0.75446954792606191       0.97090039551802332       0.71945908829379013       0.88926977497664539       0.75933872356703969       0.76089769323232348       0.65156110192046446       0.69274211870053859       0.89751813616171683       0.85043223101925258       0.69461558119071631       0.69923623277759450       0.78130830139312302     
  0.82220627113798561       0.20810077667594298       0.34092579154013974       0.52359924448616335       0.50837910981260159       0.52488413019227553       0.29880242969797355       0.55056168365822489       0.92904583217918901       0.62433657075419602       0.61479014293046663       0.54473408244722832       0.57913591483535154     
  0.63233576366591027       0.79583049964119479       0.77409298430134510       0.84599280660744069       0.73993668924663070       0.85737300607138378       0.81068733731703013       0.77089718252897765       0.77301744375266157       0.83794594943396783       0.89496364934469352       0.68881957008699879       0.89982101599712616     
  0.82797645021452304       0.21954848834665402       0.35372569157505129       0.53864061021004905       0.52721214937726324       0.54288433165770411       0.31317585865353476       0.57128494985628364       0.93239472942705870       0.63463888064118235       0.62902039245595409       0.56087779094904777       0.59893698736640177     
  0.71434928358495586       0.76538136341419793       0.64936036553546816       0.97127812116087453       0.72421750349527492       0.80286921651689247       0.76015865056377574       0.78767504034428149       0.87194486921686021       0.85643007102054047       0.77557457989641243       0.96692030537301077       0.80583113752763169     
  0.83380288635757505       0.23180862643606842       0.36868937646964411       0.55407243798388028       0.54558325394571361       0.55981185946437739       0.32866084742302287       0.58969650018527575       0.93535329185609228       0.64431069337263935       0.64261905800421559       0.57632142281926224       0.61641483345201786     
  0.78970729181596655       0.74233802732369092       0.95657370471225345       0.75918413569448717       0.81282418711411053       0.66709469295324619       0.86485206854176921       0.78791002548407951       0.76901426652769089       0.80543757367391877       0.76988682916471729       0.72302521745044623       0.83724967496485692     
  0.83900889697795944       0.24634761536545743       0.38435315462884861       0.56949972878060251       0.56262785127953563       0.57527088757801426       0.34439374915479176       0.60760753279963686       0.93835193717748211       0.65282303279884890       0.65589556925038828       0.59357934124080536       0.63378248632551160     
  0.64065338639555902       0.99268696435288128       0.76926141853814223       0.82538046163435019       0.81655833192236527       0.72746147006080353       0.67216136889776557       0.87280330244681681       0.85831723221313116       0.85137104571619959       0.67771632268175941       0.73827851585425253       0.86270846827343306     
  0.84777704577834700       0.26391937340227789       0.40191165077891128       0.58451732015133750       0.57912815788263439       0.59127150638155712       0.36067868641765050       0.62415376996059624       0.94121172684510412       0.66061654498178657       0.66959677814083240       0.61165519883083863       0.64886559124381538     
  0.76294156202441099       0.69246300564788221        1.0165875717189252       0.89989550197394585       0.78439954572693849       0.84065521999711990       0.69683307497127789       0.83067644224617898       0.91523369940807608        1.0020224163821243       0.81100091305346511        1.2001105772592937       0.63628667750803070     
  0.85893941198381596       0.28169145618990105       0.42192927652271833       0.60096090713020844       0.59677156202749637       0.60706352192821833       0.37756626407635202       0.64149468772059615       0.94402609268863524       0.66813392013199646       0.68434988355680326       0.62648469035048016       0.66232828617414552     
  0.92117222603875415       0.76077232900545255       0.73541822956358183       0.72885810513101368       0.76114943544017855       0.85638177711463737       0.74437182570988980       0.96822622665060443       0.72182219502523925       0.76381855465908399       0.77891322045258593       0.80345815383315755       0.77193640207695891     
  0.86915541916918360       0.29875210660467211       0.43887664628638756       0.61776794896411280       0.61439300143575115       0.62392561031384597       0.39573251570779622       0.65871135290899407       0.94685173377932419       0.67563533626744610       0.70008238728097072       0.64019734886277480       0.67470971021789594     
  0.68650481014680642       0.98440722126061397       0.82522646709323699       0.99222946745203022       0.80181994630621323       0.79162831589470117       0.78296093076612339       0.87306829049362711       0.82816476375943182       0.71785735296066966       0.70407932805192441       0.65661869464125877       0.68915962709713952     
  0.87804638646360889       0.31582853696146579       0.45535868652255829       0.63408220273588711       0.63133381266870148       0.64208963259317475       0.41122463766928674       0.67330812922711336       0.94977741911408731       0.68337957576013753       0.71521989054129065       0.65671123221269756       0.68152024313463833     
  0.76669592702006673       0.74050748252916798       0.82048844059772530       0.78130191669271798       0.82184746834790812        1.0249196039871540       0.61094336837585395       0.78129559822675998       0.88019305256001423       0.72090585659659689       0.85818583735457021        1.0699991184870210       0.62051584872479360     
  0.88628974311669428       0.33378750783049466       0.47174875350881285       0.64927220290773979       0.65037820523161172       0.65906478534436574       0.42560684338723637       0.68734148149111818       0.95279096633524385       0.69156316684824459       0.72995844827485468       0.67275235300433300       0.69025782135322911     
  0.72393651118176605       0.67027274585828045       0.79580025402782939       0.82214637635627930       0.87422435301508128       0.90285342155363113       0.79842162977080211       0.85032064559041565       0.77446054932412622       0.71329228429156288       0.78245572326600066       0.71267090991160220       0.68412036823455669     
  0.89457286060187557       0.35322835126820440       0.48855023969067585       0.66364180312962184       0.66798221263828550       0.67360496554355764       0.44248787457404082       0.70100236598082821       0.95567339754708736       0.69978606921817776       0.74502609946136400       0.68704180072518706       0.69822636375168490     
  0.88584570479330682       0.63809666104987905       0.82373911613734641       0.79209233271444235       0.91560101191853172       0.75400416038492291       0.87010159758072358       0.75965633898637708       0.93555537999341165       0.80278933138947051       0.78480930557641670       0.81843620065362976       0.67130400749399710     
  0.90215583306447977       0.37482798170258447       0.50133364246222767       0.67765453682199428       0.68540251268237151       0.68970528213822047       0.45939600771131078       0.71501256347716824       0.95844001130798839       0.70770740891466399       0.76170544962372977       0.70116406618607374       0.70841249874014234     
  0.78322886173504369       0.71952127226466045       0.67423297494425471       0.80358409959183053       0.87394777300404958       0.72883552304368127       0.70788458114466501       0.72379401392808429       0.85036520191031950       0.82980003317745954       0.73943198261961118       0.77996993719720731       0.61014467882457446     
  0.90934348034190438       0.40032307534091666       0.51529801905909578       0.69232630274812657       0.70296490051292193       0.70786828369549382       0.47767992929626668       0.72740746495268083       0.96083217539198662       0.71433945420444500       0.77737532467345360       0.71635942278412168       0.72212748899142087     
  0.90617982042205891       0.67254603695428594       0.85584459857197703       0.98801935076159852       0.70337911061576219       0.90173692093633895       0.82906336681127346       0.74187771598755037       0.79127230150418648       0.87481324674627514       0.89270365897045534       0.67829033451672527       0.86018969545161206     
  0.91565100823631440       0.42711393686317434       0.52631057415578730       0.70992734085796472       0.72023026559223802       0.72590559956661471       0.49631831235423529       0.73487733835649260       0.96324005736063301       0.72084649370912646       0.78804953078423601       0.73288099387771399       0.73766703978211623     
  0.77996321451309070       0.79199374479197315       0.62910337698991559       0.86415692123541288       0.87281091404866273       0.87779539143634955       0.69095072319972239       0.71655109043309240       0.79962475416366641       0.72694567347770522       0.68536098102302867       0.67684272175626381       0.87877754523769314     
  0.92132096032063071       0.45357337197895969       0.53599668707608428       0.72852472679757929       0.74052926763578319       0.74340293833917848       0.51535976603296429       0.74184479272610571       0.96571056496417329       0.72496667642331369       0.79729065894961826       0.75004728169731949       0.75351407083759780     
  0.84188858861453841       0.75815106782321817       0.67656907930612609       0.91109277850182580       0.84083402284806630       0.96074577646982529       0.85347951635805186       0.65129376344907919       0.81146093234434469       0.62416490987226525       0.74966300863676705       0.76317770278303931       0.98599005230236469     
  0.92692019089349109       0.48111892259840311       0.54506965045162370       0.74563628053330855       0.75915450890007008       0.76012077744075357       0.53674835422706224       0.74872849291208077       0.96800794941851909       0.72997047805218063       0.80500192450507946       0.76779257687673852       0.76905685051211825     
  0.76960599490475767       0.73206813374038016       0.71003938176861758       0.89133563156161433       0.95290940549017467       0.76755201796502315       0.75126232226978173       0.67192803449222926       0.81033095679264577       0.61259218803854099       0.72614141787805841       0.71149544802839670       0.82329897183573686     
  0.93247709625528963       0.51093335968670262       0.55912533897847072       0.76161681881912946       0.77384366723050857       0.77757569379067815       0.55830500032041519       0.75547251896935619       0.97014700591010850       0.73454625874876545       0.81330029604901311       0.78568995706704281       0.78526712412216904     
  0.97479038189260570       0.62098560108667300       0.82344950144035578       0.80777151795940494       0.79513773964128120       0.70326797091407689       0.76805370992246891       0.65160690543896693       0.85762387752802427       0.69494645151775647       0.69116914075370484       0.88135064938834418       0.82828470129081067     
  0.93810725536748385       0.54536811196504931       0.58224464675148624       0.77715377648196737       0.78665046246094172       0.79380253095736464       0.57982373814128207       0.76636417660210898       0.97242558982925109       0.74052230394739005       0.82275813075196524       0.80398849559850183       0.80195461601165496     
  0.64552495311205538       0.73030808346751785       0.86383805110355671       0.82402153305206316       0.77541254851025099       0.79758994022725827       0.86861470172442712       0.72957993636862140       0.97721595111354786       0.78507221337102484       0.68928065369687652       0.73083642027261397       0.82534237633323293     
  0.94383158202686890       0.58172387542452064       0.60545144167795506       0.79041056312659175       0.80159495542309256       0.80910386852862737       0.60285310216073651       0.77889033238060035       0.97464087071664218       0.74691395412127359       0.83655631519053331       0.82204751670026199       0.81922675985258264     
  0.89875342546598502       0.88620848776311523       0.62228231860472361       0.75360254977726415       0.71311308783072047       0.76701772424752723       0.62185262589201196       0.87010768911761860       0.85362397316099492       0.59545223964185945       0.86823911733682069       0.87846561604443318       0.71178841780312907     
  0.94926466923613173       0.61889625528362002       0.62822956489496595       0.80367552537427644       0.81720261174592623       0.82405792977326153       0.62976703264054101       0.79406129242625156       0.97675317800805217       0.75672031748100921       0.85357139161670714       0.83941983183868008       0.83585656934691666     
  0.78134158261941200       0.71822010165040218       0.83705053763968196       0.74110602571420237       0.77545485089354238       0.71540938080645178       0.77138114108599598       0.76524983553448156       0.87519921772142428       0.83780045024652305       0.90070086501649937       0.80756316291818586       0.74798627407075358     
  0.95474962697856147       0.65466932520056742       0.65165192574540443       0.81795090209477983       0.83327892371832124       0.83941265300666357       0.66095552661059886       0.81005018043543653       0.97888850968036512       0.76611314062406066       0.86924447414074657       0.85697655138365225       0.85079918198130711     
  0.88137122790115263       0.77194815941035366       0.76149236074427828       0.86394608833495368       0.85910104496913531       0.68977131889965859       0.87034518813085082       0.79931572629785763        1.0008107501739651       0.89948299506402940       0.88425478917588263       0.95351239201878601       0.72129806662509310     
  0.95997928352496575       0.69107275896904274       0.67387133252727704       0.83294354144371174       0.84954518588717232       0.85407752677437465       0.69067242619829428       0.82775228948979940       0.98108432575754168       0.77631100850045665       0.88326073514470049       0.87549129229713119       0.86564387861025038     
  0.90048452153945235       0.73713094470608442       0.78054403131999206       0.73013746038820304       0.66961180233725570       0.69243380254362263       0.74046415641838415       0.84271806429724894        1.0034348694205359       0.74929640562327271       0.74941340984555727       0.90778561684555426       0.73065885873428493     
  0.96514360440858715       0.73021435436761750       0.69988337983408200       0.84522693753226852       0.86681697769624277       0.87117796726982621       0.71720494113054689       0.84757408271527224       0.98334654730198634       0.78680352209703242       0.89624472526348664       0.89413972360493033       0.87948711674469815     
  0.97296887018310918       0.68789497274982725       0.72451177223448615       0.75150485822157609       0.93006903867668989       0.98604667141307034       0.73695159905622953       0.84071085506829135        1.0044162031456030       0.79757083312572619       0.77492274066349842       0.83315262717388072       0.71531014691719019     
  0.97025960639228115       0.77107302261059996       0.72716086687284087       0.85920962113443322       0.88594173396626008       0.88980263516815861       0.74324513203428799       0.86633026451153694       0.98566712062298745       0.79845265769235829       0.90802285086730294       0.91159065563538633       0.89450499618758350     
  0.71475769923432719       0.87987370197214410       0.87224956249707764       0.64886376467211471       0.75246565465430892        1.0301014056380113       0.76548180631452911       0.93790001702328585       0.98660520911273220       0.69940812081213910       0.68637963545129577       0.74697202536148366       0.63358730249292539     
  0.97544960175502304       0.81100814164346557       0.75724630279099236       0.88196937791951990       0.90622144016902351       0.90863369109625058       0.77210061274511388       0.88651433131296453       0.98787377868019799       0.81144560883749728       0.92084943282099674       0.92813141429749957       0.91150625884528647     
  0.97344900860045847       0.81925918687329324       0.99907355838918865       0.93155010115787362       0.92261753581007944       0.71894174041377945       0.80909368305538043        1.0662702765232941       0.77472402714880961       0.91171405082297896       0.85975992740978791       0.75280585189444083       0.85695594967709332     
  0.98047187644807776       0.84701405475032110       0.78933890747756619       0.90398467177670749       0.92699711893834569       0.92678000171809571       0.80724770601219242       0.90718125762376267       0.99012376916947775       0.82363664809063308       0.93512951293730973       0.94221635655777336       0.92866053602171017     
  0.92533469548680636       0.79907388724850359       0.64363689958320702       0.84527765272964417       0.88152596254024373       0.75242121185760114       0.77545553839573944       0.89272362669120109       0.87660663710336351       0.76738832433793147       0.88968525536942500       0.72900305416292188       0.83066994313597264     
  0.98511652214074463       0.88252265349801673       0.83361717647631806       0.92578572138006177       0.94752782504388322       0.94410259013289433       0.84714247273351662       0.92783342758636500       0.99242176877401578       0.83997526623386376       0.94946441785571367       0.95677074234168591       0.94671090980295969     
  0.84237303808559949       0.67043294490653171       0.77087857983727193       0.76195489607418310       0.77494028965901007       0.67398481327709603       0.74229742546168975       0.99749301908971810       0.77692877175638697       0.79074563005038490       0.77099471687824628       0.91750114063867116       0.71555763860342469     
  0.98984779724540806       0.92140461887888281       0.88120073147297762       0.94642797610562568       0.96640212989642971       0.96169266910456264       0.89342555766492904       0.95033200261945816       0.99475455791473022       0.86063360101289688       0.96466602471108032       0.97126189691876841       0.96572733146055856     
  0.86656718677232747       0.87390207038584178       0.71116301729999443       0.72461023664449509        1.0651040167760606       0.77919860391528006       0.85240474391161025       0.82175017019200591       0.94608778250002612       0.86771799383772941       0.85661335564778229       0.77522891186037879       0.95976264819362744     
  0.99471597989616711       0.96084734618641021       0.93691724652549424       0.97480743021933325       0.98271891554272572       0.98001032133297605       0.94440477394008715       0.97444512095740654       0.99708799997507558       0.90016057305415687       0.98207603664436838       0.98521774345150692       0.98259740853097177     
  0.93239456827614053       0.81976192582963503       0.77759218001283359       0.81103433579865891       0.83450326199334790       0.93584652377286748       0.69661242484886954        1.0053178468193407       0.79999413248401108       0.83045884793301272       0.88227163168762535       0.71327372755353358       0.79285647199305598     
   1.0000000000000000        1.0000000000000000        1.0000000000000000        1.0000000000000000        1.0000000000000000        1.0000000000000000        1.0000000000000000        1.0000000000000000        1.0000000000000000        1.0000000000000000        1.0000000000000000        1.0000000000000000        1.0000000000000000     
   1.0371597283451490       0.78298236362470752       0.74726459154445146       0.94047951343689984       0.79028166599988425       0.79790167951404867       0.63638871509455797       0.90711020022242994       0.66884407928482836       0.63638871509455797       0.81563532755278700       0.71398607791204927       0.74656705177310578     
   0.0000000000000000        11.082322681916319        10.682903847095872        6.1138047250407528        6.7281446039802262        6.9072224762013272        8.4214854844614297        11.588350393356444        0.0000000000000000        10.575199077541230        5.6714333558395174        7.9356699704993154        4.2660101533696935     
   0.0000000000000000        6.8326430712781470        13.314078742942828        8.9312550319527961        7.2053923135795932        7.7339611348490047        9.1832360940750828        8.4295970041756956        0.0000000000000000       -6.1618486098958209        8.5857375284853905        6.2543828809589899        7.1131598617614777     
   7.9884391799484460        3.2170423707393132        9.5247869385288180        8.0542621303835116        7.9115809418195226        3.5704443235172656        8.1777035909119036        6.2145262551569296        9.5263493202325957        6.9982827076382783        5.9205099317614591        7.9707239114573625        10.269005601037968     
   10.817074013026595        9.0620302991098391        3.0730030519827944        7.3763143593515954        13.457174207191166        8.8914188501378622        8.6479435394871320        5.8064397091862974        8.4540579254233847        11.368684764730817        4.7189575074757544        5.8828990167563395        11.746061273704852     
   7.3884738356111468        7.1681954825641609        6.7440111701626231        8.7239091096930110        8.2838653744024011        6.8360288449133071        7.1453426690178237        5.5220790467066294        7.1779815124865483        7.9103543972845394        10.764808277131078        6.9729128524960693        8.7927964288015659     
   8.5972365282157135        3.7489690042500934        6.8134740922333767        8.5773778082322405        6.5897081855658675        10.572838919445866        9.6034740354640658        9.6797518273057985        7.0005243329708353        9.2514526292029267        7.1246769028914798        12.590434709218421        7.3882271180686212     
   6.9937047700599493        7.5943490680299135        4.5140394742328933        8.4807085102154502        10.969093565199104        9.1120505883562171        9.0507382520295394        9.6629311733449068        6.2429561583153168        6.2817953854024280        7.4750910357120830        7.0558522957563499        8.9514271361356439     
   9.2300649109190438        8.4960606130526699        3.1451891171833823        6.3735432482427941        4.3464304051207598        9.7747723930783348        8.2961332226097433        5.6309334177118320        9.5497340207236263        16.196570308870658        11.901604655262693        7.0169435739873247        7.9150704734642154     
   6.6965779420561104E-004
           1           1           1           1           1           1           1           1           1           1           1           1           1
   7.4305895594982722E-004   3.2407232410875422E-004  -1.7931613983864012E-006   8.2614667189577364        1.2442409131556344E-005   1.6959560721799248E-008
   1.9835071644121563E-005   1.8953257131914424E-005   1.7210429563221206E-006  0.41088832365898570        1.7206433047623361E-006   2.1469238031893589E-009
   5.0000000000000001E-003   7.8135875936236321     
