   0.0000000000000000        0.0000000000000000        0.0000000000000000        0.0000000000000000        0.0000000000000000        0.0000000000000000        0.0000000000000000        0.0000000000000000        0.0000000000000000        0.0000000000000000        0.0000000000000000        0.0000000000000000        0.0000000000000000     
   2.1417047616439380E-002   1.3060165354079566E-003   7.8082623805829868E-003   1.4311099546818822E-002   1.8170144233529941E-002   1.8352605271453978E-002   3.9062335089526177E-003   1.5902472681094067E-002  0.26748680914470818       0.16766714822464618        7.0388761416103257E-002   1.4463380900889805E-002   1.2015600753569965E-002
  0.98763986948634730        1.5030210504146928        1.3495169031801095        1.0692959797610118        1.1693241718862784        1.0091606874927082        1.5681905929837419        1.0745449295574405       0.99943580052124636        1.0873887189252252        1.0300062182530463        1.1651116277150912        1.0546523388812072     
   4.0925675756430198E-002   2.6198899711875594E-003   1.3821828854289838E-002   2.9781833978019447E-002   3.7498998804548316E-002   3.5470971740079016E-002   7.9106814124445639E-003   3.2386199649631534E-002  0.33671054903504649       0.22044271210744107       0.11696573544278112        2.8467740237808181E-002   2.3996784159574326E-002
   1.1318313344113560        1.2545377419588495        1.1735626333002434        1.0451402905689247        1.1844304323241932        1.1041165655404788        1.0954988686840117        1.1855623606299879        1.4096930519363593        1.4070354834763805        1.1087267151988036        1.4217686007581400        1.1103479420561964     
   5.2619702572152614E-002   4.0182638941735366E-003   1.8645825976583260E-002   4.3310563321443084E-002   5.3709794241839526E-002   5.2262877696917211E-002   1.1903907613600540E-002   4.7320254581016075E-002  0.37542588290535650       0.24506518346074010       0.15571254498800075        4.1673366597707213E-002   3.5712086962193947E-002
   1.2186644924078176        1.2089381083565740        1.0698167399333312        1.0948060069881773        1.0600984031894676        1.2111621572299665        1.3346054144843864        1.1433756042652483        1.3291355968509002        1.1759740483534968       0.98446029580533323        1.3634816180501848        1.0959699731804087     
   6.5432626957958623E-002   5.5973170664392700E-003   2.3815630875676921E-002   5.7491172693831208E-002   6.9352772937359169E-002   6.8218646306675318E-002   1.5887200270416159E-002   6.1926640293819987E-002  0.40175225312182206       0.26095075136501095       0.18784695128669515        5.1674573214611136E-002   4.8411857270851101E-002
  0.98747220348547937        1.5294755195187697        1.0226886139914315        1.1158818655487979        1.0774234078873495        1.4428861615217652        1.2731903531979729        1.1836618201328353        1.0748127374809269        1.1368850216964606        1.0730930989655925        1.3371480039043360        1.0603665400438069     
   7.8956072847072484E-002   7.2649396468295723E-003   2.9750400116513993E-002   7.3358311533842591E-002   8.4289731186591929E-002   8.5321344677436767E-002   2.0159908700062977E-002   7.5655418346898651E-002  0.42073936605093187       0.27349264930835171       0.21398919051859094        6.0496652512085823E-002   6.1879471345714046E-002
   1.0087857438313295       0.95755458096484158        1.1171715622250677        1.0502536246681888       0.92593223473738151        1.2166623633761051        1.3423125583410296        1.2007461794600414        1.0453827349275162       0.96877009381390167        1.1243638562314551        1.0456299129796216       0.89888813241990806     
   9.4143429940651502E-002   9.0672731354137608E-003   3.5479831173101564E-002   8.9354037962125238E-002   9.9222855320534945E-002  0.10271152450050881        2.4675988380030382E-002   8.9065166167295179E-002  0.43775646585429751       0.28456462627245183       0.23486518431531528        6.9676996923241807E-002   7.5508001087308069E-002
   1.2246911489967012        1.4853716759122368        1.0601917887686232        1.0357108728746096        1.2557946048411610        1.1618882766503755        1.1659389240395024        1.2088300399490188        1.1829258358943142        1.1599013097774034        1.1347287194133422        1.1054228502965713       0.95108421060333737     
  0.10871613890309519        1.0954848660496367E-002   4.1437793743188615E-002  0.10596719487479077       0.11140327344476539       0.11828907570267283        2.9481047547422975E-002  0.10191244417213328       0.45314058906725718       0.29497499607720457       0.25285073162459365        7.9261548539552862E-002   8.8449488791943254E-002
   1.0967184798384750        1.2049868153393635        1.2511259060083393        1.0763467582787420        1.0986776821619455       0.99550332526240337        1.2541453102126805        1.0836548118193621        1.1674661952826073       0.95052015195684225        1.4354265514151781        1.0922493754280551       0.99278109902638179     
  0.12249469463942153        1.2891671993881837E-002   4.6842767404662616E-002  0.12300976894748694       0.12460789726531366       0.13188959413827314        3.4782850877218899E-002  0.11437401828941647       0.46873467552150216       0.30503876471448005       0.26993341063467180        8.9545307106926708E-002  0.10180377859427617     
   1.0350109473885631        1.1810740935840500        1.1574399958555353        1.0002791135461480        1.0163331285110151       0.98121108574644167        1.2297824037543401        1.0186554366242517       0.99369138697357640        1.1531563733188697        1.1908750644224873        1.3694584810240322        1.1575914752709680     
  0.13819475470865533        1.4916566267290781E-002   5.2116251026037355E-002  0.14055341102243532       0.13901019717628210       0.14535409018050818        4.0463694061221654E-002  0.12593889511711792       0.48515676663467788       0.31465704668610567       0.28494967900251622       0.10025388499473348       0.11655954073899105     
   1.0742944214050272        1.1582190274323361       0.99794404119175961        1.1248363920940190        1.1560314081411229        1.1659374166842240        1.2485989697124191        1.0171167347263306        1.0770742561788522        1.0827673115665759        1.1304757986828069        1.2271606167829825        1.1460223457290968     
  0.15467446535948501        1.7071969255483314E-002   5.7370447523120240E-002  0.15742993430687796       0.15446533935493564       0.15633476354639977        4.6716599102882034E-002  0.13596669358932836       0.49985843014073916       0.32378250194956698       0.29813551807586447       0.11143093875026810       0.13157952477504056     
   1.1297964273783450        1.1041263678046094       0.93781208687054318        1.2833924757781190        1.2189962630268021       0.98145414604141168        1.4349766695712876        1.0226231443063152        1.4057562174161922        1.1864303712047828        1.1659396876742130        1.3297017751286266        1.0611257674660648     
  0.16910426890990127        1.9315849093883144E-002   6.2954459968654231E-002  0.17446153342319107       0.17069306107314733       0.16839835082705215        5.3586742221560769E-002  0.14460886675106110       0.51257652781741780       0.33270239105073207       0.31062105854463362       0.12272354567701994       0.14809080283816359     
   1.1472297765814068        1.1972100164183823        1.1457255667901545        1.0822741010084398       0.92049624549979037        1.0233295636044211        1.4067251092366229        1.1402000121325508        1.0712360663042799        1.1852719396656153        1.0494402393034747        1.3419859464688857        1.3139078549320311     
  0.18340825970676075        2.1686085072653363E-002   6.9327265233671151E-002  0.19226254249107505       0.18725264632218605       0.18289674275205803        6.0654241613063826E-002  0.15336076849449917       0.52526517191750299       0.34112964872149459       0.32335230611378835       0.13367376228421105       0.16478963408097203     
   1.0643276255977854        1.1074049283362202        1.3041154934233121        1.1341409618181431        1.2258119113800250        1.2043098045080922        1.1160762929541062       0.99161150133025899        1.1554402405015796        1.0643023294091305        1.3254162796133933        1.3361949026033668       0.96677694825292815     
  0.19734447656110710        2.4125648465576827E-002   7.5762129348060162E-002  0.21036601892146251       0.20401618635346375       0.19989604628895416        6.7153612745940283E-002  0.16315059937082502       0.53831731842728603       0.34947730737827742       0.33703220071868512       0.14515028292592747       0.18129904514367476     
   1.0670142282772450        1.2882875759422281        1.1516955662860218        1.1144024122152474       0.96091763846092504        1.0354353728135024        1.0721118939906922        1.1780688672435720        1.0694435024451645        1.0828907475771954        1.0296156458630239       0.97213277195911896        1.2589227053450438     
  0.21335333993912867        2.6614456500114382E-002   8.2450964823033338E-002  0.22694192132104701       0.22163083817946341       0.21587334437212857        7.2931163096105631E-002  0.17449506895494690       0.55143660515640347       0.35781499683470119       0.35085781329497651       0.15575000596562488       0.19686690237397952     
   1.2412516681600210        1.1249486454247235        1.0514875919843332        1.0388927916537696        1.1646985173906108        1.2957559810163768        1.1646771357880241        1.1571033206730188        1.0395650183144687        1.1285815734763158        1.0703017511940978        1.2814033461591197        1.0774785424300923     
  0.22853644646889740        2.9300411516710725E-002   8.9304311776973344E-002  0.24369392947856905       0.23802662568910762       0.23215960432875987        7.9153857241742218E-002  0.18538497152721425       0.56346707489244841       0.36591046100652397       0.36472394162591248       0.16738660935168018       0.21244767822277244     
  0.91066558989414503        1.0656924791901854        1.1840728542513330       0.93493767250353998        1.1190955246467054        1.1487786066298635        1.4111462675726869        1.0441488599000477        1.2378862298585001        1.1753304412205874        1.3359417110714189        1.2253048478087283        1.0960364059099130     
  0.24328664148262993        3.2579425137615609E-002   9.6555620127902808E-002  0.26159554085430092       0.25368551461282701       0.24811066692379871        8.5040482942918105E-002  0.19539062591166903       0.57480853274469290       0.37383196457609863       0.37865865991552916       0.17845010093433838       0.22836903116896723     
  0.97750642921645914        1.2980461505170986        1.2591997223711355        1.0270132941527199        1.0132216805432812        1.4138752054785699        1.1946545608411008       0.89835692943766288        1.1471204024448105        1.0490799970158382        1.1689774235879125        1.0273980178705373        1.0948293117330472     
  0.25894484596481371        3.6186297743221206E-002  0.10386237867610132       0.28210616581513737       0.26814154715721994       0.26401955227761270        8.9378062089613131E-002  0.20714345722648539       0.58575780290192181       0.38177943953608712       0.39257578590783643       0.19019258796380736       0.24491876523947093     
   1.0595808929008976       0.97717702364120551        1.5131656124122597        1.1501791296925192        1.0120580476980101        1.1788768835612842       0.91515702714723224        1.0771063305455264        1.1730639383052541        1.2812136481479997        1.0928543040260357        1.2682570657263166        1.0771766933727278     
  0.27352933641601473        3.9940701895659084E-002  0.11139641183647937       0.30406814289532014       0.28303740417847173       0.27910946805815240        9.3839684218235728E-002  0.22001806996062589       0.59599698304207105       0.38973752672969542       0.40641697471552596       0.20294477944799311       0.26166122952095727     
   1.2002570124721590        1.2099573039181244       0.97044429093381968        1.1845001886431878        1.0564292185930475        1.2041757273626530       0.87871815501605199        1.2739187260493212        1.1864960489562264        1.0021690937081087       0.93887494925523651        1.1336604474428154        1.2456597058212084     
  0.28819356123093104        4.3700604799837936E-002  0.11907758874146820       0.32462151371769715       0.29891581805324746       0.29443390746493125        9.8365402076097674E-002  0.23393432417120594       0.60437893672621623       0.39646545781260534       0.41994176408357969       0.21517425369222265       0.27844289313458853     
   1.0443222900478955        1.1781921897396379        1.0459807570043591        1.4618920328004030        1.1263476627021718        1.0773439232299911       0.86527104357575069        1.0405587542652037       0.98861903038542354       0.97826484434038419        1.1624920618105412        1.1433763796800605        1.2066477784339120     
  0.30255946867548755        4.7472705951496018E-002  0.12678934777287840       0.34436647067514392       0.31609649744577412       0.31085457355000895       0.10352466994819572       0.24702448427049525       0.61211395609642560       0.40323706951408028       0.43358011044295136       0.22759915252397497       0.29515063869382074     
   1.2108670581045449        1.0549671449090472        1.1718488986944173        1.0901741361646591        1.2085467048714484        1.1114841154234023       0.97632053938316588        1.0098801603311200       0.90407479087188014        1.1668406176904669        1.0556733113431465        1.0580839594166953        1.2183075561354408     
  0.31768618197572102        5.1515689551777703E-002  0.13439336545405886       0.36450072287366869       0.33411298082269875       0.32755689805832600       0.10989713682952713       0.26005170517295567       0.62009137952771964       0.40959591349339058       0.44745038129323123       0.23967316873452393       0.31142878600982021     
   1.2017861269177590        1.0398800404064084        1.2492022890243524        1.1394279956208231        1.1514794949233911       0.99960596117862055        1.0672190374632777       0.98867506111096704        1.1762021040142943       0.98691933929785169        1.0683760552810531        1.1483378910448803        1.0245254058764490     
  0.33306916533485476        5.5888482117879640E-002  0.14217286876443122       0.38486897653857283       0.35090515037255249       0.34378613807601871       0.11631219627290636       0.27374297280779158       0.62866527833301034       0.41592783423056801       0.46069625549473109       0.25324738218791454       0.32853448500369936     
   1.0838046121241947        1.2790647577285341        1.1117847810643098        1.1194792389698285        1.1422169761832150        1.0490360881548229        1.2357496241658836        1.3490361186304878       0.93857206804423965        1.2204516094671161        1.2354837514467767        1.1458531182595730        1.1273348774287211     
  0.34835461457045291        6.0649737097928466E-002  0.15004151533735721       0.40568991736975352       0.36776969857781810       0.35943138719958556       0.12289368707229659       0.28816112618983536       0.63796080390021059       0.42324251592416029       0.47340182542753911       0.26709624259463433       0.34589476647998108     
  0.94245763392467019        1.2874315235998293        1.3604346638435407        1.0545201132372741        1.1402333868035697        1.0402454795787563        1.1333554730210826        1.0253338795000682       0.99621488778700251       0.90684630412879375        1.1899337239874674       0.91069428406334740        1.0882972917002574     
  0.36286200720686757        6.5560197141237175E-002  0.15813556081239752       0.42691126549795005       0.38395503038303641       0.37459713370844955       0.13025644529233024       0.30339436347909438       0.64695056510389692       0.43020156388946856       0.48632706377749951       0.28249163731751581       0.36319012277775670     
   1.1092829838333707        1.1576452888682816        1.0366079541226061        1.0277277161266705        1.0659560364513596        1.0196052549889505        1.0589452107014341       0.96174981535352166       0.93683410164249914        1.0479753754137040       0.94436826618856495        1.2414975943005377        1.1381283226949306     
  0.37765034134105024        7.0388187153382617E-002  0.16677951585606346       0.44805222433946629       0.39972914136851245       0.38939760596438583       0.13795997317072339       0.32038658656734220       0.65544751243779820       0.43594564287077736       0.49872594356809546       0.29779451981261817       0.37996018368212225     
   1.2363483692861963       0.99492501463298022       0.89780969040264591        1.2776704471803468       0.97900013092778237        1.0549242797414946        1.1876470231141927        1.3559803144471962        1.0826972784623199        1.2297275827836380        1.0951188019249800        1.1404363395523722        1.1631346026586802     
  0.39256047503849523        7.5307501480395625E-002  0.17547868191658308       0.46950414226101567       0.41613420300287479       0.40414560645575937       0.14625511443904446       0.33823503236036390       0.66379636096403560       0.44095160885788420       0.51024591142883080       0.31186461380569552       0.39592773951563293     
   1.1438878584794541        1.1072020457096905        1.0787051621775223        1.2926117086727966        1.0233441217741852       0.98555781981470070        1.0836227957581819        1.2505410718233150        1.0003881172164952       0.88531222549901434       0.96338163131112786       0.97903639674627541        1.2266549033653076     
  0.40805835484994063        8.0236574565972288E-002  0.18403093374794094       0.48847378160298793       0.43229402257009913       0.41857450536162127       0.15479428876698573       0.35714401215432739       0.67194718708659085       0.44627214046103442       0.52172770654196987       0.32480358842382567       0.41154006202539251     
   1.1509429511221507        1.2459871432062131       0.99895890070112348       0.96704524788439383        1.2322494321833144       0.95512036013626667        1.2159695830332748        1.1939571994504075        1.0594806854069312       0.99256295453699761        1.0998557444050390        1.2172099117037127        1.0670829490062446     
  0.42393781638778338        8.5153432334835355E-002  0.19250817975009404       0.50719123620418971       0.44727117053392051       0.43303391930311697       0.16282602429493737       0.37698238143145330       0.67999681778088394       0.45212578929564645       0.53355036010320023       0.34187125020393899       0.42755371156100480     
   1.0556967331048632        1.0825518582540756        1.0543581401162627        1.1275279188399052        1.1763115294205593        1.0686544369341791        1.1294218010667374       0.95637819102801924        1.1203643884879708        1.0595428383775631       0.95676239564328158        1.0963387987209623        1.2832703452662162     
  0.43975224823397308        9.0249525239145464E-002  0.20084069386146836       0.52602696523713577       0.46232971269527906       0.44792619840085524       0.17155324096088342       0.39995753467888717       0.68831360400007924       0.45901585007500062       0.54677750230957345       0.35852700799036935       0.44276581492215628     
   1.1810136383279690        1.0628538608958225        1.0185046985166013        1.1309307275836542        1.1501089612343109        1.1957412792220063        1.0395300534480398        1.0791957054415973        1.0397696402137513        1.1888871187064662        1.1139420970271880        1.1960069361025434        1.1840742953590597     
  0.45609728175609526        9.5824575096324624E-002  0.20979645701173447       0.54474761834080021       0.47793785523286902       0.46266609952565219       0.18030681742470525       0.42631773769830356       0.69675439293192343       0.46597053084934031       0.56079649020291178       0.37607842124013435       0.45845500467357458     
   1.1482228172156794        1.2626478500849485        1.0389937096163675        1.0219983247260616        1.0734627018801430        1.2170621090683127       0.93344623803821125       0.96449931996753535        1.0938728396970976        1.2028999401331575        1.0347023449038668        1.0978019050647052        1.0679607928561883     
  0.47229982728540060       0.10185312402564831       0.21855723325456661       0.56342736820149886       0.49507001451064797       0.47704711286969165       0.18948591310677976       0.45669456077584686       0.70461760529781947       0.47265741522830051       0.57551625416740415       0.39444055432769531       0.47321253050013462     
   1.0882407473787998        1.1228535428100275        1.0514390627751649        1.0498974303572757        1.2855728293223643        1.0263657130581205        1.1937026449204406        1.2923198774510367        1.0246535015981040        1.1350445581185811        1.1509149028663643        1.1800142424670976        1.2266134222471927     
  0.48753254344915908       0.10833624269815027       0.22737034403484133       0.58236370395914916       0.51206194983311659       0.49035158559579034       0.19880495819182101       0.48897654243109712       0.71123720539255531       0.47980131448320484       0.58972884437207984       0.41277455937229107       0.48844077387131835     
   1.1327831755090354       0.98968630230321308       0.99114993239935878        1.2188631888524655        1.0720959753293335        1.0672143910341809        1.1646590715680465        1.0810842392897488        1.1069411577741159        1.0215412144531604        1.1292606881768144        1.1264978842614795       0.96012047056863425     
  0.50237380305491952       0.11544975279875876       0.23655450850483620       0.60151137450600756       0.52720426159985012       0.50395138967706310       0.20930230494417748       0.52108105283002448       0.71844683565607848       0.48742352030710284       0.60264354434394141       0.43105796452316020       0.50052818692518763     
  0.99641077952210766        1.3552649894763626       0.98761506989175629        1.2196698203320901        1.0680510711674063        1.0301412626585245        1.0275917312505991        1.0700673941388126       0.97285938154170981        1.2650347153315824        1.3678498044218683        1.1728666578379057        1.0829952399504683     
  0.51732176479539438       0.12297585632959457       0.24567667306259580       0.62031384142897150       0.54393808764805263       0.51929725816862760       0.22049751848307814       0.55176974666249912       0.72703608403496622       0.49498690148193908       0.61557582971136138       0.44969198888415374       0.51218100132958699     
  0.99441457398193500        1.0459788257290437        1.0608422773656780        1.2287281980193425        1.0882641714233785        1.4492622126482790        1.1844490788201789        1.1489996423600761        1.1719796906553404        1.1038317304967047        1.0406445378558939        1.0408571025237912        1.0865580578361813     
  0.53256391833801819       0.13124472312316524       0.25497863736001164       0.63759009371078290       0.56232652257416538       0.53573622684801581       0.23097152986757308       0.57971160326248261       0.73628463142685829       0.50264103839598517       0.62972577584273404       0.46792824093753788       0.52344496482125114     
   1.1130505271972535        1.1122883150226861        1.1652396622759118       0.96799809512309398        1.2554491695729932        1.0988264105163679        1.1501166819943129        1.0947044296593536        1.2190660304917318        1.1135038338451333        1.1722153228179455        1.2408867781850363        1.0497986507245127     
  0.54802225930943449       0.13997787164690831       0.26426358697921992       0.65425359805537286       0.58032136006833324       0.55136242239947664       0.24132226235379037       0.60415274966291777       0.74509867282475306       0.51041514651511344       0.64344835165120007       0.48415162905963077       0.53554917598906326     
   1.2216133086175009        1.1490899521836806        1.0788262236212562        1.1703392407028872        1.1455854227150959        1.3053061080135548       0.96499598729922320        1.0736991112972674        1.1328690786619555        1.1086158892527382        1.3520787475931870       0.96407260224494207        1.0076593588919194     
  0.56363935113288444       0.14897062241883230       0.27421618163946548       0.67073006888296072       0.59604655868444956       0.56742380810296611       0.25171579557223672       0.62610110879788083       0.75366062260258682       0.51800875405442492       0.65524284239690578       0.49930876116681855       0.54964616313952142     
   1.0330111174692784        1.0499289385271204        1.0836532798606455        1.2257390048705270        1.1246977308371287       0.86420498119128497        1.0276823591065836        1.1230758398219809        1.0942100163567396       0.96674076374865725        1.0308517591079707        1.0551367151396167        1.0938409105248290     
  0.57982240121715523       0.15742730621576367       0.28465006525267866       0.68555662736573786       0.61187709505517962       0.58295240775242396       0.26265750622714679       0.64589855617874881       0.76202841639071839       0.52568898703155287       0.66693456599343248       0.51456579526041279       0.56434672168197764     
  0.98259966292973566        1.0153764973423334        1.0637040983553179        1.3078799175495801        1.0834810509137311        1.0231956237891120        1.3190920404298663        1.1772161542812205        1.1404460615591399       0.94260947165364961        1.1136287079297551       0.97481531080935957        1.0356749848283444     
  0.59690003443059714       0.16532531077479343       0.29464581290161823       0.69999637868949860       0.62896663324481450       0.60057682551150193       0.27505616007536388       0.66511090363262382       0.76952772721679397       0.53350790884015975       0.67926256587180600       0.52980372961334843       0.57990027193503069     
   1.0325189416697560       0.97990955677372993        1.0525350920145529        1.0712785752364273        1.1090392743762734        1.1315445763795282        1.2260543132403099        1.0200951869269468        1.0260692894096033        1.3158195418193366        1.0752725227983022        1.0865696615427027        1.0886418269393221     
  0.61485665592059668       0.17439927889112020       0.30684949004508738       0.71504441967360655       0.64725728050924480       0.61771185260939587       0.28908311559297545       0.68308614339344287       0.77721814356044661       0.54103760388832267       0.69236082400514654       0.54531515097449867       0.59653633670488149     
   1.0813118780050761        1.0086604008257858        1.0830663058410295        1.0407989379126250        1.0923928932562685        1.3677718269754073        1.1010569834343458        1.1370797231788339       0.97774201460980392        1.2856462775398199       0.99017223558072520        1.2415876521632625        1.1857675651726531     
  0.63228750136342293       0.18498305901521087       0.31858420299864820       0.73000154628519676       0.66192957002288677       0.63486074994464980       0.30313132286102584       0.69923755362406403       0.78553167952441372       0.54801859805560893       0.70530811563942686       0.56072354371972422       0.61352999444070189     
   1.3905048994050913        1.0315279344259813        1.0177786942698037        1.1027941899839946        1.1163862206063961       0.95665341480652133        1.1341228997520343        1.1593061385105665        1.1819186437050357        1.1004629921732336        1.1817217624283609       0.96847072587207683        1.1458357907597103     
  0.64661885119609519       0.19610748797575375       0.33231971810711003       0.74386891673415656       0.67464244937532825       0.65146606561275433       0.31737683723131399       0.71409602333135191       0.79373731477041665       0.55507759939171852       0.71786656912196822       0.57574921363164122       0.63031602358007954     
   1.0566797091485645       0.98854703825369084        1.2266270537652075        1.0642800964532588        1.0806549449277663        1.0491115643172053       0.98179129872829529        1.1482319664388869        1.2072019475729092        1.0634257785453560        1.0259393074182594       0.88081437902902826        1.1361790102310414     
  0.65935992487052819       0.21038439339847492       0.34554566717216029       0.75733287856093789       0.68888972558129624       0.66733822691443700       0.33042874601093142       0.72793897312222311       0.80180350677262491       0.56199975592464224       0.72988801253862334       0.59133404126683176       0.64647218707894427     
  0.98151252801465660        1.0301412626585245        1.3990019560698566        1.0893478872646063        1.1460645795333870        1.1446430687014801        1.0303190460658593        1.1696440797307179        1.0739044475964523       0.90032159597113481        1.1226578142187291        1.1356372084062849        1.0509181364032809     
  0.67168621794682370       0.22569358423249825       0.35916667129881408       0.77123214597535605       0.70388862743046654       0.68322666203907800       0.34295672502700780       0.74122288049855245       0.80991765428190110       0.56918648589067355       0.74148669462845451       0.60634845501577639       0.66194295296484185     
   1.1282572952865646        1.0785664156539665        1.0387506450392940        1.0770715970735663        1.1219724281534489        1.0568999505372947       0.95734236982517640        1.0484765548530264        1.0209297342809547       0.97510868144657725        1.0404552480686526        1.1203950184066820       0.99786639704751334     
  0.68439533746355308       0.23842968440021328       0.37273082187943374       0.78427063118748619       0.71854936835467198       0.69920217083635872       0.35685951040093467       0.75359763588499562       0.81775770544231452       0.57691343022210484       0.75277734313548483       0.62279747354462722       0.67749033645272727     
   1.0012101246132756        1.1470465279581030        1.0612928192731264        1.0739977797143212        1.2016362068861872        1.1002994065015212        1.0325064019560821        1.1461780760951454        1.0170158251094368        1.0484076143438261        1.1155378273534358       0.94792081011782736        1.2081916922154603     
  0.69926286978463437       0.25244036410786569       0.38638615650004710       0.79601319564892981       0.73367766741566121       0.71481832894143904       0.37121050516051951       0.76562082569474021       0.82538875535080169       0.58502099327765256       0.76479254444421585       0.63987834455622572       0.69299881184762224     
   1.0707107740551951        1.0493651097632386        1.1686877390156558        1.1158080595880644        1.1619883086256200       0.93502940038597182        1.0635810038368385       0.92690359907554187        1.0028081949246019        1.2906459254935680       0.98591419210014997        1.0303181091985554       0.90168788830710833     
  0.71531112135069008       0.26867990199069675       0.39977218481367488       0.80798559773901335       0.74796700431432328       0.73006984468889169       0.38638366295105986       0.77773303695778284       0.83324870745087276       0.59316906033040040       0.77709911485226446       0.65598086476129103       0.70798265991783382     
  0.94103865218102001       0.94495051924282780        1.0998279864399949        1.1830067422269832        1.1097195505483526        1.0124712077683051        1.0139373090931263        1.0610435553429336        1.0388483199786038        1.1292334321869417        1.3016085635362624        1.0210861432882878        1.0988701064089468     
  0.73177136119046593       0.28705694786171504       0.41376848271856675       0.81977012890684831       0.76187937710136033       0.74665057062362972       0.40365831439281569       0.78885685912814141       0.84172624158509157       0.60118223884894650       0.79003687900369413       0.67213083968289244       0.72162516850474934     
   1.0883785743977492        1.1943113900276900        1.2101268719628386        1.0705019921197214       0.96988488388507021        1.1428508803423878        1.0039001646901708        1.0748903794073581        1.1389156072868150        1.0515168557078631        1.0453468796127643        1.0807377011308525       0.94170729310987933     
  0.74865643974840923       0.30765601500937989       0.42825404177120785       0.83149106062199429       0.77650539918736983       0.76346466318597517       0.42305180267901732       0.79920308641874382       0.85015941794318473       0.60951165745794267       0.80202291772862966       0.68941770590867624       0.73569768921025980     
   1.2137626812731221       0.97022216960842622        1.1222166292456415       0.98220175498044227        1.0725916778518561        1.1817854990446259        1.0642735699578805        1.0271147338603452        1.1908959710994074       0.93340700257776921        1.0791258849569050        1.0560032192475595        1.1153135535433694     
  0.76601879969644993       0.32890300155006674       0.44401365119275277       0.84424474874663802       0.79197425601595883       0.77973195894279912       0.44362660029507628       0.80962226566661777       0.85800538059891696       0.61848855788862811       0.81221382325385172       0.70666007889295801       0.75234961013234158     
   1.1310915274019480       0.98995685761430119        1.1523498539335866        1.1555155926212510        1.0688543475114018        1.1314447754257937        1.0233229510976767        1.4059301019807602        1.0574254340896261        1.2574833523639026        1.1579941576409900        1.1445611297778595       0.98749959382498387     
  0.78332403471446133       0.35269551218016293       0.46171980714728972       0.85803307142426710       0.80898737742131333       0.79660211432961947       0.46346385568847875       0.82033907446058218       0.86584783319505465       0.62779625205449963       0.82277448166253631       0.72548916280943376       0.77002965146424152     
   1.0601995989290949       0.98334858769044020        1.3482721980437611        1.1321386579298138        1.1335153498157584        1.2465747987840077        1.1445696278112165        1.0864613863593071       0.99519569688394138        1.1575406872160430        1.1003677300241961       0.94126505391480997        1.2860006969421134     
  0.80058813073493595       0.37976678865869057       0.48007853774321529       0.87131276393531898       0.82638727426972203       0.81373439429302974       0.48432422736714686       0.83194924285817595       0.87418091709232859       0.63737229824579023       0.83336493372864273       0.74502736507367251       0.78805252423829186     
   1.1665034528521023       0.97665376771950951        1.0744183376918222        1.0393353705028168        1.1342539160256619        1.1630736383573248        1.1054417163182009       0.96940022864516373        1.2267126550347047        1.2713383550471555        1.0578161574121170       0.92088533192134281        1.1698120191016130     
  0.81812734762693284       0.41073408265580225       0.49865317956200289       0.88329965358832740       0.84276223723483745       0.83130200422908040       0.50663503278020028       0.84376852653402168       0.88262489806621758       0.64678353889616647       0.84454827165939572       0.76574500254727385       0.80702980372069932     
   1.3460449624584383        1.0085034936107855        1.0827354949998940        1.0426431266018585        1.1510573509824316        1.2252490466496688       0.98834632712453285        1.0905775608333081        1.2873803280688993        1.0595698403997154        1.1353483164099225        1.0850251024137130        1.1423067342771573     
  0.83551280874718981       0.44368561338634377       0.51809518712536629       0.89461637176963715       0.85816661697953867       0.84877001509607009       0.53219780899647828       0.85642027359644735       0.89104200059153693       0.65649345763152533       0.85611579392175496       0.78749906530956992       0.82668857124086004     
   1.1098419903042589        1.1048175438377319       0.95417651214726029        1.0103861783112249        1.1971882001338185        1.0012436022024833        1.0423095211223738        1.0963952441222642        1.0681077574356126        1.1176360880553033        1.0359605961831142        1.1338874714677369        1.3481241223856559     
  0.85238872400793819       0.47896059659718215       0.54026369141930830       0.90664708997806776       0.87372653290940216       0.86421361244569428       0.55973484623105030       0.86958842393662217       0.89918025580846073       0.66598949201076962       0.86791874351970633       0.80923786890483906       0.84718227776082300     
   1.1848862289929269       0.90619095874672961        1.0698295750871654        1.3094484306525067        1.0325641373502170        1.0857332228359009        1.0014034312252749        1.1226988280443955        1.1049192181513996        1.1979364054902497       0.93701098852452192        1.0884015389049186        1.0278556748455390     
  0.86818649620337807       0.51845415082867308       0.56583254551467510       0.91766949302983825       0.88859769115013909       0.87942057416938391       0.58956195326094973       0.88263061127051656       0.90737465497824987       0.67614562915427268       0.87990037171426871       0.83117355120942771       0.86610557790377629     
   1.1477412060945966        1.1322000029174502        1.4068816212855919        1.1065178838938445        1.2035243616095892        1.0672414794202245        1.0258520561386248        1.0974013740413537        1.1053218578198323        1.1057252946744245        1.0365177562991115        1.0351246802798957        1.1334862436053268     
  0.88295221360459175       0.56571644539507870       0.59118309248271395       0.92654144839220820       0.90152858463376451       0.89445596574943931       0.62078136592610633       0.89597406586878137       0.91614542384720477       0.68868211988407024       0.89282930020936524       0.85273416828594395       0.88302041926842068     
   1.0397236146847719       0.88961554045347946        1.2236117199554881        1.1283799927719071        1.1602869184243787       0.99587972821567028        1.0445606242273391        1.0866848345144808        1.2869331115770886        1.1120930955048984        1.0134316261803948        1.0338083359757617        1.0887861102935432     
  0.89808188104133568       0.61937990261379805       0.62022125056515609       0.93549926800533689       0.91450197523604837       0.90980444185468390       0.65240292912585962       0.90962589118759596       0.92588414599415514       0.70159359467628868       0.90540694406607281       0.87232480753500796       0.89922570557210413     
   1.1172809044992404        1.0784575844846291       0.86184937144116402        1.0107337253071098        1.0917358531005166        1.0941453337328111        1.1578210290224773       0.93525086042344119        1.1427244867596476        1.0013658632332174       0.91248965815830574       0.98118446532495529        1.1941390508977001     
  0.91436460734329239       0.67851263317683219       0.65492378059306045       0.94470429268881895       0.92730611397368656       0.92444824261097225       0.68532543053094919       0.92406342440068223       0.93638572631003802       0.71490046197499524       0.91832515940280668       0.89324798768411129       0.91555419172922581     
   1.0822222565740873        1.0678894102830623        1.0109309846673680        1.1154510877942303        1.1425240210042009        1.2599768083063139       0.91370000432652243        1.1897635474895885        1.2359862626180247        1.0988938980094143        1.3196638712570603        1.0840609898732103        1.0322972336064078     
  0.93209696059361835       0.74655268264344621       0.69319027640363939       0.95407875932887343       0.94158792873349961       0.94006324712937539       0.72240001132324949       0.93910000228781665       0.94654895807648032       0.72941017468259062       0.93097290551316592       0.91479740511443441       0.93322650859622902     
   1.4111201616356674        1.0665360766821743        1.2257983267694288        1.0657354740401908        1.0322083835631477        1.0068122317389241       0.95944746869638031        1.0460140358828185        1.1681459394977425        1.2372571499164378        1.2628642851967051       0.94632709843394924        1.1699952655647694     
  0.95039741781608289       0.81412548446079458       0.73664873967243560       0.96627562822105728       0.95646296335891978       0.95557318245637202       0.76552903824308638       0.95436619193266214       0.95688226832114831       0.75430206632421581       0.94759050405326450       0.93674682406346421       0.95045765465264354     
   1.3238940811257902        1.0139706940056314        1.1748371836454006        1.1369466814023141        1.2439967848098235        1.0706908042754528        1.2001003389539833        1.2789502324624213        1.0851869208068650        1.2432684891981745        1.2034756134513012       0.95866333950045046        1.1579822262950488     
  0.96868703232411146       0.87826854352309291       0.78292112988756057       0.97813747911929183       0.97112015604137181       0.97075874318814226       0.81821735411106411       0.96957031639557190       0.96738180327376444       0.77613167609196676       0.96419361375984236       0.95950658316027804       0.96755724565548551     
   1.2576873672564046        1.0497167248465389        1.0284446602165047        1.1563742904833303        1.0274537458869704        1.1941018972243458        1.1330294944166630        1.1159454295976752        1.0999643944909872        1.0692175262700776        1.1858008645017966        1.0931760715086687        1.1699250021070764     
  0.98473524515710176       0.94342170518908075       0.86908080722955161       0.98832522179699256       0.98565799960385503       0.98547906709236388       0.89408331472293090       0.98515206675374489       0.98288215246248933       0.86327271209289846       0.98238331378444943       0.97946722646664042       0.98374807318416502     
  0.94653795630495596        1.1500713882382194        1.0475903931425932        1.1425405579385857        1.0047075901351770        1.2281494905446757        1.0148302431640235        1.2463390337464775        1.3707761693592708        1.7002699220941841        1.1652867993459948        1.0719426937904528        1.1351194477074760     
   1.0000000000000000        1.0000000000000000        1.0000000000000000        1.0000000000000000        1.0000000000000000        1.0000000000000000        1.0000000000000000        1.0000000000000000        1.0000000000000000        1.0000000000000000        1.0000000000000000        1.0000000000000000        1.0000000000000000     
   1.2161170220665616        1.0335591794189336       0.89259032417763506        1.0005370427155900       0.99924900898269076       0.99074510818017425       0.95770438511074241        1.3532812882806537        1.0944035414946793       0.83228519494867270        1.0337376407492336        1.0223903271544721        1.1948503311971812     
   11.542477611016356        9.8641720483166537       -5.7423377901044246        4.0089378775542786        5.3631336628158932        4.0911278859398674        3.9191183103969234        5.0805757038289929        9.4789403734376041      -0.23761687795378972        2.1037626060568630        1.6367051052434838        6.5969530989982212     
   8.7468935553870395        1.0547346933258592        4.6799489381090797        8.1290390501743914        5.3833406474181933        4.7999755790942373       -3.6499206942389860E-002   4.5338504011186682        5.2321635567047577        2.6061601322998138        5.9502546957928537      -0.55257074425517971        4.8507841394763700     
   2.8798010229182944        1.6544559837913042        5.4981089898956146      -0.10764632481674714        1.0478333322011328        1.1672173170579661        4.4330190849453475        4.6037830719263333        3.1349177395111290        4.5606025992106982        7.8295051367570707        4.7595267846599052        4.8283560607915339     
   6.6603163692899212       -4.5818593188136418        7.5976548744359134        5.0280972283958620        7.1404320304200439        8.9891909285015945        7.0866864084154964        5.6943556619002944        5.3652007985408181        6.2473925626150661        6.4918230215733903        4.6894281987789288        3.3617940050649846     
   2.7365043578690682        1.1413199435808903        10.663080806595799        3.3474196768200417        3.9996721351149844        3.2380570161187436        4.0700878486024710        6.2387982675581437        6.5454114298646449        4.0684916351494911       -1.2418601468050610        4.6746331626821220        3.1508106759676919     
   1.4920723525560928       -9.4887149391159866        13.380147975202927       -1.3263277409249954        2.9232433510436775        5.7969384868311860        9.3076306370137658        11.871243396368980        7.3870733378387179        3.2048525270601451        3.9802027192795109        3.2466322000887087        8.9359361122228158     
   4.7957760026831444       -6.7127581154102042E-002   11.083885866419934        3.5507380267096469        6.6709966383756409        1.6075335789919065        10.520495889276010      -0.51079682106766600        4.8238480816136180        5.5304968277729296        5.7761522780865784        3.7684209204755135        1.8137719596936328     
  0.57242712548016561        10.742929850627439        12.715116900675403        9.0094626274835559        1.7812784831773993        8.0851366032368475        11.713430006305128        1.9246191128400569       -4.6723035110567670        1.7841448072279273        2.4874487713542877        6.3241338375782163        3.1444584050690829     
   8.8291724777764424E-002
           1           1           1           1           1           1           1           1           1           1           1           1           1
   9.1001535103631709E-002   3.7761839569598027E-002   3.9650870851077143E-004   7.1667432839487200        1.5771655794679477E-003   1.6852681608652559E-006
   1.7605010921769313E-003   1.6511174976539874E-003   1.7785058152810455E-004  0.50224505674972408        1.7779005175087053E-004   1.8549824753667606E-007
   5.0000000000000001E-003   5.8430225059314003     
