   0.0000000000000000        0.0000000000000000        0.0000000000000000        0.0000000000000000        0.0000000000000000        0.0000000000000000        0.0000000000000000        0.0000000000000000        0.0000000000000000        0.0000000000000000     
   1.1770580835019227E-003   1.5508023785661870E-002   1.6951493660536193E-002   2.4296106448108007E-002   1.4236345524842108E-002   2.3844874121429927E-002   8.4445601092825465E-002   6.5806358433955797E-002   5.0280705112672075E-002   1.4867359331050876E-002
   2.0347298960974181        1.7546607298383021        1.3537061492128082        1.6605108717305421        1.3202215867430018        1.7699237950610829        1.1484857133890856        1.3781172129819945        1.8608249829028785        1.5003393222475647     
   2.3278792034933135E-003   2.9473640044682316E-002   3.3941438118910483E-002   4.8417766869858679E-002   2.8770274553407384E-002   4.7164670873015090E-002  0.17387241130780057       0.12253491767735533        9.7078321013463739E-002   2.9821445263734304E-002
   3.8289933144540087        1.5698894326313706        1.5093320002881221        2.2359815008810466        1.4737612103655671        1.7074210210538814        3.8269633627416284        1.3485289311476851        2.6713450883849097        1.4003671878334873     
   3.4276818253618120E-003   4.5164144866498876E-002   4.8653556281210528E-002   7.1196828636493001E-002   4.3469636529806240E-002   6.6133169972002331E-002  0.20261385935012999       0.16510389673787670       0.12941594975834350        4.4626622322263131E-002
   2.8339046260535525        1.7062000733835228        1.3139910666649168        1.8296872032638909        1.6284691645245699        1.4507874973699397        3.0224078148235161        1.3736722824278538        1.9766675628869432        1.6331529508079179     
   4.4825657493573279E-003   6.0828994898715169E-002   6.3884770717848940E-002   9.2707003320750297E-002   5.8168724949446658E-002   8.5114569636071599E-002  0.21658410741002179       0.20280201422339969       0.16132572972576703        5.9114586209815363E-002
   2.5970100703756867        1.5161662815838894        1.5719231260394526        1.7061223433715575        1.4145390524939239        1.5164555792761505        2.5451929853852420        1.7227702507944240        1.8993409270201556        1.7328480824202008     
   5.5979987412480654E-003   7.7535390848199853E-002   7.9363479783387425E-002  0.11154305266213120        7.3102711303204643E-002  0.10335898661059816       0.22804077425943017       0.23554467668192147       0.19131671680396781        7.3525081912589774E-002
   2.0726956968308090        1.4609448137560201        1.7335850841049536        1.4187890869184621        1.6318902808454623        1.6920155852726715        2.1038750953381067        1.6608524256276826        2.4138121220362647        1.5776386823985731     
   6.7082453288337882E-003   9.4132000878168892E-002   9.4816549631604394E-002  0.13030048078171094        8.8054968444936044E-002  0.12175518817565606       0.23778632082990525       0.26474004211135599       0.22015211778706917        8.7892728877263529E-002
   2.0667174499297714        1.7349637910384839        1.4894421292790059        1.5473245805924472        1.5252871317882037        1.7274205518796519        1.6978553948096029        1.9438672734374689        1.6797960814141748        1.6116848517143259     
   7.8282197128256743E-003  0.11046710842773885       0.10976423044413637       0.14891106705845633       0.10280997172309732       0.13964183674777220       0.24580435297864153       0.29299475308057343       0.24618678970819297       0.10330581247420599     
   1.8759663704578140        1.7983574840217258        1.7072052754931732        1.3692554735197640        1.4050999897409613        1.5165272018419487        1.4753601712610278        1.5438534585788541        1.9060645217749823        1.8537440105067815     
   9.0587740173047049E-003  0.12628951488735143       0.12477878437637722       0.16846156817087699       0.11813604460560334       0.15776296208334439       0.25323360138191892       0.31572911949617943       0.27044289340434274       0.11872171808293071     
   1.9225619535371268        1.5131666204693970        1.3226935745925119        1.3895954627066078        1.5107704552092915        1.6316767225732136        1.6024858003158393        1.6804905027790178        1.8520816597546121        1.7066208224214963     
   1.0459891895867466E-002  0.14132967552064152       0.14036955539665941       0.18849177091552460       0.13572481522503047       0.17581029559042421       0.26155508630186958       0.33703787300862914       0.29184026257109347       0.13389043954770385     
   1.5584274846299797        1.4668463426004035        1.5554797050342668        1.3126969986616592        1.9623910161888110        1.6368170044026054        1.5198639532288112        1.7471431814552374        1.3937745661656493        1.4363659879058863     
   1.1929385290247372E-002  0.15622309284897909       0.15661320458874370       0.20858376997253603       0.15317661945137845       0.19324880686757534       0.26962828641945147       0.35838565429718378       0.31213520919366805       0.14957765265922990     
   1.5837647091530840        1.4258439397151912        1.4941700377570040        1.7421776076358708        1.5245957330828195        1.7524309389160009        1.4140795511397795        1.5092125573700275        1.5844440295615281        1.4620328550395729     
   1.3637700088132669E-002  0.16986783716719012       0.17312595020234367       0.22883518258952279       0.17028274350538405       0.20957204415729269       0.27685147402915561       0.37945521419286005       0.33174140390023477       0.16699511738830203     
   1.6161645641554185        1.5154359842265490        1.4027516420741168        1.4931060553136475        1.6903051550143606        1.5144265941236712        1.3337856813056157        1.6691845488931221        1.3942335901308882        1.8357578462143733     
   1.5351597857621609E-002  0.18297368216236182       0.19001221191812956       0.24896288038675224       0.18801446350072218       0.22581657429750809       0.28396058563428789       0.40000087525913813       0.35031380612660967       0.18327567348827767     
   1.5707183029908733        1.1907413189384120        1.4955846068209753        1.7836653820531752        2.0126782281825046        1.7582363954481188        1.6455837890494882        1.5537112343893380        1.6410286736898476        1.6925780390572360     
   1.7114030170025898E-002  0.19702666887613929       0.20522171065858041       0.26857635005976344       0.20439934553972253       0.24168013385698994       0.29068252298338665       0.41858009553119496       0.36809038151144946       0.19718005647566331     
   1.6503013065172198        1.5061305926032145        1.9395599749833869        1.6458746628373189        1.5683115487005925        1.5867522997637027        1.9315440774286474        1.4556187542352150        1.4729547637431610        1.6449976720774797     
   1.8879023126219138E-002  0.21158803896455963       0.22072416604869682       0.28820639738286941       0.22014892857122423       0.25736313162423902       0.29734780637860719       0.43597063696367538       0.38554144875565954       0.21158207082942132     
   1.6971080088586197        1.3689924887498905        1.5675805880322990        1.4123367726219966        1.5962874760020287        1.9305861284968262        1.6794874811340257        2.0264079780393711        1.6813121336980876        1.6139926712846253     
   2.1364754599585652E-002  0.22660715618159116       0.23580046942085017       0.30776038875895340       0.23447382687184848       0.27181923913333517       0.30426998931312105       0.45339733319747316       0.40186128225284184       0.22682668270654147     
   2.0176474626473562        1.7381044321653456        1.5633926134303260        1.3673856429839584        1.6064430337701190        1.4973211973197293        1.4880381378643797        1.6233741014832617        1.3050557942831502        1.6278371365808173     
   2.4063165492050766E-002  0.24188217308460480       0.25078807663813696       0.32657519104060234       0.24898912942788717       0.28612171132765352       0.31144370978497599       0.47043026099698387       0.41765753345934653       0.24162673175169347     
   1.8183143241777198        1.5975491742599874        1.5897002340180206        1.4543286825537953        1.8220546213982045        1.3809711949715340        1.4876353755066871        1.8030126779552758        1.5145621304427639        1.7499096915547365     
   2.6790608131655163E-002  0.25684975445881775       0.26542879159402538       0.34540112842052473       0.26307087898371612       0.30040390577129134       0.31885347820269161       0.48775371669188960       0.43365620791608378       0.25657732751207957     
   1.4484129167215811        1.5342664541866686        1.3884252570573878        1.4657537122685171        1.4960493162280089        1.4965418223117239        1.6644446881557868        1.7767958147845726        1.3644665930523892        1.4190272295086142     
   2.9606969162100968E-002  0.27190072198931009       0.28026571448549453       0.36420408797519765       0.27616468209289041       0.31595677596595911       0.32633262470466173       0.50409004440510230       0.45013614806356411       0.27169301531514117     
   1.5671644342463420        1.4697879234201381        1.4932791828188106        1.6388985615874767        1.3059458652708757        1.4081965652592203        1.3691400686333302        1.5172850844356476        1.5000768333662149        1.9332068915200953     
   3.2768009480254448E-002  0.28692950050964705       0.29544030548573447       0.38320749813319022       0.28959801761835663       0.33234907284905002       0.33358089345511888       0.51910549368124603       0.46738630895322542       0.28720174928091269     
   1.7606086694879302        1.6869311227901924        1.3473157193267884        1.5501989735814967        1.7472606959225512        1.4838513610841386        1.7954055851533905        1.5542581479635567        1.4870555717326017        1.2896654241331877     
   3.6475478465045057E-002  0.30211208161402919       0.31124280176055946       0.40158654235484686       0.30346640213908327       0.34703027028634836       0.34082975702123297       0.53384254310800949       0.48452733588997432       0.30309278355272401     
   1.7604199233269990        1.3822635448136495        1.4456350613836662        1.6758742425010351        1.4348845270887074        1.5973734752567377        1.5861743737370160        1.4729617761051448        1.7126976516284989        1.9022810916655455     
   4.0538425939834151E-002  0.31890204179625814       0.32735265892763354       0.41972888116660040       0.31746843414509612       0.36092874923552581       0.34807192293505612       0.54818703869913188       0.50167490008113036       0.31955384907464596     
   1.2872664639548714        1.5490783254704987        1.6773204615527515        1.4681770767983076        1.4588501562222724        1.5153882233399785        1.3966894625170720        1.8261313977535893        1.3782111101356418        1.5420810421979738     
   4.4795187999623509E-002  0.33560876415311486       0.34399976629135087       0.43674404109687004       0.33173618554983353       0.37550316603437084       0.35527022989849455       0.56201805964959872       0.51816278900397073       0.33573908729494628     
   1.4434815816586326        1.7025916757785819        1.6533411010714298        1.7603583461223535        1.2624929356917716        1.4090270461818717        1.6504031636021608        1.5135119413527336        1.6741956657835102        1.5718854716698427     
   4.9093831214527955E-002  0.35270566301552336       0.36069149575437337       0.45322591251287053       0.34755978328355225       0.39065915443010846       0.36277245818638010       0.57463312803058786       0.53353843361886799       0.35072952321414569     
   1.7522261466094979        1.6493442295201202        1.5942583239624204        1.4318832909164583        1.4248969729575967        1.5024262545122149        1.6666087374348322        1.4834847322140667        1.4689258431775367        1.6371342239178301     
   5.3421996453316405E-002  0.36937380905568862       0.37722977775970246       0.46868482496107844       0.36469110301794228       0.40576020002036067       0.37047696071658748       0.58684341810968232       0.54896317509392900       0.36669532499651369     
   1.4547495285277232        1.5331806743269942        1.6923349806056351        1.3908547028479969        1.4784445298067663        1.7422361370407993        1.3741894397858325        1.4968763480915421        1.4978989078612226        1.4868903642743889     
   5.7965762991797967E-002  0.38622074382283722       0.39376941622606521       0.48398873174253160       0.38153282223893253       0.42064978244320650       0.37795561695346802       0.59864801557997682       0.56257609738200864       0.38431424689353061     
   1.4756471384229819        1.5765591152297107        1.9293809831548545        1.3917267688495694        1.5796077155685131        1.5258562825655293        1.4115184857466987        1.5510658509520860        1.4768690918972667        1.7538806201635897     
   6.3219614526992846E-002  0.40319631916110116       0.40764570491193575       0.49943466223362992       0.39833610644117229       0.43604233796151853       0.38530323443969283       0.61095713704651200       0.57629693333982079       0.40138475237452736     
   1.6033898202563670        1.4613814387842199        1.5447238003052723        1.4230995315963737        1.4563027508829973        1.4578702735504483        1.8465347439995350        1.6731413024919364        1.4002752705233374        1.5258120904981114     
   6.8938845428366369E-002  0.41992874969715943       0.42044554820854713       0.51451306451210066       0.41539139181170592       0.45036545374745601       0.39246522414325613       0.62291083127654623       0.58983443643245514       0.41860157305022810     
   1.5237173990636053        1.5192537057972557        1.3938483453431465        1.5960853012916849        1.5500050946856050        1.3979440542777517        1.6137430482378967        1.6654592937587744        1.4155597009178735        1.5829681652643561     
   7.5296874852261012E-002  0.43671834179478825       0.43444830512964921       0.53126319300877145       0.43264018055087344       0.46483513676395055       0.39951602618403848       0.63444059020120924       0.60326359042840039       0.43569486058845519     
   1.4150504184183437        1.7658646911035418        1.2996446581896972        1.3802020088225779        1.6149504760789510        1.5121694855306624        1.3331529757759029        1.4628353626443693        1.5582849878701912        1.4513896746776755     
   8.1820586370900741E-002  0.45369264657789332       0.44868837555826996       0.54852228748743115       0.44928856339153583       0.47891378672357698       0.40656254044901652       0.64618343249497423       0.61732147165599482       0.45122382665247462     
   1.3892369403513045        1.5056374952423837        1.3341698683041716        1.7415501249588339        1.7573041960897451        1.3965861089357883        1.4488482438533725        1.5730266222072471        1.4465687222035812        1.4129787915761687     
   8.8309225741549438E-002  0.46930388573871917       0.46394115688838500       0.56563158038540262       0.46545507116377610       0.49296866282614071       0.41346613189719666       0.65786886809142198       0.63113504515650831       0.46672492424196654     
   1.5330520289340634        1.4602114976845493        1.7368802962643650        1.2245964895057808        1.5154702085294065        1.5961817937237472        1.4034084774511266        1.6989059486237172        1.5478595484062758        1.6086986938451089     
   9.4737670855622458E-002  0.48443003256619172       0.47933952540493757       0.58230567000823963       0.48247189363337339       0.50563337211646264       0.42038160652042317       0.67124635935793842       0.64495001281341546       0.48163146522847183     
   1.3146672741428997        1.4814975013134630        1.6586264372176180        1.8056648578859331        1.5154259538498149        1.4676843149899583        1.3662718463422781        1.4689499984003289        1.5451546407639596        1.4494893798102422     
  0.10250394293189655       0.49954941994722901       0.49439861896584186       0.59817372741566277       0.49978172161291495       0.51897417529131606       0.42723028671018987       0.68456976416455650       0.65849178769452454       0.49684058341366105     
   1.4904361992026542        1.4258343300558869        1.5046983585289710        1.5690201385016107        1.3963078972529608        1.4867684489581938        1.2867915057814128        1.7875560681005696        1.5346949045504386        1.4885801829846441     
  0.11056125032912613       0.51629182108460692       0.50961299210843358       0.61371836413011716       0.51598047205528197       0.53396960967612805       0.43446081342013920       0.69638688363275714       0.67099697259711755       0.51198832212386647     
   1.6237071125866442        1.5241174286603061        1.7544829113777012        1.7258956713806539        1.4598880172264812        1.6335735006859360        1.4849221187897064        1.4507191555009613        1.6959160586203004        1.5054205802878493     
  0.12083126713472925       0.53345263856288638       0.52563703691238828       0.62961594447578029       0.53156783261766039       0.54878938079866146       0.44200806790712688       0.70822345008178089       0.68339979451634547       0.52729155885809875     
   1.3923044382790037        1.2900388752900125        1.5785585674481544        1.3733077877146485        2.1973207010175386        1.4290342323396887        1.6037273205642253        1.7205254058067281        1.5313252776081925        1.3065951400475686     
  0.13088212794038262       0.55092068605727995       0.54118263874990902       0.64534044506662924       0.54706838287620418       0.56387052566926155       0.44944985031869006       0.71916946122558689       0.69540158528699880       0.54277271024931795     
   1.4227225138235988        1.5724527494975500        1.6759591448550624        1.4394826277409465        1.6216620586996702        1.5430943881527224        1.5169362615128041        1.4097325411714443        1.7104520637616674        1.4321361637437178     
  0.14132934770527439       0.56806972493339858       0.55761768300700498       0.66066447274261064       0.56238181002372312       0.57868788654307812       0.45680691743232149       0.73009211726044976       0.70745037589516080       0.55890661405098563     
   1.4046456676313752        1.9704288968706580        1.5867625909667507        1.4697167135191367        1.6641789892332337        1.5719881629790673        1.5214128673908496        1.5876472287397849        1.5849948649064969        1.5557739401417763     
  0.15186799926217270       0.58558828483769598       0.57400425143694511       0.67595568481741519       0.57877883836962774       0.59291540426318989       0.46439754732584887       0.74145725301398968       0.71986347595705047       0.57576336923123861     
   1.3781869035977021        1.4488075839411862        1.7863512596146593        1.7263257707478290        1.6646402503239983        1.4389877053449094        1.5516682123643608        1.5210453910887944        1.4599832857421406        1.7703388050866031     
  0.16324357476583015       0.60323017572324533       0.58927544787919017       0.68875021712449347       0.59575548651165544       0.60723790341004491       0.47194411487424631       0.75293008345971102       0.73238706464506997       0.59176166800735019     
   1.5120421598858065        1.6207468715641880        1.6272578542334450        1.4137553961300979        2.1594528059222444        1.5749938959131196        1.2611826992968314        1.3543818608269382        1.5274714443687492        1.4082198916659669     
  0.17597158459170661       0.62102672300038619       0.60456573939806690       0.70182389688848246       0.61181845354464270       0.62192121819257618       0.47991666574582292       0.76441765730079436       0.74461908357183948       0.60695868612642745     
   1.4320234585497069        1.5714284312194697        1.4538641424400240        1.5362339262560389        1.5891101206047944        1.3655664974653170        1.3402481544018927        1.5865169952565361        1.6911069656598532        1.4987201412984330     
  0.19091365645999522       0.63914120294129373       0.62062189071550955       0.71405066961956654       0.62703417144221330       0.63693571253340375       0.48790952603033799       0.77590762422507331       0.75654785973339356       0.62267891300730538     
   1.4838899710891680        1.5462232111926391        1.4804387080508679        1.4298821371187567        1.7940371818011851        1.7170086169056948        1.5545739076115865        1.5295003310694621        1.3504799844998756        1.3309444433833222     
  0.20709039927684625       0.65698884471119190       0.63560559544305795       0.72660037921927068       0.64249016421831051       0.65200815840183890       0.49630089059995958       0.78692241508449134       0.76824714118283854       0.63879218217140055     
   1.5034024601617817        1.5754193222369015        1.3950797806348976        1.6966656608600132        1.5637323743889628        1.4174821520649412        1.4495785174445965        1.8270631073624157        1.4318116480613010        1.4211997265230727     
  0.22400473679079283       0.67485732729537873       0.65014279259034247       0.73924881023372380       0.65815522342243571       0.66698513304130713       0.50472493507449034       0.79771476457247459       0.78025161087567940       0.65478754441054965     
   1.4940982719900771        1.7543877404219770        1.5722956508221013        1.5416884571612968        1.3559148160839292        1.3673789811275903        1.8156594171988591        1.6962932162166120        1.6166458416969245        1.8143047033039550     
  0.24836104071913401       0.69093218080757723       0.66480810473707408       0.75183608730091367       0.67322378593286936       0.68189482901110965       0.51327453503243314       0.80840419056551027       0.79227730608562119       0.67118797854300616     
   2.0447000356046261        1.7727528959356769        1.5366853132677458        1.6717399562585631        1.4536812710726823        1.5346272375228505        1.2756195569886239        1.5033436198888759        1.5567160006941336        1.5046569608154814     
  0.27878853669402542       0.70682799398599683       0.68042067212614932       0.76278789274386039       0.68776603242421175       0.69818011794769175       0.52158067582128864       0.81912284456553719       0.80403512681578437       0.68804720213883142     
   1.2309165097124850        1.7573130878718304        1.4780898053520055        1.4289809635400821        1.3455190557033589        1.4087398495853147        1.4556779667018975        1.5102224272405562        1.3437704812646112        1.4677847764350731     
  0.31851273019803100       0.72186289594365893       0.69622167026419002       0.77294098127593436       0.70259187508593635       0.71479359440608736       0.52974600071525002       0.82945592500025223       0.81540831282166715       0.70396552898481357     
   1.2732471569944701        1.6746795367108172        1.7407788221843494        1.2383542526305908        1.6144449861535579        1.5304936317229134        1.4020772651806985        1.4704615657021134        1.5690830032197003        1.7252715233966949     
  0.35873943587186874       0.73682119951654501       0.71201455388318446       0.78327487430591913       0.71757160756031368       0.73078722903805660       0.53752164811115954       0.83953386887532522       0.82686285521027314       0.71915715902328214     
   1.2744599942857715        1.4608168890465532        1.4825970378727589        1.7225623941936397        1.3290982125052735        1.6701968602729858        1.4728497002658703        1.5213346467463251        1.4412711946663173        1.3506607737358669     
  0.39877167102591304       0.75231290324109201       0.72762099830627158       0.79364253993060185       0.73007508792836817       0.74638577880382184       0.54673892005245361       0.84833919626314624       0.83842404249321012       0.73466722718458355     
   1.3913515265272489        1.6804258335897033        1.8511282560324245        1.2548284255444342        1.4526308772099299        1.5800491008894084        1.5800319690047062        1.4008938784742369        1.4438054516403449        1.5954462166135941     
  0.43828559218657642       0.76804644355108198       0.74496865274775736       0.80494105334652244       0.74180912590189418       0.76179085969128146       0.55581451578988039       0.85674157770410542       0.84914643976182547       0.75071367440519043     
   1.3919386773880420        1.6975619860691658        1.5857735505105492        1.5643782917185929        1.4903203515792425        1.3822507131252708        1.5008201639742269        1.4330477767495260        1.4492950955108097        1.5922273434903824     
  0.47656692548247570       0.78360250405320742       0.76251934047922032       0.81716276205305638       0.75654007837606396       0.77696756604783357       0.56552291327150261       0.86616595890533943       0.85921001628954130       0.76734610907831824     
   1.2966717103401852        1.6246721556266150        1.4712297076419982        1.6653941325312258        1.4505658893475153        1.6575547020954378        1.6967859504859948        1.4428425275674444        1.5954989573948155        1.5834498821434195     
  0.51352253423441663       0.79940192140241229       0.77913389008066236       0.82925165891994379       0.77169408030151287       0.79202902823085142       0.57543246402280024       0.87577203264788261       0.86917047268060155       0.78342966437397221     
   1.3129589496391794        1.5639706561330278        1.6597947647754361        1.5103301019358677        1.3704440511848239        1.4582844633651459        1.4625480590581199        1.4922221606540185        1.4727113199502044        1.3451478664709804     
  0.54783736627710333       0.81537675766724382       0.79573907704542479       0.84104118757657942       0.78860028008582883       0.80710864802799376       0.58421760486498198       0.88497174696843239       0.87862767759206828       0.79771553969694187     
   1.2592223363536414        1.4524411249496896        1.5000277073595478        1.7130539662261619        1.5895048181086506        1.4500299172689468        1.4357353185063371        1.5179785264647803        1.4643268146040092        1.3213713339935440     
  0.58185050132318361       0.83126572000025067       0.81273027032421119       0.85286996650663394       0.80510269000489809       0.82211382154726953       0.59315512462738695       0.89439408327681413       0.88834474018294673       0.81173684355422782     
   1.3272724756994803        1.4964335831192503        1.5975564296519826        1.3908091655533446        1.5467009782406989        1.5624464215294587        1.2344786811156558        1.3546502852323870        1.5938555204983338        1.3334519452911502     
  0.61510567088082735       0.84653252136237034       0.83009837532954756       0.86459452323911057       0.82172462416274317       0.83713152812904157       0.60336394817685335       0.90339979595307074       0.89867518481882280       0.82553268012919478     
   1.3056825685067044        1.7366724469255157        1.8247505185512511        1.4685868104796196        1.7054183940406786        1.3552962262097243        1.4383338065855791        1.4802553814930626        1.4356480007326504        1.3936530581101294     
  0.64523277511684474       0.86155239557796837       0.84740847878121650       0.87633416650934748       0.83809581443017700       0.85186112777284373       0.61340992365344360       0.91234366934198707       0.90868050588847538       0.83974314683035545     
   1.6607904385885559        1.4874894536697603        1.5656618668466205        1.6681501658660205        1.4332955570377024        1.6896304249681047        1.3909542488936402        1.5073966460518813        1.4881101523258313        1.5559031609595819     
  0.67481600913749074       0.87639565509390849       0.86486072374518086       0.88825300498253401       0.85408542840660562       0.86675429678641269       0.62468915017652349       0.92138701305582793       0.91798502908545654       0.85460775642144415     
   1.2642940977340533        1.6287240519197277        1.4995907376673359        1.5166342298125897        1.5843729067412236        1.5750916643865809        1.4202087037630557        1.4862170375372032        1.5842892322439581        1.5614905726885033     
  0.70559588789645389       0.89124540911072769       0.88111903818435700       0.89974034582441564       0.87002520794201599       0.88198870927481543       0.63534869858756893       0.93041794743863837       0.92766647906809330       0.86952271165544581     
   1.4158248617170583        1.5833524785339719        1.4447687002515650        1.7179443142087032        1.2648270108763044        1.4784947124319885        1.6951238877112558        1.5274228194153721        1.3798425593607053        1.5767017217414687     
  0.73599076526299045       0.90410971262543871       0.89602017957563407       0.91125364838046219       0.88541071412683736       0.89718388875665567       0.64655041408261160       0.93881327108989832       0.93725234585659190       0.88650550703893349     
   1.3343968317387724        1.4233198709876440        1.5991896842498241        1.7239313837688657        1.5058448071707566        1.6011650540257685        1.4322091553742973        1.7366065135903395        1.5916822560005790        1.5885582956185251     
  0.76596416590081728       0.91687172754037793       0.91146106305532415       0.92293214543925262       0.90082807684990007       0.91240477443453760       0.65850374085232544       0.94716726953323138       0.94670818650008981       0.90344213562087705     
   1.4994419459973363        1.4489604496032920        1.5008023623710205        1.9490656119107068        1.4757103537260998        1.4821527704525534        1.3541397031995777        1.4981053075348787        1.6676863492739566        1.7348551258457390     
  0.79607071344398350       0.92903977286836692       0.92669379715544509       0.93522670784929962       0.91594820395062548       0.92721358475670812       0.67216889045836725       0.95577373879135885       0.95602796985584260       0.91934785770707217     
   1.6196728728347611        1.3149116883655174        1.6136762914048903        1.6101389879769628        1.5890354494917887        1.4252120576110321        1.5445769083241312        1.4398208325132349        1.4427831160752653        1.7447891989612920     
  0.82646455464552859       0.94041837818997420       0.94101821349502102       0.94770779169648534       0.93156274743329015       0.94162852214782500       0.68508292039852225       0.96440894931795706       0.96542346272776391       0.93547851404133664     
   1.2785816576044122        1.5731271370746138        1.6935510224098089        1.6180739431406808        1.6402043657234040        1.7387547287139633        1.2693814724688264        1.7835717834345461        1.3080375524604835        1.4869079203528279     
  0.85903248831572132       0.95515394719108782       0.95416568796387302       0.96003874764813879       0.94843057604293957       0.95675494246673209       0.70723784249876254       0.97293559782098793       0.97419322800399000       0.95089122121019842     
   1.4774329951058047        1.6280785057502085        1.4572396416063531        1.8317935123929823        1.5176127637788002        1.5772488727201197        1.6210079052182524        1.4883705658433100        1.3310795916296079        1.6628568579181904     
  0.89402520810226527       0.96971510335424560       0.96770490246076024       0.97240785969828913       0.96517089908131770       0.97156653776911206       0.72935674741952949       0.98171088116542093       0.98296648698597178       0.96631584094480272     
   1.5201275978581936        1.4521563069225927        1.9647231263446003        1.9203608604395126        1.9243188805019209        1.7326391215444850        1.4537266015994084        1.5790984386248279        1.7763309298969312        1.7292778092138261     
  0.94279463575256695       0.98485285884959972       0.98398756727020964       0.98598164989278336       0.98236246738280253       0.98590705881499852       0.84811432789113184       0.99070397433308865       0.99141173415465778       0.98306202234141427     
   1.2690325256070729        1.6643485376002740        1.7296475079064244        1.6440144011593696        1.9117621099387043        1.9024021503233117        2.8660241728455715        1.4500231002003152        1.4725575816403449        1.5249322438474400     
   1.0000000000000000        1.0000000000000000        1.0000000000000000        1.0000000000000000        1.0000000000000000        1.0000000000000000        1.0000000000000000        1.0000000000000000        1.0000000000000000        1.0000000000000000     
   1.1867509359939366        1.6141937911012196        1.2718360306956868        1.4157349727647968        1.5444990483081791        2.3837845018873720        1.1484857133890856        1.3515062469307502        1.4319188200438964        1.7065970698449324     
   5.3117691490775254        5.1179134997987035        5.3229004178990573        2.5856258562271175        5.0630500177016033        5.2663708754420329        2.8144902446807269        4.6624043981439947        4.9541451515774222        5.1969357198555262     
   4.4167955917883894        5.3093227280090574        4.7742472425872187        5.4985704411293650        5.3019791504589282        4.9098342790109033        4.8204843290833690        4.6622726057135315        5.0711311463805604        4.9663874206863037     
   4.5755419346461634        4.8207331096038351        5.2908490089857505        5.9539243868504403        4.7522521658788976        4.3110898126546982        4.8615967101888344        5.5898369156310750        5.0388019534802675        4.7680455896660261     
   4.7395008127135023        5.0957336692039386        4.8427408260720934        6.0462090834971853        4.9935927698433655        5.1399323209725969        5.2260354653643812        4.6858534424585887        5.3689350033775005        5.1110686956509666     
   4.6792143876264287        5.0680115467634907        4.5727465775670790        5.9766505048909586        5.4295473462591675        5.1628101112835125        4.9566530390389429        4.9535855289592359        5.0225405019359064        5.1680411529212238     
   5.2632863764825748        5.0443798142661489        5.1231155404545587        5.9073962722857880        4.5932752772705943        5.2834802408616577        5.3297193216807939        4.9927644165634959        5.0275839186555187        5.1552729728893771     
   5.6422851995097583        5.0019526105154455        5.3162753239081901        5.4400160562082673        5.3685553479987584        4.6082212016654225        5.3998224539452950        4.7583237235840086        4.8650901971998346        5.4008289161431655     
   5.6432911303429831        4.8502929459803052        5.3751252458385199        2.6929563174070057        4.7506263981934689        5.5866214124102855       -2.6730209668704874        5.3969133616970106        5.1205763713799355        4.4592920013459105     
   1.6050928411480925     
           1           1           1           1           1           1           1           1           1           1
   4.1726738323772485        3.4273601925222810       -2.4816456871772632E-003   5.1484220335454776        2.7846401970380383E-002   2.4491539348127616E-004
   3.1701685508412916E-002   3.0991242582245164E-002   3.3547603558088048E-003   5.1487808935456437E-002   3.3531847605633653E-003   2.2904062038339827E-005
   5.0000000000000001E-003   5.1868762937170283     
