   0.0000000000000000        0.0000000000000000        0.0000000000000000        0.0000000000000000        0.0000000000000000        0.0000000000000000        0.0000000000000000        0.0000000000000000        0.0000000000000000        0.0000000000000000        0.0000000000000000        0.0000000000000000        0.0000000000000000     
   3.0907118247728378E-004  0.22953228017201568        2.3163857767327413E-003   1.4828728393575292E-002   1.3675399019494931E-002   3.5699085021293341E-002   1.4011089204376043E-002   1.5993061330978605E-002  0.42989377591403433       0.21625837532721359        8.2036395060381531E-002   1.7110850489952579E-002   1.4873355134334455E-002
  0.90745123640482939       0.91132619949547689       0.98233345540644978       0.90266097286309388        1.0145350117189260       0.96669706511066922       0.97971970589055435        1.0856615239420504       0.73315986513197606       0.85815545418199113       0.79890971796725507        1.1578255845818419        1.1555220259597343     
   6.1441764544137767E-004  0.39032815294143058        4.6715699320180725E-003   2.8640948399431678E-002   2.7608076132214270E-002   6.2485048827077429E-002   2.7298044930915168E-002   3.3055697040515142E-002  0.59782080801489990       0.26104885951649393       0.12888210057037378        3.3753416762831771E-002   3.0086549400132216E-002
   1.4240418256441236       0.87503590212378446        1.0586278630585324        1.1305776681033235       0.82907086836333788        1.1525571657749882       0.86182600053359304        1.0612033371811858       0.90965572725987143        1.0207370010351795        1.1987559138954402        1.0659076192558585       0.92386023299651565     
   9.1341456601437120E-004  0.51052534765525637        7.0108994464270621E-003   4.3815449852781241E-002   4.3111294395045012E-002   8.1605541757311342E-002   4.1297587962832720E-002   5.0166263877360916E-002  0.65135824719962776       0.28617345589951271       0.16414623971496964        4.8708781837222617E-002   4.5369116540828452E-002
   1.4973361762084534       0.97442092612549847       0.99539019982831889       0.96732469255683895       0.98186217665997921        1.0725709161229551        1.2364473849149182        1.1051843479143473        1.0013276796369066        1.2376797511224447       0.86009323367003832        1.1099947421252865       0.93568231137144320     
   1.2035514306275527E-003  0.58379320740580620        9.5843509022482745E-003   5.9277611895022217E-002   6.0414803994688404E-002   9.8714582813008836E-002   5.4547285578304280E-002   6.7584457711212090E-002  0.68497513286088207       0.30061898275540744       0.19173564761537720        6.1485634581170824E-002   5.9617182844959475E-002
   1.4283350996344382       0.93831678108852734        1.2144145878130674        1.1418818560396453        1.1159390992984961        1.2054562425112485       0.92746204632439466        1.2086201653791424        1.1115033106555128        1.1084822052767012       0.96185937162938218        1.1749238329257496       0.87883580458636512     
   1.5330499765668889E-003  0.63968678131352530        1.2470568259692503E-002   7.4914577123344706E-002   7.6323365429592685E-002  0.11407738559770225        6.9344467721655964E-002   8.6655592592850078E-002  0.71070170623240780       0.31147321756732449       0.21332260068296888        7.2549808108912192E-002   7.3973717751114026E-002
   1.7112773200318532       0.96267037073799333        1.0995840095360043        1.1017343613304247       0.89600799156816269       0.99466770966718010       0.80824221746059621        1.0789251940775535        1.1476503535165301       0.88477539699635821       0.92499639286028557        1.2631358486161715        1.2143302893696013     
   1.8874457087368146E-003  0.67480964112672881        1.5597580829883832E-002   9.1028389879456911E-002   8.8313758081295213E-002  0.12814456838231697        8.4826702509443769E-002  0.10595301135802003       0.73299552380403810       0.32102769279944582       0.23119507483430163        8.3119721676384969E-002   8.8573292456859146E-002
   1.1423227124623432       0.79240679126793900        1.3046107476549833       0.97372340088069120        1.0435537215611321        1.0932924704649098        1.0668296938365607        1.0081129699155786        1.2410419328342084       0.97054883585630058       0.94608239397271232        1.0552498284133065        1.1137248185127742     
   2.2847634120183227E-003  0.70363580305737983        1.9044529871140095E-002  0.10756910990218291        9.8941733421205630E-002  0.14129615680090779        9.9691983554017066E-002  0.12413104802645389       0.74975420539063908       0.33300849506472313       0.24574132354609551        9.4039967298468724E-002  0.10480070104711466     
   1.3743014182820572       0.88945380259688989        1.3331301778339213        1.1118797242782270       0.87531083205688542       0.99724726869020075        1.1649848212915994        1.1501341640173068        1.1535984111286468       0.86153557681528059        1.0742552145947772        1.0733507335049652       0.96105709855310328     
   2.7688193035745505E-003  0.72581537211868352        2.2810071669261394E-002  0.12351945538636983       0.10906254124970741       0.15309865073991449       0.11310127461187147       0.14180385335019971       0.76269298117449458       0.34554709328143968       0.26027391686680940       0.10663768894921816       0.12134959693380659     
   1.2946749130767143       0.89077321630031392        1.2740784386923352        1.0630571031913367       0.81148273931718551       0.89346031958783945       0.95720918931115828        1.0344730552721104        1.1512948828564371        1.0549222905094604       0.92566442000200888        1.1487868021349352        1.0476568623059925     
   3.2865177068313977E-003  0.74671471648045140        2.6514082840267131E-002  0.13804906668311637       0.12116306827446453       0.16508705776914243       0.12671922294845850       0.15893257831979199       0.77332103229175309       0.35595837711065531       0.27433428488059158       0.12044133235882779       0.13741975035108892     
   1.0810473564646772        1.0672965541172408        1.1680490441160118       0.98675376957656480       0.85035842496380065       0.84697339308754382       0.97045734377984005        1.0095056019568087        1.0207998528774689       0.97462024626943045        1.0328541530513691       0.86820030962719341        1.1114959707123844     
   3.8458877836586311E-003  0.76416369997015521        3.0543704172445955E-002  0.15177292306099430       0.13556109924059448       0.17647918375123811       0.13939813581202612       0.17537243853211285       0.78337843019268294       0.36707346199761848       0.28696284110579795       0.13421709613632521       0.15310743414275527     
   1.1112084855714583        1.0056053298848977       0.90889921947084362       0.92934154385457179        1.0792550356166128        1.2204823107859795       0.87754669214881487       0.95938157150111836        1.0133634333607775        1.0360902666549212        1.0638936275850008        1.0532310503865763       0.85871444017486376     
   4.4610697324669298E-003  0.78051126612561716        3.5115700298414543E-002  0.16633781704192765       0.15181185304388367       0.18931747646526159       0.15514328985973116       0.19198053427637887       0.79324323162041854       0.37845092775975125       0.29971320702549603       0.14767553359187871       0.17238819521729870     
  0.95430684534759536       0.98532453585325896        1.0131420564757057       0.93539719847149694        1.1164932231050739       0.98215474361331112        1.1007307881013804        1.0873886513785544        1.4020358945783649       0.86064354722407521        1.0289974039093810        1.0932003602829690       0.93385500475161987     
   5.2202343018268619E-003  0.79573760642416747        3.9819300007223286E-002  0.18095635100693919       0.16879082669973827       0.20370285344068259       0.17355995885348890       0.20934133035851737       0.80213305563499093       0.39053918945148164       0.31270272408191663       0.16208293617405539       0.18895910036233043     
   1.2192437702628933        1.0294018097015825        1.0755914509678224        1.1208364292602087       0.98316052372151863       0.97012799750992929        1.0341772145712187        1.0078514628314617        1.0499105415116694        1.3025778180890224        1.0760291684696037        1.2535875589248366       0.96938960743822555     
   6.1081184531095343E-003  0.81002928923650241        4.4868773646455869E-002  0.19734821949209172       0.18442142928548280       0.21960819172072829       0.19049326311050038       0.22450442021530301       0.80890398862561053       0.40150733052602738       0.32549899822077072       0.17638727669572210       0.20776217251018711     
   1.2932367158340230        1.0298597265685832        1.0116715017597575       0.99077149037258505       0.91109129928500288        1.3406518869503656        1.3074540757550055        1.1673641219354258        1.0411818274043336        1.2045360216751497       0.93823573779106062        1.2162778693745313       0.91783587576928005     
   7.0989334950759472E-003  0.82086199420505168        5.0408950858022952E-002  0.21317287885647895       0.19750729031092790       0.23411923003094004       0.20651949225757482       0.23965140723860726       0.81594260521570561       0.41148958325540569       0.33746708718104962       0.18784099792102735       0.22578266236974623     
   1.1160506581765171       0.98291604224626938        1.0844750461485941       0.93494485602495303        1.0375596896453705        1.0526830278524313       0.99258418778078161        1.0063990540744585       0.87781822467408788        1.0586965686080185       0.94629745434286383       0.82441685182097424        1.0133522208535397     
   8.1915565119328286E-003  0.83055073262096613        5.6073088663824260E-002  0.23072627431273873       0.20965611632539746       0.24501054076984133       0.22362921703429045       0.25460691391085966       0.82379969955129206       0.42142615998813188       0.34893222387941453       0.19970988873741510       0.24233894150148388     
  0.90462869336172547        1.0535466717102389        1.1646938802373381        1.1334855412265077       0.98553169808125063        1.1098552637941208        1.3803408820857435       0.89741308131478470        1.1391615769851304        1.0404670526090474        1.0047327176049243        1.0041701351887000        1.0357851173281927     
   9.4002660683559763E-003  0.83872897699056048        6.1737491227203310E-002  0.24958918184451048       0.22290494518827628       0.25475442202905241       0.24027963492393961       0.27017432977903594       0.83163722015827368       0.43081643207513814       0.36131208257521846       0.21265078589841183       0.25859637457933077     
   1.2481310277347561       0.82147830033206104       0.95281607769036203        1.1196340618403877       0.92527977043202581       0.98462472638702447        1.1309548627440724        1.0578576204148720       0.91600734182602306        1.0796878359323452        1.5783028522566669       0.99051158171451903        1.1134214204653929     
   1.0821606778354682E-002  0.84715281313938418        6.7641166799825500E-002  0.26830481727027700       0.23838852874439187       0.26520704502281911       0.25576340231058631       0.28612530296108873       0.83915727529325301       0.44027976116636863       0.37448180400625519       0.22906551619596974       0.27495662438466301     
   1.2820313765675557        1.0794310977253172       0.86614439537715759        1.1305563984497937       0.92793937683504812        1.0131269866230024       0.95691530761436172       0.98082431741925180        1.1924358222011811        1.1736069935565390        1.0814671769656685        1.0285452456195152        1.1158433535585039     
   1.2456432823982415E-002  0.85575835702430270        7.4006480316392426E-002  0.28543057739181260       0.25773710723373883       0.27514800245701954       0.27286655195878190       0.29920534005215421       0.84641455221695872       0.45016186736765840       0.38815154041648564       0.24688865112501560       0.28999952774894955     
   1.1185790553973076       0.88781440580898408        1.1118681130851864       0.99950565890574450        1.0592681797350674       0.94078798285906273        1.1423843338177055        1.0936179146292329        1.1693322688514214       0.98094366032856462        1.1428528774080060        1.0843474314967432        1.1370672781146622     
   1.4223653370598844E-002  0.86407085406585316        8.0991776268094937E-002  0.30141286353508945       0.27516275197711054       0.28451336762237306       0.29158977362728095       0.30979844139793627       0.85333733782960319       0.45975685349309542       0.40240274037070545       0.26393065396998566       0.30546971737986633     
  0.94507389400275865        1.0103939300634721        1.2601818424214322        1.2197797669567059       0.90994717192573649        1.0515572852003390        1.2115436153814403       0.90725272717499961        1.1128326560007351       0.99394299662129837       0.99476753557646391        1.0994820988274465        1.1209094800677957     
   1.6023566740824811E-002  0.87172198226932884        8.7752087336284743E-002  0.31671892021846504       0.29132443305757216       0.29315245058410533       0.30787955141775719       0.31951596989379161       0.85951065477438804       0.46889130181434652       0.41591404719587161       0.27939530785231531       0.32224323539399774     
  0.93591293002622311        1.0596472558108054        1.1075325214040552       0.92464239689967520        1.0876079051150334       0.98034338061454196        1.1230752469549568       0.98448504747250565       0.89134281550910222        1.0527855862587887        1.2134644577292659       0.92382337186369734        1.1793348798406247     
   1.8150670934253987E-002  0.87892553352923475        9.2577939286798611E-002  0.33300998401824006       0.30671590695389322       0.30162565772538130       0.32185644646716488       0.32959598467207230       0.86556489292750594       0.47765318962601572       0.42693666853812834       0.29197350720105414       0.33916130333945904     
  0.98119737580958366       0.91681497938082190       0.96818930883616006        1.0516268542177305        1.1531607203436598       0.80773623279570095       0.97084452274224353       0.86163416081032673        1.0701792609610192        1.1961357119440668       0.84262268539933560        1.0343945663370231        1.0488904095543132     
   2.0715841842684442E-002  0.88570521459868334        9.7816515478868202E-002  0.35012421365300084       0.32204168701682673       0.31033367565021985       0.33476537930814515       0.33953375990133999       0.87138023092316930       0.48600906746677874       0.43859604906587590       0.30365665232635258       0.35535990653537103     
   1.1635145646213800       0.95803011616385525        1.1236784977414540       0.90102028460022765        1.1952144703110215       0.89937762736514459        1.0326028827718785       0.90619011498642721        1.1412627731725569        1.0089530344889261       0.89313899029511534       0.88905651878101910        1.0210255630564127     
   2.3486126498273283E-002  0.89175515731776411       0.10363174089363814       0.36569278257533405       0.33733888538761980       0.31988120959060357       0.34839243886933541       0.35059509876051087       0.87622696004494460       0.49438267703209282       0.45026605120239593       0.31635860946398447       0.36979683438672217     
  0.96908678617620536        1.1005896558493200       0.83329087830127613       0.89677410653390777       0.86466212563419576        1.1459118485855495       0.82644108276839057        1.0008869252481869        1.0870839642060550       0.97681630491618643        1.1211453589352252       0.99093085758508626        1.2569342603309273     
   2.6792635372302538E-002  0.89735880902191945       0.11048186746787891       0.37988641055461159       0.35293625214970031       0.32981820328899436       0.36390933859030189       0.36299879720940792       0.88057843268685054       0.50310762348169658       0.46225618972814381       0.32928292373436718       0.38401140135278999     
   1.0064183445085388       0.93298830796220622        1.0157779888708609        1.0517809504296698        1.0216465305130635        1.0360757657108421       0.98514915193500652       0.90400914376703256        1.0066758566191076       0.93030397835431378        1.1950662637949845        1.0670739989648894       0.97810182025753789     
   3.0519783395619369E-002  0.90279849028745585       0.11752945393888074       0.39393425271208621       0.36826878558222331       0.33932984616655026       0.37936064357975147       0.37606662243967082       0.88470508029108741       0.51176906789819987       0.47568975779157541       0.34241854259638277       0.39796130755687825     
   1.0084045526200558        1.0518587694441566        1.1414384404474573       0.91046417645410216        1.1404380228496633       0.97464287159715679       0.99740783993955950       0.90862677189429153       0.86284706338732531        1.0490596049637484        1.1132956122813309        1.1743073151581016        1.1672571003658530     
   3.3802468584405394E-002  0.90781552006519695       0.12504606725240486       0.40886924677945519       0.38125504578487868       0.34854156671202097       0.39464636122247448       0.38973887187947054       0.88930993931881963       0.52053889022455824       0.48730223447526516       0.35673010340328881       0.41339363420002445     
  0.96209444798579025       0.96464956818050973        1.0070630312992719        1.0668898459971123        1.0554563969023805       0.82823867966753262        1.1199357562876930       0.94613324881342631        1.1419984249577806        1.0505728415100604       0.90178116136243713       0.94056426143621030       0.89912251736718318     
   3.7169197002740795E-002  0.91248567054592356       0.13323999300909387       0.42442052683116660       0.39475482424045155       0.35756899554031946       0.40931242694682318       0.40391289689786003       0.89380342191654916       0.52902405734288593       0.49722950429359014       0.36950820379617644       0.42846013549755513     
  0.91909361270713419        1.1488529946391579        1.0024427161068981       0.96287683623492670        1.0823850045808185       0.92867653888010449       0.99352384814882921       0.90426024815676465        1.1314414687494490        1.0275723230177687        1.1069214739963362        1.1579707445099885        1.0816929554969179     
   4.0508172797522682E-002  0.91708584944718674       0.14105916137264543       0.43928926378096600       0.41369392470183580       0.36694784827753191       0.42664874267443187       0.41826297288369813       0.89746548835173312       0.53747482054696150       0.50762804284225627       0.38018975230254370       0.44352730563208814     
  0.85566176215096357        1.0718094277674561        1.1390435318999050       0.92969446620079266        1.1474928474374337        1.0584768590191698       0.96000308542481505        1.1168208506383859       0.96198649077671994       0.89853217533279306       0.99274444111583571       0.99963707935810864        1.1382287609860020     
   4.4632607163561842E-002  0.92147586187550323       0.14881609706040802       0.44893675629191659       0.43130226423348422       0.37689111672588926       0.44228781560176422       0.43255383127420105       0.90094313267757564       0.54435510440647317       0.51867416447262193       0.39574049079863655       0.45880049857058064     
   1.0224998495744879        1.0362583148374649        1.0734960049774931       0.92448843006010284        1.1644295088605570        1.2639350994377050        1.0350897656931071        1.0116082082645992        1.0139809679085392       0.93821787014452029       0.87172369502954283       0.97437881553347794        1.1018376985097349     
   4.9625638863863744E-002  0.92571476071783088       0.15643474461608914       0.45856022134818403       0.44739090974460033       0.38710952060769899       0.45762603396528562       0.44661846831392865       0.90444082755759025       0.55113705411946190       0.52984204093502374       0.41460170479110864       0.47320123707807299     
   1.0473885051760294        1.1799890280514671       0.90923286883659948       0.94103278826942238       0.96202858712759365        1.0368820128332257        1.0423530109302599       0.99490295674167528       0.87011038144231434        1.3061990570297548        1.1359292529115648        1.0906660419734122       0.95734174395227301     
   5.5138497457987719E-002  0.92982433347871574       0.16330400590529093       0.46974003601443493       0.46280797427613890       0.39643958211247571       0.47282907037228727       0.46092457225532113       0.90763843545026046       0.55823787864241892       0.54140385455303897       0.43324220084508552       0.48755961597486747     
  0.82682453669318889       0.97237323876216397       0.94481774903744420        1.0544207100683720        1.4520539443940934       0.97699790905052164        1.0210968854257438        1.2035401760302205       0.84366492675167570        1.0491488130471085       0.94566396997744684       0.92146732411254950       0.99413718940215279     
   6.1085981552099537E-002  0.93381689185526384       0.16976040253653690       0.48682674111332114       0.47626119373669468       0.40419810730178829       0.48856961786554787       0.47531375209571125       0.91074371019145539       0.56544334248862338       0.55248051750625193       0.45331193775259893       0.50001546349023818     
  0.95545159739253027        1.0257146406518680       0.97086092254633716        1.3733598294972198        1.0427091469483607       0.98329019962654507        1.0841420756416920       0.90161904820462557       0.92306579122399612        1.0105154759754318        1.0065546171886839        1.0555444143589556       0.92954366137748146     
   6.7051864146486256E-002  0.93776769722374842       0.17652618626951788       0.50873786923160846       0.48945974959969019       0.41453882420031668       0.50270884826760664       0.49252800025790583       0.91364818193743447       0.57301736209468290       0.56345660925240970       0.47232950962769166       0.51013290960346569     
  0.99314957336264742        1.4493783718370323        1.0385875601414210        1.1969809919431533       0.96755252462568675       0.91791528042094050       0.90867303415125578        1.0445841943510061        1.0617436122316699       0.88349466139085919        1.0527196777740924       0.96389758770042122        1.0670329966456567     
   7.3736862374863793E-002  0.94160732365163069       0.18367561377873762       0.52733473411209586       0.50208456140364033       0.42634227447948980       0.51707052457127067       0.51125730308528983       0.91691046930886855       0.58157762402263891       0.57403769696462448       0.49013893059100488       0.52013301796082223     
   1.0495637932777511       0.98348888724294659       0.94319105148383597        1.1236617898625356       0.97450702468124750       0.96486192439829654       0.82353619857143567        1.1624806246701780        1.0171843220089434       0.99071091827308655       0.79469290687989991       0.89639120221762625        1.0154691368469198     
   8.0278540405021317E-002  0.94526079615527991       0.19079726981612130       0.54510539541922198       0.51520110783015449       0.43835563913336340       0.53124086239249191       0.52756776707969621       0.92045895751493934       0.59056523982642939       0.58479263782685142       0.50674500534584999       0.53112875471188048     
  0.83911120220432911        1.1585386337204420       0.96140976202091655       0.98938368151100431        1.0808660006428723        1.1805709370358641       0.94358725422862044       0.99324658475572281       0.99364221226564420       0.93154179859162645       0.98087200414607523        1.0508249818300752       0.94966021706061066     
   8.7145597479817816E-002  0.94863676684099174       0.19854906903610434       0.56289829693967852       0.52994341091527486       0.45015436304420919       0.54577460666446398       0.54110986786601378       0.92398975344283496       0.59854764899227286       0.59692602583992693       0.52367588758735240       0.54223737072453793     
  0.89365146429874731        1.0266468231387644       0.91291143337704239        1.1199716571969198       0.91320313103898554       0.92183392945373066       0.87195620473143109        1.1238921900915979        1.0759851190587626        1.0697775255547162       0.96332160381195286        1.1121358497265057       0.92917037602698660     
   9.4999983376300126E-002  0.95169248722399624       0.20655459048763369       0.58050865286178599       0.54357474369125514       0.46212685315756691       0.56243161955085608       0.55428351604663650       0.92691323014408100       0.60600895042526370       0.61123811792330784       0.54040034521838920       0.55334353436713246     
  0.84344646801532741       0.98665365039135799       0.89930652447934667        1.0634643061463482       0.94776407489200543       0.88183942880594224        1.1988218812905729        1.0136151388449988       0.84274660511903465        1.1635845066461039        1.0449508010360307        1.0602801280914427        1.1331507061291031     
  0.10388715077129160       0.95379451581660823       0.21621830542943885       0.59642602608176754       0.55783292376283633       0.47399663564142641       0.58028780662408230       0.56876491752817304       0.92978781260836474       0.61190471803535529       0.62694879352837818       0.55536248031190139       0.56523938893640435     
   1.0010057630983238       0.89779623816008347        1.0676515294390099        1.0139135679336366        1.0583981079924780        1.3062166839968166        1.1860203463547683       0.90693739911712468        1.0257531411002263       0.89182858247427899        1.1491955708602353       0.93472903164387289        1.0363247824860067     
  0.11385003656887703       0.95628624826146291       0.22570450162282790       0.61099743432589337       0.57385983434781085       0.48644004065059931       0.59960440165132167       0.58342980054055882       0.93292913103645070       0.61759655134050040       0.64195865776970651       0.56819198806412041       0.57639139056445132     
  0.99864672492159889       0.93146531268242005       0.99777937349234447       0.95750042860390805        1.0360623739740547       0.96510886265821294        1.1046959372530420       0.88353390666640508       0.98884241398107864       0.80847722714423442        1.0563451469601504       0.95674953193103518       0.95714878022114114     
  0.12558637139637227       0.95866483165047167       0.23580591735358628       0.62778410617497926       0.59016536596241842       0.49908244060749563       0.61933637572718925       0.59674879566656225       0.93636454692205195       0.62325346904926249       0.65605463590674684       0.57926919384576114       0.58619141862407420     
  0.99664286492344001        1.0290809360200930       0.87511319364363027        1.0528526547086168        1.0353294264911779        1.2164510069278665        1.2860465788415765       0.89369382973798817       0.96334260206310873        1.0799467852652309        1.1483408595256648       0.81613353512738385       0.92882768551198536     
  0.13962668236604908       0.96111789535635284       0.24706757255592021       0.64476107806164495       0.60774479580396312       0.51141309907685228       0.63808066119795570       0.61292440195182440       0.93976545640588383       0.62883871433350436       0.67040768613932100       0.58803525214441477       0.59939591496004152     
  0.92053645761249969        1.0921196218923794       0.87171120287083648        1.0004700043923793        1.1679734100236132        1.0599511516802209        1.0650700232571826        1.2806633071541731        1.2644481258986529       0.93888561226728573        1.0537152340947258       0.86266781057905495       0.96155157249761569     
  0.15638276411612703       0.96373381705688266       0.26091168529861541       0.66175873998577528       0.62521373316251516       0.52405942248638360       0.65568302445084392       0.63022218969034105       0.94294535680408476       0.63493360429191881       0.68501852969594845       0.60025793689670048       0.61554738624787231     
   1.0295968054405491        1.0617643643665902        1.1513570078537165       0.90777764742985811       0.79892366836627715        1.0444486029497251       0.98569659324068204        1.0591390046880556        1.1316983788171213       0.97141829218832287        1.0266579655338763        1.1056502745995707        1.0222310506875667     
  0.17368165721875251       0.96611175933321947       0.27628652378070734       0.67906916424070729       0.64182104288821573       0.53726500966167590       0.67296460638914657       0.64736172359698851       0.94588985377973822       0.64227268503365087       0.69888682138131808       0.61608411885296377       0.62784850317919638     
  0.96946974372020422       0.98737128302607624        1.1236977153437129        1.0809865527044005        1.0685549858837602        1.0526075304829658        1.0239146133302717        1.0540636739448732        1.2420066787017523        1.2090411366987397       0.92365446485596991       0.97505495299341338       0.97260050923436270     
  0.18860179921675518       0.96853774027728845       0.29077951957887910       0.69768359530790047       0.65795659078698066       0.55391166567745820       0.68999529237509083       0.66285465315669223       0.94863440575489888       0.64998191958056606       0.71195607852029830       0.63123543056110942       0.63847001647726409     
  0.88141875042214490       0.95890716549268873        1.1519016007081804       0.90653274673924111        1.2418337954295269        1.0992891756927947        1.1743884816892245        1.0706715576984660        1.1507169645444726        1.0750980611313079       0.97425931445243641       0.94193528472079469       0.83398437354482602     
  0.20706969860840307       0.97098807892791628       0.30670218713874847       0.71673426901851334       0.67348638692582607       0.57141267568732379       0.70623017581683523       0.67862278615801663       0.95118622993489566       0.65751723120636407       0.72504435369460951       0.64995742926594224       0.65113229630059144     
  0.99135992618548407        1.1037418851138898        1.2063240190622100        1.2490343974564198       0.88692833115596026        1.0242289042678052       0.97238116502054084       0.95220761132709619        1.0071937265508986       0.97801195973984545       0.94931332295189041        1.2781088523393733       0.90052424253735297     
  0.23094857584684397       0.97336963739734694       0.32292030700351165       0.73515907766582811       0.69046604650101917       0.58810215737526561       0.72220251412223846       0.69595452178312711       0.95364866119683911       0.66513800844664572       0.73811634074938792       0.66464282126302798       0.66745455943911347     
   1.1168137217027843       0.99272639649311645        1.0232594317624506       0.91206848202184609        1.3091536120407397        1.0377097961946300       0.91698454486761116        1.0906237403821215       0.79994270423346048       0.98532906316485136        1.1696597389459082       0.91212440866438382       0.91768349826681084     
  0.27301236563471315       0.97557711591781693       0.34142538848250786       0.75305151897265332       0.70811060177806739       0.60470249114634134       0.73958698092224739       0.71211323867549381       0.95615639835314381       0.67269800305314731       0.75088759644529357       0.68066835770847300       0.68590383865195637     
  0.93397984056169536        1.0649725689681049        1.1074018468598024        1.0503467296058278        1.0975321199592267        1.1169840407023712        1.0947260650938366       0.99272174505931354       0.94558885827975858        1.0590539558666137        1.1524505251994024        1.4132698224455400        1.0909771620811193     
  0.33901645630349631       0.97735120744694592       0.36224996349928618       0.77067707410328390       0.72566092567507468       0.62101356095057436       0.75747936931882487       0.72933623116257629       0.95879134483678219       0.68020313775110675       0.76492627771808297       0.69711727706883553       0.70563537750964211     
   1.1360016912251307        1.1981284198963036        1.2031052321600493       0.98516363747959557        1.1402232850531524       0.91716333451836363        1.1277684990167585        1.1345202556252882        1.1772252816923665        1.1747632366842382        1.0154150142775533        1.0125100270557024        1.1441292379668571     
  0.40440153678866930       0.97909641590280860       0.38460909718822578       0.78728060681210676       0.74143323147884010       0.63623767768339101       0.77355783454066640       0.74720446280570196       0.96136267696950484       0.68722935619513836       0.77877524189576752       0.71499278033337876       0.72423192140757642     
  0.94144704848976568       0.99054644464923447       0.94591695584397839       0.95607822133793074       0.99071702507652892        1.2024528483729158        1.0393680805379284        1.0022193853819099        1.0674297091962626       0.98903894436760420        1.0913739271960041       0.82928012105066606        1.1729625279344238     
  0.46544809810925636       0.98074701873299053       0.40928500303984017       0.80219040567259414       0.75544463249344584       0.65153156831049230       0.79203357194409285       0.76485123593995863       0.96392982351309309       0.69478074084757446       0.79300034335069580       0.73315166523011610       0.74267644739500727     
  0.90609069323697744        1.1346739528108631        1.2485371350239753        1.3766202968639105       0.88440421821089177       0.98016244163969102       0.97980994209087835       0.92920044060029638       0.96294220167001032       0.98379300778965717        1.1207824508493633        1.2030456323507759        1.0024078275322645     
  0.52468837197127860       0.98240164612875724       0.43467785042007384       0.81549995376262108       0.77170033189221388       0.66744555999879407       0.81019902575110858       0.78316242365167876       0.96665472914100181       0.70269906224345369       0.80730578589407187       0.75139095591926242       0.75946577629072010     
   1.2215711385225032       0.91161251919264852        1.1641812499882032       0.85130515841561527        1.3471672734224061       0.95714878022114114        1.0939714008403243        1.0696606016076027       0.96259913949530584       0.87457743814745925        1.0759216095402573        1.0081024582504718       0.94906742871154703     
  0.57362931205594858       0.98407441473334401       0.46279530802798841       0.83133677302420572       0.79124073142325480       0.68018243780157017       0.82859871329367152       0.80148917828145816       0.96915329971373299       0.71030743571755617       0.82231368125746751       0.77030938420279937       0.77646558902076546     
  0.91566781785244933       0.99625061682866800        1.2062395801841563       0.95579798701156427       0.96187601581794901       0.92912046989042518        1.0879202474764691        1.0417164811303965        1.0139206254750619        1.0795493121043309       0.94924484728651337       0.87888477018119926        1.1291696776953779     
  0.61615248351207696       0.98582409721043851       0.48600100556929410       0.84753921270598220       0.81208759203866177       0.69467298072140893       0.84679901213528974       0.81882796371818634       0.97163253968968344       0.71751889673726532       0.83591038540576679       0.78973236986817941       0.79437664519174700     
  0.94664857744098319        1.0069918098333646       0.85924492200686342        1.3422599972484615        1.1511832813708447        1.0016023507410059        1.1424456900002287        1.0323140190246833        1.1765540703116510        1.1043520436264838       0.96534797919579629       0.98267098887162518       0.98069943435506568     
  0.65746286924167352       0.98769361746711848       0.50671977608929586       0.86542964570668746       0.83260962172090713       0.71216729462920159       0.86396841956367754       0.83439841405686732       0.97378142996325301       0.72498480681989375       0.84942121309783813       0.80939494432711390       0.81473807089928330     
  0.97676068263083726        1.2697645683611727       0.80601321065492415        1.0438421894098902        1.2719826121486200       0.95789573508652770       0.94097757721191100       0.98954948980616220       0.99953368421523103       0.95822738294725618        1.0397074788804992       0.98131976821366829        1.0382317642691605     
  0.69874200190927682       0.98927368943082317       0.52717614814505565       0.88246044166879112       0.85417741428908500       0.73265329598726814       0.87930053844404998       0.84910370785253519       0.97616769644803003       0.73273613243365032       0.86294147405765398       0.83007453609058657       0.83835334031808495     
   1.1174364716503578        1.1482961432184178       0.85549078604556783       0.97600063849903884        1.3857783213481714        1.0421256554480802       0.99671141197534652        1.1012245404928878        1.1234373519120473        1.0267287119336830       0.95444686679188551       0.98237347445257794        1.0957133971709627     
  0.73748191762992510       0.99060139486382937       0.55308573636157998       0.89806016444208392       0.87053203381643296       0.75236416811739792       0.89431869693589161       0.86476046425636000       0.97859489248515263       0.74137862021379308       0.87621128400670700       0.85087101209019200       0.86123878649559471     
  0.92120307116917921        1.3974767694511594       0.90962768873123701        1.1304744757840102        1.0954121479911538        1.1365595976368230        1.0701097913854787       0.95720070299070337       0.91121997132444033        1.0598108732193929        1.0399871655207864        1.0061319319596387        1.2053006911202666     
  0.77493117981162263       0.99185771047572358       0.58337358093887959       0.91157343593519935       0.88414040967388552       0.76929965743775075       0.90779919661691455       0.88076103516262871       0.98083594462027235       0.75216879245514801       0.88952893800484778       0.87055327906817093       0.88296984142677692     
  0.86737643628994232        1.0232976804251508        1.0624369065110542        1.0535560709705487       0.86795811664289035        1.1302950465859538        1.0023836701040327        1.0956715567675499        1.1674483850972370       0.89527081546036624        1.0706988332041918        1.0947992011405414        1.1083697139359496     
  0.80984644016867102       0.99311480367540650       0.61466502986795568       0.92459209130473918       0.89685022783800594       0.78868312067615576       0.91909419501645850       0.89656720787312894       0.98293699815249325       0.76395998685529953       0.90381401305472242       0.88834067862086896       0.90297054249480446     
   1.0367418020560704        1.0220299528304744       0.87151016319910268        1.0383095653508105       0.97242148435356923        1.0337262831161682       0.96680276205091042       0.92978091909378824       0.92309922569922076        1.2593473189166469        1.0227447742220233       0.96106389179237695       0.94458136139780480     
  0.84005352477886153       0.99431540031450460       0.65207724473610407       0.93722438221625937       0.91065778467065450       0.81154525538691569       0.93002802158185327       0.91308393642309271       0.98482767755985057       0.77733770555496640       0.91733193856232687       0.90565416401843801       0.92190956384939904     
   1.0666624430052778        1.0649228522801011        1.0057897499111728        1.1493920352716549       0.96839847438845483        1.2339042058118779        1.0304024145634605        1.2500887536799563       0.90420947875035440        1.2193892754219939        1.1353063432605426       0.98841233155401975        1.0953806198870355     
  0.86600714040725035       0.99538872749172891       0.69911260366213235       0.94944821018798164       0.92542136989319679       0.83595886195909941       0.94235664281417308       0.93143383258485390       0.98679431626669722       0.79278782301474460       0.93045413162045043       0.92515424314046535       0.93949210552901641     
  0.85263095250206467        1.1877173599165718        1.0215176005716482       0.91891625275217248       0.89600938169935684        1.1217860928536807        1.0092060302010448        1.1444062389329062       0.89120315394046634       0.96738334427443506        1.0155772328146089       0.98514916088208093        1.1682819175054935     
  0.89160324843930105       0.99645197498486360       0.75398751155411348       0.96131047705812489       0.94104995734851427       0.86380211332403523       0.95659686767037633       0.95008272127925075       0.98895710796282899       0.81075403880174379       0.94613177818164018       0.94542022509957890       0.95632836705208191     
  0.88860746397386836        1.1471244494167414       0.96415066357508561       0.95333521423808443        1.0470076672657911        1.1097734990787442       0.88811421326222439        1.1988995792658721        1.0412221990246475        1.2520591148905806        1.1671741770499122        1.2309765969775219        1.1901668381001689     
  0.91984302684587305       0.99751716290979686       0.82455684830923359       0.97410215067514427       0.95574839335350981       0.89738572780825310       0.96958208200925233       0.96784212924178747       0.99153986494233104       0.83030787766580472       0.96191950334125564       0.96455731677678680       0.97194741124092532     
  0.85117189963791062        1.0686297100744691       0.96125080716100630       0.94598885638554453        1.0866265515523683        1.1103747128800023       0.99348708406090225        1.0166567513190252        1.0045559592309876        1.0488770101894791       0.92276048634011576        1.0455388739415590       0.99362915680038610     
  0.95761277903155151       0.99864564563689318       0.91084415300409149       0.98698448599965738       0.97506174497455045       0.94299210722258975       0.98390462189925110       0.98364704073930154       0.99594985477904108       0.87653108951457448       0.97989762245832013       0.98288703204511718       0.98567894569586822     
   1.0136747256190000        1.1676889727984261       0.95946305550899780        1.0497785166171480       0.99901171043545667        1.0267123132323297        1.0955689279842400        1.0670573486062320        1.3457688701085799        1.3163657435098188        1.3321733778628275        1.0948816760153230        1.0075356488560601     
   1.0000000000000000        1.0000000000000000        1.0000000000000000        1.0000000000000000        1.0000000000000000        1.0000000000000000        1.0000000000000000        1.0000000000000000        1.0000000000000000        1.0000000000000000        1.0000000000000000        1.0000000000000000        1.0000000000000000     
  0.94707540225302067        1.2954439332226737       0.92071483856925063        1.0843240838567347        1.1134770963326872       0.84585505814750273        1.0178399308149513        1.1916958911823914       0.94066388031037940       0.92688023814969145        1.1088253569202229        1.0063306167715953       0.98323925870477669     
   2.3533243908009944       -5.9304549277765775        4.5740086912107767      -0.21167720451286229        8.9888822749380370        8.0287534927216377        1.9450617952775986        10.882513768362159        0.0000000000000000        6.8513249112461425        3.3310625910217135        3.8122225993055023       0.42065101999933485     
   4.3995011216609621        7.4851894748719419        3.0767745611763231        5.8016593038917819        8.4203617590608424       0.40195710897013842        3.9669280522142283        8.5459262346921516        5.7170863590136376        5.1613265370186872        6.0376643861069255        7.0043822959543265        7.4011531963967521     
   7.8500596333893995        6.9018638254969851        1.6526726342185933        5.2793829175868163        4.6349218372323380        5.4036718488688811       -8.9650885960377309        7.5797706666549525        0.0000000000000000        9.8592397733778192        5.5937360194227974        7.8667676803649256       0.97721864615438070     
   4.8506741558986155        8.2011273706912799        6.4380397922719910        4.9748001534201700       0.75704926982870957       -2.1586376432580914        6.9746048637488975        8.0624547975470051        8.5087369169184424        5.4587965855770682        3.2111007817079891        7.5449813584732235        3.6339029997787953     
   6.9997345905500534        10.350264151154509       0.80956292143196285        4.2337083187486702       -1.1125561857818265        6.2492551115960833       0.80346107968173452        7.1928191936524755        12.709399674919307        3.1153671695245166        9.4940349422311190        2.3475725099345319        8.7062695400818324     
  -1.6494991279804518        11.293746635010514        6.2461439496899498        3.5851301285965822        5.0318292806524276        3.5176128001787426        13.613249614717407        1.9876648002487058        9.4578069150503197       0.71054374171995205       -5.6076775069709415        5.8954707669335003        5.5530686935754376     
  0.15225573401141945        15.793674211324696        4.0963213789903756        4.3211790999793287        7.6283493199977102        12.660522539890144        2.2687421758248605       -1.0767097794232212        7.0667508085676083        4.6303655495504028        10.747798943344959        4.8552407544242024        5.8658792814262375     
  -5.7803635861111715       -3.6313777781744285        20.092001645376023       0.42441755222707278       -1.8611287632407596        9.8154082609078959        7.8071216234504046        5.3978800682104380       0.66789600278049543        34.956358314096960        1.1602681976277807       -1.1092607526176606        5.6387215310886489     
   3.8761440774738053E-002
           1           1           1           1           1           1           1           1           1           1           1           1           1
   1.7323843864351474E-002   6.8126898976614584E-003   1.6153695335795469E-004   6.4403104467367207        3.6537230227734236E-004   3.7090954617280210E-007
   3.8874565145900319E-004   3.4946750040860237E-004   4.5645885821148374E-005  0.44539079489165906        4.5645033410837262E-005   5.2588380690187158E-008
   5.0000000000000001E-003   5.0659939456358085     
