   0.0000000000000000        0.0000000000000000        0.0000000000000000        0.0000000000000000        0.0000000000000000        0.0000000000000000        0.0000000000000000        0.0000000000000000        0.0000000000000000        0.0000000000000000        0.0000000000000000        0.0000000000000000        0.0000000000000000     
  0.26833940219528202        5.3582062002388124E-003   2.8787180130691202E-003   2.7984396701842672E-002   1.4559349910363674E-002   1.3210135090994999E-002   3.4193718188657830E-002   1.8106363163365596E-002  0.52163995178201183       0.14727125402678806        5.9709895540029735E-002   1.2577748024633675E-002   1.2112870312313416E-002
  0.82461184740920179       0.92046689101021339        1.1489685513873094       0.94413702012255984        1.1455394111120800        1.2698485927982388       0.85332721450014881        1.1832574157994451       0.95120899204278442       0.81537120855012823       0.88213034716618355        1.0482251759512260        1.1894674442684923     
  0.32930256606186625        1.1092314189262761E-002   5.6840806422151988E-003   5.5981193860538431E-002   2.9167860567543665E-002   2.6072782495764186E-002   5.8683477416797775E-002   3.5378987057560214E-002  0.64019104487529943       0.19177622377805054       0.10723151097385114        2.2080170746224228E-002   2.4431701072420389E-002
   1.2315073648939114        1.3562880552526693        1.7006832981698965        1.1658551964202870        1.0617908917503123        1.0287796875277515        1.2395707636215993        1.0820398883836229       0.85258750091852509       0.99274894466076291        1.0248337337018285        1.4836085651535793       0.90714731818107031     
  0.37364505974979922        1.5523048261187597E-002   8.4656831483507708E-003   8.0630583049988075E-002   4.4328486504391584E-002   3.9097076866478828E-002   7.7322989505061099E-002   5.1676671554925127E-002  0.67037971569990085       0.22053274140933077       0.14466852396096172        3.2287931732360046E-002   3.7420997310762052E-002
   1.1138899545935976        1.0424347938029130        1.8794117686016572       0.90682541667389371        1.2218886910327240        1.0104368525723797        1.0449997110033957        1.0450699417487301       0.82490532661178562       0.99947370008424363       0.87872611745220575        1.3076008854504610       0.94091510919302235     
  0.41217721563235382        1.9262451468625846E-002   1.1221477959974729E-002  0.10323648906482100        6.0965162304650093E-002   5.2681420797939325E-002   9.3065539940113934E-002   6.7607876167437062E-002  0.69392917094446838       0.24274559741189283       0.17548089202453332        4.2185173963934203E-002   4.8546038706251279E-002
   1.2411762618377891       0.99215563855374089        1.0913407930477459        1.1829491550666362        1.2511720245185389       0.85378587697653152       0.95050498985211906        1.1658394034063346       0.81853084874728621        1.1879415539421776       0.97652816254006736        1.1708633630276430        1.0232748345123590     
  0.44151615710028891        2.3249507341193729E-002   1.3962244831330527E-002  0.12474952326656076        7.7650904307461202E-002   6.9687205047208087E-002  0.10795200724891961        8.2146953325720473E-002  0.71479421340992655       0.26331598329889411       0.19920768788123008        5.2826868102443837E-002   5.8803442006496662E-002
   1.1971659887072463        1.3485597837740493        1.2789240713734737        1.1444620976695652       0.95491767659380111        1.0968383402984982        1.1411333146206790        1.0970912065354692        1.0091341291126785        1.0835167029421300        1.1033979086666350        1.1311129704295373       0.98771005397030343     
  0.46159467665394432        2.7133981243458061E-002   1.6775648135420033E-002  0.14506140035440013        9.2823474308517548E-002   8.7683951057362236E-002  0.12251623522129680        9.7343164531725562E-002  0.73595230806945788       0.27996310726929957       0.22160047352470610        6.3264762761486279E-002   6.9801727537578059E-002
   1.0126747004683556        1.1500944824367028        1.2674929819325593        1.0556567994823838        1.2664106115137499        1.0566174257093703        1.1056864153018364        1.1563296250430954        1.0312405808690115       0.93208998345368455        1.1401550885772147        1.0894170163364425       0.89252334590760674     
  0.48271116349766718        3.1986859545157606E-002   1.9517955872749303E-002  0.16312536074622963       0.10781104296536764       0.10359154086535527       0.13614351244652484       0.11319932679419528       0.75171315060971799       0.29030081689749354       0.23586426013290498        7.3524095297025291E-002   8.3635806669847809E-002
   1.2927175765878038        1.4613820221578486        1.0114653826611699        1.0756054766882899        1.0313271066175964        1.1547949428522468        1.0372534044388950        1.1346229540108339        1.0980851618847822       0.99755553382583417       0.97960097024193382        1.0219897247934462       0.99331584956276842     
  0.50296037692681983        3.7403046802016796E-002   2.2393519961554535E-002  0.17820532025305322       0.12182516342202233       0.11935730197664471       0.14923980411488991       0.13034693145663745       0.76538607085790311       0.30144278474190545       0.24994871292638376        8.2813727527591530E-002   9.7882759903168845E-002
  0.82103776903737025        1.1596378294437211        1.0300221682428425       0.97688570240705230       0.93240654859088024        1.0880741954509805        1.1491967555889238       0.96618320009454073       0.92779606039226170       0.93476038062840272        1.1447253403920012        1.0201214899452535        1.0386951053400217     
  0.52319494778575448        4.2550560006839225E-002   2.5468149918026987E-002  0.19201387292657646       0.13558296669427131       0.13238227230263236       0.16228457846720279       0.14623732441483564       0.77733383025545855       0.31197839911771152       0.26140289043994369        9.2548747802802131E-002  0.11266157016498266     
  0.93626409407811795       0.97875263980365235        1.0680111362699876        1.0390485547733441        1.1297311599209632       0.96307476922786439        1.1706271896018545        1.1411410548199941       0.93382353499164517       0.97851544755660236        1.0730727075278972        1.0052689230046201        1.0794084947866924     
  0.54149322516375187        4.7578635115023860E-002   2.8690956333761206E-002  0.20651394426382547       0.14962420553296679       0.14565685259830707       0.17580560331972261       0.15894485436350694       0.78893365564510087       0.32300160497854036       0.27290886912214790       0.10242971222352384       0.12675951161191457     
  0.92567993147940852        1.2259439337802207        1.1779159168560713       0.96994246818767593        1.0237128423209620       0.98990959010537627        1.0171646246736519       0.99649053331267146        1.1302347450894414        1.1135433430199611        1.2081563732021638        1.0814009406492666        1.1609240602583444     
  0.55848824763628169        5.2611289909510701E-002   3.1996100103038501E-002  0.22045322125784200       0.16419215193387274       0.15906913825676949       0.18830582605014748       0.17105955196750136       0.79920756086440892       0.33308727561655993       0.28482432701802735       0.11247557497842459       0.13883516471015339     
  0.94535701105909220        1.0005617340862121        1.2410671485172060        1.1674940433458703        1.1984987456082670        1.0671835379039709        1.1043648608438590       0.94058987987538589        1.0429254696523744       0.97500623275292164        1.1815109312822267        1.3181001385267321        1.0892962948635738     
  0.57368894972204465        5.7278590553906071E-002   3.6197925525814759E-002  0.23337730099430462       0.17870322333004313       0.17185600958586886       0.19996887450875087       0.18370985086953745       0.80886772780082128       0.34255783300843767       0.29644743895588122       0.12387418813534126       0.15089909953535749     
   1.0559925829416754        1.1332849317439950        1.1583186042548239        1.0484580868752760        1.0428003240097359        1.1075553966503022       0.96157305398996074       0.90229639094971970        1.0160145016374547        1.0198029231318351        1.1510741009244758        1.0842081324182489       0.98189549683890631     
  0.58761153424062385        6.2316979467549105E-002   4.0889156980558762E-002  0.24688134076005119       0.19328715666101193       0.18394286062918200       0.21185160158500052       0.19694726484657313       0.81701382078866269       0.35105975846027176       0.30776466552955967       0.13433421059268424       0.16380186666734839     
  0.97630175066770530        1.3191609552091299        1.2244683739575901       0.98596544979551937        1.0671490400861035        1.0008769777106712       0.98802836898752000        1.0711975286737632       0.94246071890392791        1.1620113485104075       0.97971448804186767        1.1583646608425548        1.0018641457792179     
  0.60122292767261654        6.6986152657567549E-002   4.5474288173895212E-002  0.25993171319893721       0.20840275085410773       0.19666839651937906       0.22309167651367803       0.21124968741603481       0.82469944689527930       0.35937722117302845       0.31790936202885695       0.14414603714776517       0.17878737864304667     
  0.83687648895501621        1.1162439876785875       0.97767570393017011       0.86077249438391046        1.0966829588628761        1.0184858809172974        1.0055116398843857        1.0478908141477812        1.0096804360078531        1.0427659036847663        1.0953706449295015       0.90200734151669937        1.0920325941005193     
  0.61322739019245898        7.1633600208340947E-002   4.9961692149377096E-002  0.27440821335493865       0.22393539191930703       0.21013664860629372       0.23464522055281697       0.22534527734233903       0.83175989491246105       0.36728179724791077       0.32813094837797036       0.15333328720754469       0.19408596463248942     
   1.0758866517695784        1.0260232814902981        1.0288850274496155        1.1372197792744685       0.97426660424582801        1.1064788877044729        1.0554275009898051        1.0673473781253409        1.0507579959225120       0.95120899204278442        1.0287327333270477        1.0034972646236324       0.95811544693545203     
  0.62604871559678554        7.6312168542397224E-002   5.4492226494783476E-002  0.29016927529877506       0.24034855220310580       0.22573274863345114       0.24599396819280547       0.23969995026378779       0.83823900127901185       0.37475392259625395       0.33848937207051472       0.16303672544860237       0.21013848609473124     
   1.1734617507807961       0.96461837872840861        1.0630372261437750       0.84686336745861746        1.0201949022062842        1.1504364448822562        1.2318600136700761       0.94973954850160336       0.89408914494781155       0.99874969716265738       0.95106709190424032        1.1115990547068535        1.0959261985807915     
  0.63871584149089022        8.1193587987234861E-002   5.9167013666317034E-002  0.30568403253172566       0.25732005583319495       0.24228287755326749       0.25715442693168467       0.25345292568663236       0.84424747719496773       0.38167476828825364       0.34889745111580439       0.17367315524392191       0.22576120811270542     
  0.91666845762490357        1.0071395693044378        1.0197759485038504       0.92548559228073368        1.3452344501981106       0.98392707062075346        1.0178140069593742       0.98253772584846211        1.2001259224541554       0.96822299831707703        1.0793061190538127        1.0265692322855182        1.2598803291166867     
  0.65263481104013099        8.6668300488444427E-002   6.4369912418519887E-002  0.32139430724346352       0.27333768833212818       0.25685153595897331       0.26857927643007856       0.26710121034684764       0.85003678440275199       0.38793450781818539       0.35984488184503022       0.18482412876207113       0.23990992287645985     
   1.0004211719374076       0.98017480497728737        1.1918134632280051        1.0750232964896291        1.0201781183716683       0.92850795280304477       0.96885746320122934        1.0416614828924795        1.3114945913109330       0.99622050778101934       0.99838413797513270       0.98081130839142627       0.96742948318155519     
  0.66508337385842087        9.2840222337584544E-002   7.0190548748054762E-002  0.33532547822761644       0.28762219372653330       0.27062537335973119       0.27871139389192334       0.28081485575154702       0.85588098063859819       0.39454808724165069       0.37142403651565348       0.19600805229069709       0.25352420250154273     
  0.86119400682068059        1.1804733668690617        1.0442741678018630       0.96773088374467442        1.0631291151146267        1.1861757166063791        1.0462758190710499       0.82276915900133563       0.94027347317895582       0.84538720775818865        1.0555557434020086       0.96813903499332021        1.1829267695295369     
  0.67587196281552986        9.9253964937274022E-002   7.6571572068522845E-002  0.34886054085247220       0.30263609275845171       0.28353457795018394       0.28851456434868356       0.29420333483208455       0.86180618821719057       0.40159613406513983       0.38252163581867338       0.20839543327080748       0.26905634087632718     
   1.1891492881655914        1.1855298044495683        1.1265809386493961        1.1079589161277252        1.0086162157791321       0.96714830490858994        1.0107878863734374        1.2847736285009834        1.0491382447529090        1.2068512951755841        1.1374739521811568       0.98039733605587776        1.1556577415228959     
  0.68679257304850427       0.10564409179754712        8.2764021936623355E-002  0.36266464539904975       0.31805142473286940       0.29624275991503218       0.29817084953895745       0.30709166496070822       0.86749746716215770       0.40849081822457345       0.39306304848029627       0.22191084520914270       0.28479538930840570     
  0.99631649445260484        1.1803832644916552        1.1528967924882851       0.97743290121225501        1.0205862764405698        1.0614669535179144       0.93651638265027326       0.98085433827966917        1.2264298106980767       0.99247470440375618        1.0562525393612581        1.2167144220040000        1.1103296738896757     
  0.69696107788394046       0.11231834978778191        8.9148294379078966E-002  0.37744099604255960       0.33406315007543058       0.30985485409779850       0.30820242452626112       0.32099747217929503       0.87282266016728904       0.41493181993801076       0.40377269118816661       0.23562095509598110       0.29999795108867722     
   1.0007165851447228        1.0129638077741157        1.0063812167527924        1.3098237721038888       0.95326772539306415        1.0441197822287889        1.0989468710770911        1.0883425354861076        1.1034805650855373        1.2038370265710023        1.0078981959673554       0.95131054613554233        1.1693792113423385     
  0.70646575547601853       0.11923374078741293        9.5850504929785821E-002  0.39184530821723351       0.34901503607760992       0.32470890703221994       0.31769165773555791       0.33628372628624054       0.87794717076276474       0.42050493388176613       0.41542862268667879       0.24936578128458342       0.31575421971657536     
  0.95779378553627703        1.0866591356252668        1.0343955073252611        1.0379036654327360        1.0919081995858588       0.97678658033329868       0.87595805286946127        1.0015880742473060        1.1854188464999340        1.1187639007742558        1.0249230094966328        1.0664492070350031       0.89011203368316738     
  0.71564699442548829       0.12653153036274778       0.10284082172465411       0.40650837535983764       0.36350056602287312       0.34081173039948559       0.32672148087671044       0.35277910665364021       0.88281983089314942       0.42694238665728507       0.42744997295913156       0.26364899850723994       0.33263108251464885     
  0.89341318039567563        1.0368143520815365        1.0412971059141725        1.1013805139614645       0.99985142809135408        1.0863060617844831       0.94711800412310843        1.1359591191906218        1.0614832073723035       0.99035614407465911       0.96396666561731903        1.0526072911616291        1.0240053552169366     
  0.72491044819550665       0.13390654927034268       0.11001306030123333       0.42151039300657023       0.37876696339091664       0.35629600521277949       0.33496643753678024       0.36964473947925841       0.88742364265180373       0.43359545076715250       0.43918250806673825       0.27769799501703829       0.35003314165318555     
  0.97258257177852070       0.94903462976630482        1.0925600379086564        1.1384267247473947        1.1779521939265198        1.0224015678442175       0.88494447528918263        1.0825098805892526        1.1780700483583921        1.2592824306806494        1.0104220733406726        1.1154783703541427        1.1344231699176914     
  0.73397061137004282       0.14165949420061297       0.11757062431166253       0.43645159758032270       0.39579358829908123       0.36986759060065044       0.34390700527624407       0.38631602404602911       0.89171889677507454       0.44032347995666837       0.45054667123777431       0.29354478202559325       0.36641974020737494     
  0.92807642872883733        1.1914706320679580       0.92463508967552743        1.1863841969524516        1.1517812128881664       0.89172561835641706        1.0589762753441283       0.90017944153932028       0.97282955065042154        1.1662898567218987       0.91993261044139485        1.0165441980614116       0.99818750630082564     
  0.74588994741239878       0.14928094177799756       0.12742723252792784       0.45070472560037833       0.41440262285082619       0.38308856441283506       0.35313211823435431       0.40199933293800355       0.89572617253120279       0.44651368216916237       0.46211510182645810       0.31143253092499240       0.38146836106658483     
   1.0133888639831878        1.1167026955736838        1.2481995868234681        1.0408037842666884       0.99543427067434953       0.97273997475731722        1.0577664210719542        1.0051355299234301        1.0793070221640517        1.0586741323614177        1.1220571940559667        1.0413261946133439        1.2132225868415096     
  0.75617156393548612       0.15686252436131037       0.13658484009164279       0.46438447570761654       0.43259031521601532       0.39638481518430368       0.36284476969043472       0.41639228126630123       0.89952858130638247       0.45205981645085963       0.47402107293611873       0.33099269455667940       0.39570201721150183     
  0.94616238876208769        1.2558611265531583        1.0008473895214711       0.95839579076874726       0.93307983185953580       0.86560433294519112        1.2307539668095513       0.93358161000385242       0.93583754999973645       0.91773314065526468        1.0975275461192999        1.0585143491420210        1.0139312987846525     
  0.76610881122813679       0.16471677963415060       0.14722358750813080       0.47762581527698161       0.44940798290243061       0.40874111581317896       0.37292881941460237       0.43160177698437591       0.90335524387060251       0.45756833873978153       0.48595761008854582       0.35018609137407936       0.40967432941669607     
  0.89938790441889638        1.3718306196414021        1.1045460241535203        1.0442613571541171        1.1409280304843568       0.97229358464016147       0.90383698724949879       0.98667388044193360        1.0400547966175337       0.96888822830315213       0.98618063632796438        1.0314953964106086       0.93492908422499710     
  0.77631897844051667       0.17275886288072345       0.15747283268760404       0.49114041232697869       0.46570615225120748       0.42164280399374809       0.38398547604147432       0.44642734522752575       0.90696474606171507       0.46383120603338046       0.49921131722660361       0.36907790163666970       0.42277322513230647     
   1.0447396835929494        1.1859462044565894       0.94356160810436707       0.98079959812216999       0.98508445661905175        1.0587547700645827        1.2674185717350421        1.1231667327131454        1.2073862189853735        1.1496395244991400       0.84718235957295163       0.96877529024581932       0.99858263553555282     
  0.78628605850509870       0.18082218006555573       0.16789924942468629       0.50532133288172787       0.48205330509000471       0.43376929374963558       0.39515730210465050       0.46163676317501628       0.91022303625173928       0.47041006829420168       0.51487266408363330       0.38797752487969234       0.43687114151890716     
   1.0778074576847632       0.97953542329675902        1.0275207761636960       0.98719048725862690        1.1210587893803872        1.2032188109189934        1.0384221855535722        1.0312497450586495        1.0560971035919227        1.0349123556511981        1.1499324275883422        1.1530672281558554        1.2632435804343924     
  0.79601073777192433       0.18913145522284891       0.17870135379724214       0.51983987188887681       0.49909532441528381       0.44561203978085934       0.40521323400746090       0.47675165594832225       0.91361395185782601       0.47627461392751952       0.53195963186174511       0.40742475229990599       0.45169908398150160     
   1.1594121475554544       0.97096507177200098        1.0585087684091763        1.1114608443074023        1.0799451044756239        1.0098426238500438       0.82881456129245412        1.1195452631965632       0.97871473123520480        1.1076534838597254        1.1205973638022078       0.95236730537039094       0.96452047048402023     
  0.80548009808414633       0.19814965467596654       0.18916623808445071       0.53406739873455056       0.51675329604360443       0.45962303658862780       0.41441400296828107       0.49118803419542278       0.91690139222521416       0.48167826867978708       0.54798563757140561       0.42586474795438112       0.46943611536475510     
  0.92397030361207488        1.1066191591540375       0.91420082491748778       0.93824759066636776        1.1763931232814335        1.1073925786402092        1.3088695850190597        1.1310827257818072        1.0091557880612605       0.92719681394733267       0.93563958385882584        1.0047392999326235        1.0363104073622367     
  0.81525426555793168       0.20714107958934655       0.20039561386630994       0.54775964250558207       0.53289959845374613       0.47477270226550311       0.42384649409616149       0.50701879541654826       0.92019221223819814       0.48748827476517043       0.56382591350913080       0.44331079932612905       0.48869276070837925     
   1.0709103217217355        1.0779963539261974       0.96728149429331145        1.1739791534706268       0.94591984733651147        1.0024466420361815        1.1907375145296790        1.1047256470725071        1.0027083742767797       0.99126912972341474        1.0784826066401703        1.1952375786230811       0.97468490982127742     
  0.82468231731210861       0.21698038661794594       0.21333776925712117       0.56223979921757772       0.54845018741634410       0.48974213368806530       0.43383015085449195       0.52175205542283276       0.92336657939745415       0.49408387246856805       0.58014235719784013       0.46031887063089882       0.50728775389078140     
   1.0906729834478208        1.1012666756999421        1.1637784106202709        1.0614243237316563        1.0685426430691929        1.0260709173751479        1.1168026950971446        1.1156145372679986       0.94329762321149213       0.95393245676026883        1.1977741704568150        1.1783968613778844        1.0552223781982748     
  0.83369445378603679       0.22594973436666047       0.22607553330037208       0.57755502143002346       0.56349634341686128       0.50498867310968309       0.44407611960903987       0.53731479232746771       0.92645591824022144       0.50040851142902687       0.59728291264733158       0.47775370659643196       0.52534636997823070     
   1.0268391946046245        1.0349991379819523        1.0350700725145117        1.2832004527710634        1.2332429290047722        1.0320508051713082        1.0838337043842987        1.0679360258885380       0.94701402336657126       0.88024590723749419        1.0401044205892258       0.99305527592199472        1.0479475391362369     
  0.84214991223271141       0.23646682382543552       0.23811962612504120       0.59281566924054419       0.57984614782255406       0.52138930887223411       0.45558961271827147       0.55394932732517010       0.92955670923147582       0.50641286160765986       0.61410483142014693       0.49615003661527685       0.54306510433652477     
   1.0515964771245616       0.96759822677431717       0.87395720412366662       0.91656316096566925        1.0839988005584482       0.93990401962069658       0.97504255953788288        1.1773363722702361       0.97488684086933153        1.0324841147802828       0.96428437724121063        1.2709200435620076        1.0512499642804536     
  0.85006578676224731       0.24765650397411204       0.25270745897226521       0.60791854952913382       0.59810168094779825       0.53910942752111002       0.46749017530491171       0.57100722808244775       0.93269456610044177       0.51258168858607156       0.63060293086987429       0.51484081619743927       0.56179434741088452     
  0.91742027597207965        1.1879789810912194        1.0791545878471100        1.2191583338787466        1.0711771944395834        1.1554003519983980        1.2564909446085373       0.94389076169568875        1.0819683814258336        1.0664570700754625        1.2418144660786123        1.2574540939960064        1.0335989505992838     
  0.85743187351303574       0.25912896999718754       0.26806842816738780       0.62276344826816810       0.61805215954929005       0.55631833325143909       0.47936262894405912       0.58759053715701159       0.93562293002289776       0.51874212082717097       0.64724462964451224       0.53224820814805973       0.58131721858191210     
   1.1123459612885618        1.0526073328101058       0.93585246800335642        1.0936077992445914        1.3112247278422038        1.0960711674969710        1.0836499651158764        1.0470276951166335       0.99206738547741558        1.3739713447852082        1.0570408305012775        1.1918612994717952       0.99061067006367709     
  0.86414321719048526       0.27031909218595751       0.28482395473069544       0.63722223180741699       0.63301933290018875       0.57336608601111549       0.49185415713337916       0.60349154947959160       0.93869027353194046       0.52530266131437853       0.66424057729174513       0.54967162906245948       0.60141308625563017     
   1.0239516407942115       0.93851363732586723        1.0356243151284603        1.0957479598321083       0.95838620074122272        1.2250079574960970        1.0295734003219668        1.0990213382571663        1.3366999373674875        1.3002317623574606        1.1244013203648866       0.92843068975670351        1.2182863162501414     
  0.87012641854496853       0.28243286072089197       0.30125264093983989       0.65172050818479010       0.64585518968698963       0.58942540504487284       0.50445509761244456       0.61902587818106469       0.94166650305062682       0.53154220578876776       0.68173492240031663       0.56615462011000961       0.62097502152986805     
  0.96452629297378378       0.96942950114009308       0.90754805921896919       0.84983386870085298        1.0487444336955094        1.0682000260497710        1.2804194762144991       0.91225512530972641        1.4918839797785020        1.0077078631552647        1.2186110805803987        1.1045207696765746       0.85499512821000723     
  0.87633547501909481       0.29528860244949923       0.31817985726186560       0.66414627750517508       0.66116241374060725       0.60476069372314856       0.51673030072975890       0.63486428191633815       0.94446121293181662       0.53764642989718625       0.69870192888518845       0.58186252831203722       0.63993659137492342     
  0.95120899204278442       0.94242202080202975       0.96902253261369664        1.0847489420176661       0.86842490125585392        1.0122693943577175        1.2192618149093186        1.0649094505830088        1.1433628214134643        1.0378329653700042       0.93377848837517519        1.0105059596215398        1.1734020316856275     
  0.88286512991004040       0.30959998924247956       0.33750795202922268       0.67454139227159149       0.67734307611465139       0.61990782622757101       0.52869558246159520       0.65233643118842044       0.94706808951876198       0.54383560101680706       0.71639623127020269       0.59694714215643907       0.66015679256598880     
   1.0487995064898135        1.1230757710024408       0.97221977618142075       0.81666280388480716        1.0441423444634792        1.0091439656005718        1.0066595176129980        1.0545480347337108        1.1315269613453764        1.1611483679220629       0.97425651309856287        1.0857731546243330       0.94639960489832298     
  0.88944402937306788       0.32546115485224525       0.35722802124342207       0.68795223213658785       0.69515742778836875       0.63562656054748645       0.54080406293558936       0.67051485657521359       0.94970049754657326       0.55021790710600216       0.73452593894702523       0.61192765418935469       0.68019510456431231     
   1.0866769484699119        1.0229657050868377       0.99081464840546685        1.0463539299489932        1.0623627239325413        1.0761623480612088        1.1152036513174510        1.0469836065010805       0.98979301816364684        1.0550292083147961        1.1327520738475061        1.1272781290594345        1.1075195925646064     
  0.89612472282250322       0.34138623400312568       0.37806225636257190       0.70201187287001188       0.71248504097330823       0.65161055868151374       0.55349483940348476       0.68781701685875196       0.95237046758716049       0.55702013378290893       0.75018259827043465       0.62745012071956496       0.69841236401783890     
   1.1557892890842261       0.99838460590495459        1.1516913347174735        1.1758064088538616       0.98808060598725778       0.90077087310903259        1.0547807267493887        1.0375858511931098        1.0506886324459481       0.95500335502795641        1.0771777681860357       0.96793673126847879        1.1772258051601856     
  0.90299186451002034       0.35700268273900154       0.39988925592198732       0.71651010311942609       0.72904964045508014       0.66921285272979492       0.56703724877548689       0.70345264633595206       0.95498575452626044       0.56370378955911182       0.76435185859099852       0.64317985624335683       0.71537369859546085     
   1.0433555790491937        1.2194825251268839        1.1418831562211207       0.99365097141604719       0.98158871602440756        1.1358591216255023        1.0386172813855381       0.98790398778654676        1.2670539637638596        1.0305974550205348        1.1619117679964723       0.90181985679299181        1.2827870999673159     
  0.90956222732269132       0.37266476113054209       0.42279724336031921       0.73049427759770991       0.74503236874724643       0.68772544891703069       0.58086892306882754       0.71844699047511873       0.95748804395348874       0.57042127383051056       0.77748219080608172       0.65812906514285374       0.73521838908662263     
   1.3352479895604548       0.97664585630583811       0.96347532465630625       0.91604194874610356        1.2527003791313749        1.1313224794859196        1.0785780063070038        1.0039546481052606       0.86211545952617441        1.3198915077694895       0.93639970819210461        1.1007054800902272        1.1781450280459285     
  0.91535439974499144       0.38822319577440806       0.44544849327508140       0.74422906510278375       0.76066467822559491       0.70532515034190979       0.59218562555788468       0.73225573785942855       0.95976105174492599       0.57696266086172188       0.79036235036752267       0.67219963373761482       0.75525637874749496     
   1.2689341744379319       0.92904392451165330       0.93851102360761318        1.1050623534778587        1.0689799784814882        1.0073753724732972        1.0487103366585484        1.1693323395484256        1.0077077154603553        1.2332335520054614        1.0826705292836112        1.1386312858742325        1.1099806653712159     
  0.92127912114097077       0.40404357087744580       0.46937821379152600       0.75892853726888654       0.77592449686441600       0.72209930283922663       0.60436600907775018       0.74633844467850263       0.96158970501774932       0.58335271838841463       0.80310491657863925       0.68625062026748052       0.77405678222991836     
   1.0333652110752016        1.1021848086416342        1.0068642524648228        1.1188002105001111       0.99459004940017925        1.0638736528926367       0.98504049883499689       0.93690975396677656        1.0874883294449997       0.98999360372035505        1.0089614306206742        1.1585472556464389       0.96024080787093824     
  0.92693890759570774       0.42063238580475315       0.49625562078159258       0.77277693287961935       0.79084663175577652       0.74048941110857625       0.61741078901517343       0.76187391678759475       0.96363857439305289       0.59025067364032358       0.81586767940494254       0.70180993804059955       0.79156023405395826     
  0.94004235291885618        1.0784562840759970       0.98952953537126342        1.0335316014977194        1.1577325936969729        1.2314355064995230        1.1439995099902849        1.0076764426209133       0.99556482043408923        1.0951935591929627       0.99107656476837913        1.1085250921004417        1.2155797501839229     
  0.93266427715600841       0.43941713295172569       0.52777981003214369       0.78563406780030198       0.80634414222496775       0.75953718605578913       0.63044691577598344       0.77811158963254545       0.96566506238881222       0.59722681939885680       0.82918053540734260       0.71939142305592341       0.80861833640243863     
   1.2911010175963717       0.85856239602504825       0.89841190458590692        1.0244371298223793       0.90426457464131849        1.2190610936102957       0.99380780008325842        1.1143742651040458       0.87061671821793163       0.95136144133324596        1.1983339618473430       0.95315125141754131        1.0283647624514871     
  0.93824763857559457       0.46098387144638525       0.55849667290221272       0.79885532937325565       0.82205436410392552       0.77864074917799531       0.64402981175498286       0.79483027866555145       0.96772806253922272       0.60506326440828850       0.84186052209710283       0.73815534760208179       0.82480458525332301     
   1.1465068456570682        1.3944209967942764       0.91921584539030798        1.0218168539947243        1.0298282170629325       0.99217202411885874        1.0736030629527056        1.1056995032322405        1.0694776370134109        1.0532218237830762        1.0749269211745198       0.97667030836539459       0.96564832219358399     
  0.94338101836387445       0.48175296329893252       0.58726580140171525       0.81455683736162432       0.83766999351490856       0.79745910760783878       0.65747826367970830       0.81157657302872632       0.96984804196901042       0.61347942294399305       0.85469755024046057       0.75860611945261081       0.84057809861887955     
   1.3689191175265318        1.0429911078327025        1.0736161724507576       0.96102785416007930        1.0359489493170209        1.1886656147498094        1.1826080009745581        1.0761409157379922        1.2656474641153543        1.0830290441744419        1.0793435958926196        1.0054692180524538        1.1951644302323743     
  0.94841471026370672       0.50184527956894742       0.61838670084070557       0.83071618948728365       0.85298440966688593       0.81710455620876454       0.67115125552952271       0.82717652433249178       0.97205756916466401       0.62219821172406309       0.86836828982821312       0.77932366367338279       0.85590526928930011     
   1.0611936112276785        1.0125619541152882        1.0587237326147358        1.2345140639652334        1.0480095239751690        1.3152488320666635        1.0716914894064149        1.3538126313477143        1.3029107845092383        1.2034769700694103       0.90959403947850059        1.0306359863329548        1.1575343560539051     
  0.95342085034902546       0.52713095393742770       0.65150703072271943       0.84619814268843818       0.86841826927607324       0.83716236419639967       0.68486800718799845       0.84179074558249078       0.97436730090940282       0.63111435445222608       0.88200874668823270       0.79940949343477252       0.87111047184641544     
   1.1362976687381714        1.0434366139506268        1.0904259647012011        1.4913793610367878        1.1761968325507484        1.0153894993967822        1.2338550315725196        1.2454213259602684        1.0579350818925812        1.1678156300143518        1.0058933735851321        1.0071155714613809        1.1387312105827612     
  0.95843045502500479       0.55681233306241840       0.69037066056126650       0.86174307564923869       0.88399838969466316       0.85654284705307937       0.70056996327800702       0.85756568922478227       0.97663464702655556       0.63949557034742155       0.89601096881340714       0.82124731156333364       0.88733626819986144     
   1.2658736235024621        1.0741159277709844        1.0556669375399925        1.1696965677778468       0.99692086743831576        1.1620769165179181        1.0603618387072795        1.0112084377709722        1.1089947768381883        1.0026106654371392        1.1672473910470316        1.0096300607584394        1.2418255382803924     
  0.96345078857194488       0.58884343918971493       0.72990219699833003       0.87819351070064477       0.90007474746690075       0.87560324888392427       0.71819011178579917       0.87416034636195838       0.97869676226583824       0.65006254303507849       0.90996856950822058       0.84446671755115088       0.90047390781778291     
   1.2963828261737838       0.85059749933476969       0.98609741282811358        1.1711824003554574        1.3004977704791960        1.0511138327591594       0.91966998722298932        1.0705408183176717        1.0685232009486723        1.2752838687765502        1.1965659377182560       0.96590695467348175       0.91050194304063625     
  0.96839185677094741       0.62360393258579327       0.76701704390578296       0.89620046999594349       0.91532506552135895       0.89491420796267906       0.73561820435181502       0.89211013190397115       0.98046223855663839       0.66106623622104344       0.92332782997917173       0.86663240197337710       0.91650805508414301     
   1.3170242992216474       0.89397632573605990        1.2485810516582587        1.3040538703945319        1.0271360731846699        1.0782055178291217        1.1350357227317602        1.1198239297088359        1.0980413220139114        1.3910901777429723       0.90616948410462628       0.97658218568142752        1.3201430839437864     
  0.97266145488706501       0.66154689222282170       0.80643675890088951       0.91559816106726999       0.93143270753986629       0.91453527127178125       0.75350446204780763       0.91219279240812101       0.98247618134982140       0.67310426802570622       0.93463258968856067       0.88997305787673053       0.92966613609608151     
   1.1591292782583180        1.0112297914269708        1.1171320616361728        1.2972218806010765        1.1185508249551050        1.1989589683817061       0.95527225252738812        1.5122228213352262        1.1769634045150839        1.2881495665860379        1.1839729056856099        1.2502247807641982        1.1453805050736960     
  0.97697689782450703       0.71014469695462989       0.84566431457903535       0.93461845454237691       0.94699403792176939       0.93345433922523080       0.77411774196871830       0.93094709011731769       0.98485670955257387       0.68596914449279356       0.94611804519418707       0.91178247413132363       0.94407297742364127     
   1.1511296021282345       0.93550409790047084        1.0879151312279520        1.0743345655411223       0.83555525908157524        1.0568111105169977        1.0443708510260992        1.3333651905832375        1.3916649294218650        1.0691616997568349        1.2379413144534885       0.93792200503811107        1.0084476868011787     
  0.98159089454623349       0.76268423450215816       0.87975115125506831       0.95199796408917969       0.95945510824090630       0.95009654164908519       0.79616907032376238       0.94915458383011009       0.98759921550268326       0.70236213380047774       0.95838932700350121       0.93337638546650314       0.95905926682376907     
   1.1657204498077265       0.91434628050218003       0.95664699229874339        1.0971476734360142       0.99520017035930997        1.2164674513256997       0.94742899703158434        1.0358618863991125        1.3428361927418730        1.1724373289643517        1.2706987042416149        1.0821237923135678       0.98546232081857477     
  0.98692045121461891       0.82192224700592886       0.91392018517777251       0.96847504271900509       0.97177616538361122       0.96698967961860849       0.82767055355892194       0.96774905925654897       0.99085788444865841       0.72868295608064215       0.97164205399125170       0.95421666126689497       0.97264142279837262     
   1.0872634573930176       0.94166622797660060       0.87759598610839229        1.1573922832878281        1.0847422465223826        1.1275522159768046        1.1487693789250806       0.94220317653683094        1.1888826178290182        1.2415485352942721        1.0982311701849201       0.89652000241174701        1.0886544883608278     
  0.99314670107343317       0.89959570706500624       0.95240841939340781       0.98440053325184496       0.98536048463737680       0.98328668118763429       0.88827702497571148       0.98346905173562726       0.99540815325154075       0.78605910709893345       0.98571653111674240       0.97691638064621289       0.98651522184569762     
   1.3568856891470142       0.90458826572655215       0.96777357485046867        1.0191505843053690       0.93932965550904912        1.2121860919100500        1.5571356629132154        1.1586619823785524        1.3173187964684274        1.2630187313474714        1.5239442581060094        1.0336626348377784        1.0247078249860631     
   1.0000000000000000        1.0000000000000000        1.0000000000000000        1.0000000000000000        1.0000000000000000        1.0000000000000000        1.0000000000000000        1.0000000000000000        1.0000000000000000        1.0000000000000000        1.0000000000000000        1.0000000000000000        1.0000000000000000     
   1.3365849961002094        1.0349542328280006        1.0216055126610608        1.1646990710534015        1.1366220849541577        1.1551270475419988       0.98658846657069388        1.0235512662860531        1.0582499439936104       0.86426662931760867        1.1055108790656949        1.0976657900402171        1.1228868544137718     
   0.0000000000000000        9.7936026767270992        5.6955879099601923        3.6695809801955916        6.7894808217438438        3.1889952345399331        5.9060000987113659      -0.22034238551587171        0.0000000000000000        3.3304546860938720        3.5945611610413457        4.4624475328644699        2.8973449711272825     
   0.0000000000000000        4.0823078407995537        8.6320013617304205        7.5616907789169732        10.295974754421716        7.8895659059950480        4.6089361125808148        3.8915796866298749        0.0000000000000000        7.5843675293710486        5.3768280239604778        10.902088476966151        6.2862952715326665     
   3.1531748243009705        3.9821706717449983        6.9080771791677877        5.0058750565958094        7.9953394743361930        5.3743088347256789        5.7208487846844998        8.5917276961361146        0.0000000000000000        4.5145445851504427      -0.22777567670895799        5.2192323610966520        4.4775772487275454     
   3.6391834732340538        5.9070221041925262        11.106023261804628        5.4740134606967610        1.7943912284473491        6.7375916692680811        4.0497788469244549        9.4104163625521089        2.2735597853790899        8.5380691659840569        6.4193468050715925        6.7574681747661662        12.200107047466288     
   7.7062730051229389        6.2295787100090836        5.8659974919587139        6.3554305171333949        9.8121855431249951        7.3353477726580731        9.4845147818544220        10.187045637703507        5.2143403641932524        7.1120866902448387        4.9878614134755397        5.9871488448832135        5.0673956506636486     
   3.8367152306391441        3.5296969991292757        6.4190290362942717        8.0506886394589294        6.6992492103027352        6.8834800725411727        2.7567229264148612        8.4254133763253840        4.5979753660294058        5.2947210329050129        5.5358808406761044        5.9023684189386225        8.6758098471726512     
   8.5531095355910587        6.9786447183609743        6.4547088345099075        8.5748884635141209        2.7063369962465109        10.559369681320513        12.595258001276342        5.6930316322629011        6.4740548028984248        6.4988622458855412        10.049484462282116        4.7730479173001648        6.3706625439047615     
   7.6766180612142803        14.314518642908746        12.099657676450986        6.2149015452467582        4.2329806822321308        5.3048345651784174       -17.211155779481796        4.8950524187344664        7.0208621804549081        12.039991690262461        7.4214446960870273        7.8952989444342894        4.9576512469034224     
   4.3339144580446645E-002
           1           1           1           1           1           1           1           1           1           1           1           1           1
   3.3639110341870809E-002   1.0558424839963883E-002   7.5054767146450507E-006   5.8724639331001827        1.0482556581554901E-004   1.1566434921502993E-007
   7.7279756680607189E-004   6.1194326407638456E-004   1.0797453864670229E-005  0.61881542619590357        1.0797320735583439E-005   9.3003009199878870E-009
   5.0000000000000001E-003   5.5930269560650503     
