   0.0000000000000000        0.0000000000000000        0.0000000000000000        0.0000000000000000        0.0000000000000000        0.0000000000000000        0.0000000000000000        0.0000000000000000        0.0000000000000000        0.0000000000000000        0.0000000000000000        0.0000000000000000        0.0000000000000000     
  0.19509661775626561        9.0439316102798890E-003   1.9381754011347698E-003   1.0629438386946499E-002   1.5999842459222664E-002   1.1681322220694255E-002   1.3111541602040831E-002   1.2101261568454480E-002  0.52170505974482972       0.16842907587553652        8.5752354206859810E-002   1.3997041443613032E-002   1.3187896539025419E-002
  0.73765917697694261       0.94811283436808214       0.97449472804771875       0.93731254605720005        1.1135808937604905       0.84005437276344785       0.87487567063897664       0.94079929720081668       0.73765917697694261       0.91838817252034477        1.0369794989520900        1.0150536551028011       0.89199627727508901     
  0.23339249015217847        1.6492553475495334E-002   3.8488385631210613E-003   2.2288492179892146E-002   3.0123304396084207E-002   2.5396776019700369E-002   2.6803106760037495E-002   2.5381178750122035E-002  0.63799282722414230       0.23034017765546569       0.13212012692138134        2.5198841636093240E-002   2.6465641711295687E-002
   1.3444590512157670        1.3767738153725388        1.3285931962647122        1.1391411198682897       0.87271985316421963       0.93507338373193671        1.0128472276811047       0.88456692552913208        1.0902048123718464        1.1977904536997015        1.1247339861341603       0.92814856718964522        1.3143723411222439     
  0.26246801969412503        2.2937128278913248E-002   5.7514472148407205E-003   3.3467157871540726E-002   4.3999734534992153E-002   4.1759757337661657E-002   4.0628862590062167E-002   4.0423223829964924E-002  0.68800206378589013       0.26510837169143209       0.16488326424941818        3.4373664879548765E-002   3.9556656132218031E-002
   1.0720528944056182       0.90937205269223942        1.3144367765812361        1.2314111009325874       0.95028171230358882        1.1990403977593302       0.98700121296895149        1.1535327442643315       0.93642132366944619       0.87223486870966060       0.80736887087096365        1.2322487589207700       0.90970957632195704     
  0.29668988731164497        2.8956550497408015E-002   7.6879612397944752E-003   4.4911141276653341E-002   5.7987325941525426E-002   5.7951055122722514E-002   5.3046439959543827E-002   5.5975840398940629E-002  0.72157105404610589       0.28916698194440271       0.19342129274550185        4.3688721410895262E-002   5.4007412495894400E-002
  0.92739968280191021       0.95453895342966932        1.0545424435491846        1.0432448919675288        1.1168048451624182        1.1019650385674247       0.98006709399245107        1.0724366693190144        1.2097371458876451        1.0687513727512574        1.0062297013425776        1.1958350951324606       0.99637853085726491     
  0.33222973973905823        3.5395456344187164E-002   9.7941755010766997E-003   5.6472248728469884E-002   7.3265483564500300E-002   7.4528086768382046E-002   6.5151119043358519E-002   7.0005799247005909E-002  0.74585223579765803       0.30769188968975425       0.21672566292510648        5.3256374888786158E-002   6.8790064377397084E-002
  0.94830317618630666        1.1318433848379053        1.1144191012232518        1.0168985135587396       0.94102653461810359        1.0730672881332524       0.95825312817610830        1.0397986301596676        1.1294691124390313       0.96954412848398619        1.1107847790915875        1.0710113863673298        1.1167732125136678     
  0.36607024865339899        4.2153236446097211E-002   1.2046827647370917E-002   6.7181232228324242E-002   8.9314395144924341E-002   9.1470065012929008E-002   7.6516758746180899E-002   8.3798403288806222E-002  0.76402205879113716       0.32258126788455166       0.23568701536811199        6.4045812223748430E-002   8.4591737857536181E-002
  0.87671603603301484       0.98283912677804486        1.1186984003863292        1.0702078052102855       0.91168746355726626        1.0317255173320750        1.0781540535801208        1.0038416631997895       0.86240279401461950       0.90970995550932821        1.0468731779112519       0.99590455212962659       0.96732931119958410     
  0.39838440432337374        4.9022959048179257E-002   1.4639191277481671E-002   7.9213327572831352E-002  0.10617315907322006       0.11014957213786492        8.7511630218429698E-002   9.8293645672109783E-002  0.77953026971650197       0.33696754444362187       0.25024781446205741        7.5447615948798202E-002  0.10063040732558357     
  0.86107474778417292        1.0336897696939586        1.1563481630035499        1.0832130251162710        1.1404733544778849        1.0821549227002363        1.2299054662211233       0.94467706320944089        1.1118246136518828       0.92614249854639175       0.85482376867424048        1.1321577175738531       0.92902315824121129     
  0.43139144263213552        5.5982814456642362E-002   1.7654926817464313E-002   8.9870712539577277E-002  0.12269167212969539       0.12911223519612133        9.7555411005760179E-002  0.11279081804854285       0.79357634043988856       0.35150366048601750       0.26432591522018695        8.6789582155638909E-002  0.11668912065374495     
   1.1537903830603500       0.98979585915567936        1.0933509764398670        1.1826473965546946        1.0172067273978584       0.94946239829411683        1.0319705101725651       0.87908549554882287       0.97814842563348336        1.1176814872822152        1.0297993414941595        1.2595708081647790        1.0544091876896209     
  0.46144028896881278        6.2924004276069312E-002   2.0718272303500117E-002  0.10139597258962531       0.13781568920424542       0.14647327442557864       0.10704445652898975       0.12681641482335926       0.80579913611465803       0.36498715042097551       0.27720439138921649        9.5630583987743406E-002  0.13214139122186899     
  0.91327732065913148        1.1477718007390827       0.96742294543143337        1.0987392542906713        1.0189686672399898        1.2597512930747843       0.97775484174455507        1.1290930621719746        1.0766198703671483        1.0921670298054371       0.93754212401227788        1.0499737804387734        1.4324527528594875     
  0.48834189668247852        6.9524556432770071E-002   2.3761589045943006E-002  0.11390635141972347       0.15205622737630087       0.16342551528097637       0.11703291550183736       0.14069144528921976       0.81713149253349815       0.37698480077131957       0.28962871977868621       0.10409146434336015       0.14944952173240106     
  0.85346461119013650        1.2652727262538106        1.0175334427695277        1.0407456050467885        1.1625381010899143       0.90331135534528684        1.0188552658852839        1.0535004565922073        1.0068683297180097        1.1211966124518442        1.1987618348762903        1.0262738639366502       0.93150608510087529     
  0.51425178157280316        7.5885957878641927E-002   2.6968159247177902E-002  0.12676853477048242       0.16611414873411096       0.18054702343530907       0.12811898513060563       0.15592183081121805       0.82637853194239630       0.38841798426675894       0.30184250629750686       0.11212069977658243       0.16811150993743273     
  0.84111948781380041        1.0022240230520991        1.0878484389216243       0.98333116708149337        1.1139660760067691        1.0481593299420109        1.0725699456576485        1.0474019564569290        1.0447586540847866       0.89809837651867108        1.0488705660811710       0.99874184304878033        1.2934372385493649     
  0.53838534759477463        8.2612236925388549E-002   3.0300291218522936E-002  0.13914756147441132       0.18063698221688185       0.19823750031381121       0.13929217124907145       0.17190239789711712       0.83450576309517177       0.39985980860003290       0.31295433717914356       0.12315931002576695       0.18610180547425598     
   1.0381315094403394        1.0115569303468550        1.0403459925931364        1.3334298685172021        1.0903028517599751        1.0168018100450520        1.3098452182426550       0.94585076724831130        1.0243915807624933       0.96716620582928547        1.3482604999256214        1.1586874652012933        1.0476988712066952     
  0.56126827782595823        9.0306943188356095E-002   3.3871183782128646E-002  0.15164583929697875       0.19558731871063248       0.21659894985324729       0.14925576556780876       0.18859594614294869       0.84201840129078775       0.41090244111559476       0.32406644446846095       0.13749432525620928       0.20284825649739222     
  0.92953652360952732        1.1018593246295678       0.87775961886534803        1.0389109979487050       0.87002489133187377       0.90803831459940298        1.0036279816672475        1.2717329549716361        1.0059048626337055        1.2123270190140569        1.0831881573506135        1.1568808196451823        1.2024962758390227     
  0.58299999495169952        9.7604912713397565E-002   3.7808358935849967E-002  0.16365858884849091       0.21084581807136879       0.23410642150855485       0.15885089245752446       0.20530627130857079       0.84909967401587361       0.42095470517703831       0.33587252678863222       0.15148763156335548       0.21913017377678812     
  0.94719511916767041        1.0901545980301970       0.93237007172037534        1.0273033159709601        1.0359371496145571        1.1017877832040370        1.3314384782382407       0.95940888906277755        1.0380436539140565       0.99527465353762234        1.0724274899368951       0.90236871132644192        1.1433625758054922     
  0.60295793602117931       0.10477977451446914        4.1985886380315342E-002  0.17467014339076642       0.22660181598155790       0.24946124295702193       0.16843066511031879       0.22212167180539935       0.85579549967480328       0.43052444162560488       0.34896859345940107       0.16448947846171699       0.23573537050163659     
   1.0192258859645100        1.0087632767440025        1.0637253431762543        1.0068291793230710       0.99058977508806312        1.0603719246141816        1.0033772996973189       0.97818456146900112       0.92436857727911759        1.2105754222335812        1.2198209764944781       0.93816382523109199       0.87722496545843509     
  0.62376125562420004       0.11246423695139274        4.6592081515087029E-002  0.18513664468999083       0.24187657833553608       0.26250611155851306       0.17881736994629835       0.23812076667104062       0.86195803499877433       0.43937858821622938       0.36165057719891847       0.17701218774693125       0.25076281160218378     
   1.1418356731733152       0.97667266619720772        1.0870212189207042       0.96638581713130101        1.0058605902990243        1.1446108791160921       0.94100041756961017        1.0612846841494581       0.98389255168916367        1.1308635036169392        1.2337800728387855        1.0546748406450730        1.1959923892087478     
  0.64475675273971311       0.12009286378834730        5.1418228808775911E-002  0.19581468969302662       0.25636206655051597       0.27482077898043644       0.18994075864023671       0.25350457762377837       0.86775428147002465       0.44794979115968714       0.37393578660469595       0.19078403619366552       0.26504618775822697     
  0.95673465481778419        1.1124265128605806        1.0620916883855800       0.87029788025033228       0.98737883239127455        1.0033545703126452       0.97004857392121413        1.1042443519439258        1.0823526335013487        1.0657564439345233       0.98575950813609170       0.91057114148416118        1.1811328769913003     
  0.66419510190542852       0.12802373839577816        5.6420930999317241E-002  0.20756591286029252       0.27112050889605938       0.28762798138876883       0.19969441955348480       0.26731666718404296       0.87335238525989967       0.45607455901916244       0.38535595619808827       0.20492957921409696       0.27984129802667385     
  0.83406957557208117        1.2312034196467287       0.99175182286126695       0.81198405477910274        1.0631532407541964       0.90649225496235630       0.91977470304170617       0.89057764052384003        1.2125438848786443       0.89936002562715955       0.92486272746530740        1.1011953927013596       0.98802471834910988     
  0.68160532555853337       0.13607070437766544        6.1813437369261023E-002  0.22107334150218341       0.28641685414787849       0.30007370729755967       0.20848615132959220       0.28102709938940085       0.87845292300853828       0.46270676075804840       0.39755492291680428       0.21896897098341525       0.29514182300583103     
   1.1247802324164970       0.99186404808000406        1.0109640854000557        1.0397737489749050       0.96102238965893416        1.0466893372658603       0.88136856444030520        1.0596704003242345        1.1461211245675347       0.92675341443112946       0.92329638392965185       0.95371462898492487        1.0293713622137000     
  0.70062176499992124       0.14392519483852736        6.7507670673085635E-002  0.23505439058645861       0.30182902598015932       0.31243598409752610       0.21733726006171811       0.29555314560337487       0.88360400330799305       0.46926874217225545       0.40934984000102181       0.23381281518549268       0.31001356243942502     
   1.1394058732672976       0.80800545978670679       0.92386456819264196        1.1482142022923465       0.98797096426607467       0.87270137661924163       0.98193140052338423       0.94875158321251385       0.98494399926363230       0.96327150533934480        1.0673590670197890       0.97130813832766394        1.0045347034581587     
  0.71789916978868440       0.15226858330396650        7.3585716573755358E-002  0.24812584643835456       0.31647304718319452       0.32485694288692546       0.22697573159739592       0.31081308685051195       0.88831973268651010       0.47630332474951992       0.42120892148558908       0.24991342311532935       0.32483304660448115     
   1.2853033596792769        1.1816212822384815       0.95494404751316342        1.0867259098966533       0.93408053360420074       0.97383532590036770       0.97774499118955494        1.1348236461065060        1.2246042937119721        1.1673507444675573        1.0368739669881657        1.0260951207905529       0.98703421851119422     
  0.73201335620547248       0.16097815948649735        7.9692540367194975E-002  0.26011833321834149       0.33115112456831974       0.33751062658442493       0.23720785420235213       0.32658383711088368       0.89308958636023528       0.48427452955289912       0.43366039761642988       0.26669990109127351       0.33998329935422900     
  0.90457626202413699        1.1036267567635261        1.0353674476864103       0.90202327293493478        1.0108503123052783       0.90265632392046802        1.3095670406349520       0.94498860776536620        1.2077273678035683        1.0491318864581258       0.83502096091181055        1.0718954904464497       0.97464880378649232     
  0.74560455099846112       0.17012722020998519        8.6134254964812820E-002  0.27107154838196307       0.34631423748669510       0.35039404833310600       0.24703566085907766       0.34157057190138612       0.89719279924133166       0.49206982591368265       0.44629477727206113       0.28332966267567711       0.35651942197326580     
  0.91697019232415911       0.99174120309003333       0.85841548190106765       0.97828314397505822       0.93831281661931010        1.0617070475740482        1.1952101877206687       0.92726164927248733       0.93362052704050436        1.0812598566558964        1.0725999655320091        1.2092678817359443        1.0742458176661558     
  0.75937156082604806       0.17951186826973453        9.2794426680066405E-002  0.28237944194861059       0.36168921387254643       0.36355484605864907       0.25604051610355261       0.35605633340549175       0.90096715392059645       0.49954964084008058       0.46033864867796181       0.30017044715040858       0.37254616009927122     
  0.93303868715945548        1.1811163634981672        1.0016575122873119        1.0847165327685870        1.3246834792392244        1.0974120438963881       0.96855685516521606       0.91947786188842018       0.97820548660694961        1.0839380703062684        1.0167160385098835        1.0284204523119953       0.98186438447875046     
  0.77219451652806770       0.18868493265842073        9.9679538394827474E-002  0.29444188277751338       0.37834801919574829       0.37741620005594267       0.26495493589433633       0.37045098459660553       0.90471213355496360       0.50686871743450168       0.47456398938117017       0.31849993660489639       0.38644627697675998     
   1.1155971906225939        1.0475072609100866       0.95689368706775890       0.84047489859755531        1.0318463924072880       0.92820544199389932       0.95797859569251054        1.0374477889121496       0.93049646057051127        1.0551124431253980        1.0434719304591995        1.1095741204882401        1.1179156645935286     
  0.78413009955913782       0.19693362735623809       0.10694437109702244       0.30621390548452559       0.39418236728772921       0.39213720395210011       0.27452300122841838       0.38468916351156418       0.90823798533436872       0.51411241914355910       0.48751142108333800       0.33768921384552864       0.40073333302618058     
   1.0302826914086167        1.1681798841419022        1.1505775876256237        1.0803646851050341        1.1117376927658853       0.88854514969212461       0.87896077047673860        1.0246431104976925       0.93209733823201346        1.1324284545825147       0.92292515887498161        1.0834322794904299        1.0676120656980168     
  0.79490422793656823       0.20484438443257266       0.11434833242280187       0.31817593317463011       0.40922019509920998       0.40686917739736317       0.28489730754255160       0.39870587187664325       0.91213940772909952       0.52095845966908494       0.50233949501490116       0.35570332805774946       0.41409291099654971     
   1.1224226226217673       0.76239099686850265       0.91702873185939737       0.90378495572395934        1.0364632098345121       0.91081188903191612       0.97521739073238278        1.1840060777823267        1.1718926745463942       0.88122680029969547        1.3750986875605811        1.1051694722425178       0.96329154815511342     
  0.80389843613877421       0.21285574065377497       0.12184872533906588       0.33003206621026476       0.42242227096515467       0.42104321737720196       0.29506020562602120       0.41255536619264421       0.91606355278276297       0.52731830300954696       0.51520642758119262       0.37279936404722797       0.42826441500551238     
  0.91622970062687625       0.85803676557042663        1.0188272432187357        1.0042177476202543       0.99878237757162314       0.96248988043768680       0.97536171145038375        1.1080249128680375       0.92939957928292338        1.0582191871133764       0.94676621605923406       0.88673881512928154       0.89172757914444023     
  0.81365615940641844       0.22276927473366076       0.12973116958716882       0.34134369113223262       0.43469873186480912       0.43557023000859851       0.30504624504701011       0.42689528640107521       0.91988899575995409       0.53356685182100061       0.52786509790007030       0.39030677581362599       0.44294486722219134     
  0.87720698962573096        1.1895629024732501       0.91272853896721551       0.92114838877999261       0.88296011603729285       0.96657140206841707        1.0424443610944929       0.80862396743017506        1.3119080283895477        1.0566783435912193       0.91945475934616860        1.3048236176975694       0.90704682385268987     
  0.82416131026512440       0.23299658775171361       0.13834638866094404       0.35483045001296415       0.44725013169691530       0.45004800551677171       0.31484747479708197       0.44089694494594661       0.92356180130173682       0.53989381502154909       0.53963515039482157       0.40967814070867403       0.45823417938814920     
  0.91126630826117583        1.1088984891122313        1.1317414906383487        1.0717583919269575       0.91370098543125322        1.1183265926895811       0.96941517207978212       0.98954006691426855        1.0046554034942157       0.81386979033186402        1.1110632972313814        1.0320446052734009       0.93299420811720968     
  0.83414540407517312       0.24380637082007631       0.14770480233747485       0.36891729972289233       0.46155886396984158       0.46590520267928626       0.32450625553726437       0.45588573575002728       0.92712042557877217       0.54635309090334105       0.55172606391637735       0.42947779625304605       0.47374527339528638     
   1.1489368614111235        1.0349699119447782       0.95234561047738275       0.97228775914739429        1.0836201238878320       0.93642487879012548       0.97089361366058236        1.0455164575039073       0.94176781284239741        1.0034980987166979        1.0077833512778713        1.1533607703315920        1.2687663404297138     
  0.84400809641176078       0.25498416400017554       0.15745470171630366       0.38322713064549918       0.47666990277269305       0.48223097221146249       0.33340921752415231       0.47073235143618419       0.93038584467331997       0.55338744926474948       0.56387929263148295       0.44686208589731519       0.48822430934860894     
   1.2079215390896165        1.0566408156035190        1.0881230393440193       0.99733980130137501       0.96054131301574186        1.0213300825414304       0.93372288906252277       0.98230166375894146       0.91122722925470490        1.2733042422240581       0.93532538092735440       0.90178192613421881       0.99810379007904992     
  0.85370082086141708       0.26639136580448713       0.16803871101266332       0.39639600438361933       0.49111315758640744       0.49959439286045021       0.34315346992292767       0.48625345282567745       0.93342218639752872       0.56025558312388335       0.57626597036791538       0.46264709579049879       0.50278467713777231     
   1.1201176321074406        1.2453290240136377       0.96290197326490723        1.0312033102562721        1.0324768321943156        1.3583985359330726        1.0259392069198972        1.1525988372834426        1.0791216787757991        1.0178897586267037        1.1140523066210530        1.1341952208400463       0.97756373694464327     
  0.86258069162120388       0.27870190526472410       0.17883190225458448       0.40759143153822580       0.50900499154888157       0.51766931082916756       0.35451319455463098       0.50166942058021169       0.93630797708506119       0.56721331826272414       0.58942743424026101       0.47827557690350753       0.51766805897869606     
   1.0713868346042064        1.1880843426064394        1.0313725327575112        1.0671546731415986        1.0013067786076180        1.0476340262955040       0.90419321801196639        1.0062115287996349        1.0276244774464434       0.99600642994611688       0.98305710881769615        1.0523566057309126       0.96805779986947460     
  0.87083340836476897       0.29129136048877829       0.19011610408412347       0.42096870884696103       0.52786084927868260       0.53280277974764068       0.36670360436368554       0.51633354816404731       0.93908854161656941       0.57449000652074700       0.60260903482447692       0.49453468653767507       0.53321551740848816     
  0.98197105479305258        1.0412935810298920       0.91850367387461651       0.90815298341811423        1.1954609124100930        1.1318353845525344        1.0377553299251234        1.0465222578440858       0.93862522429979889       0.91191656685963640        1.0228026479124848        1.1162263274427777       0.98792817499179586     
  0.87870694842342512       0.30353128607900376       0.20284291283815858       0.43549375230154080       0.54496239337259222       0.54825192343797879       0.37974266780855470       0.53039666888661341       0.94178151615080274       0.58186841314171789       0.61478415756306770       0.51122152229950557       0.55018359970412145     
  0.90164880794606173       0.92816570147824484        1.1602882549474283       0.98575618198323167       0.99253228438810148        1.2174070078735302        1.2839474567573725       0.90355992287996889       0.94628189837813037        1.2309723338388845       0.93318172506618569       0.93736188984338686       0.94079250813900128     
  0.88697216937788648       0.31640638194629056       0.21683431378090420       0.45088063450959415       0.56093466558511174       0.56547834951866027       0.39311248084621037       0.54413524385384715       0.94446810552625682       0.58905527051158690       0.62689234252848247       0.52835473928583476       0.56681757397087340     
   1.1401947664142726       0.90441775079179820        1.2928121701076070       0.98478376314472404        1.0832635414588108        1.0075627883978762        1.3473441120388845        1.0597152207297091       0.87469352147123203       0.97731576895784200       0.93386543385767029        1.0602609170019426        1.0144181136527732     
  0.89487279714553325       0.33009156057705913       0.23053822041145841       0.46659351560133105       0.57635148642051703       0.58205360522247462       0.40600942822838076       0.55846045459344640       0.94714250035845704       0.59613273577069370       0.63939024594300331       0.54546465697687885       0.58031033448007130     
  0.98143327659330304        1.2055372501540353        1.0974631507866146       0.95509399715679633        1.0836151236399481        1.0533854411955572        1.2706326599102233       0.85003830044619844        1.1497501269912325        1.0616362867204505       0.95338288186865106        1.1257020541793625       0.79002922440304191     
  0.90243622730283934       0.34295242151891725       0.24366233293373876       0.48207604057067688       0.59084363353800939       0.59903129923414344       0.41872181986380297       0.57405905313438199       0.94982643701872327       0.60304902626075862       0.65313857555645227       0.56225779790776920       0.59551465559912353     
   1.1330779796150443       0.91680973579294456        1.0170846397046911        1.1567937923194811       0.94880786952800589        1.0942279562021764        1.0415489378742877        1.0531951266154398        1.3010501735028481        1.1951465953072145       0.87890585747572902        1.0100415680090988       0.86942218757914858     
  0.90940775935644391       0.35577830625960333       0.25620777238304793       0.49727115750585699       0.60561326239891999       0.61546271838593092       0.43125000602680874       0.59161070558650075       0.95213582199644631       0.60980439461995850       0.66843880135747991       0.57834508427461273       0.61118275735651861     
  0.98598611049884866       0.86368186722759421       0.94412826937191818        1.1934608659911372        1.1207976218218190       0.94430992786511414        1.0727764579535251        1.0566784924969939       0.86836398504944412        1.1924537499679420        1.1823665005384794        1.1286119054662984        1.0468190457189885     
  0.91599408029223806       0.36870063898304073       0.26954530148682376       0.51325265887649463       0.62105651090689451       0.63223178862277862       0.44389459640235718       0.61075107165673337       0.95413410957287892       0.61658941994972682       0.68234966800459074       0.59456323902576724       0.62606476909470732     
  0.97708595800865372        1.1603108346335029       0.98728139507364310       0.89649747334070262        1.0020127437028918       0.97993949287434823       0.99338861749136831        1.0405937943915156        1.0218664585518185       0.98271675641726886       0.98746491353716981       0.91393540973714549       0.95319009527452470     
  0.92205905913982045       0.38276456221599647       0.28462597124833389       0.53214653820087054       0.63687566142272045       0.64908764573701772       0.45645063347608972       0.62951194870641569       0.95620092647990984       0.62332697061601439       0.69572649466173941       0.61104207119582576       0.64090833164668104     
   1.1048142601936506        1.0914830400639675        1.1667527946545742       0.94047845536532726        1.0873873891310992        1.1310307655326848       0.89466545631631811        1.2758532767287596        1.0271878745077390       0.83227882714497503        1.0550203201215393        1.1759616816815668        1.1045535897394834     
  0.92757775799188069       0.39788889796531524       0.30089336202054690       0.55257562033949714       0.65265333813860293       0.66589153877431717       0.46919602764251994       0.64888450032875622       0.95825786257105994       0.63010701830375748       0.70940606996819477       0.62740260116732249       0.65445388676745853     
  0.88609079433900995       0.92871721335235302       0.91486945849178225        1.1734603150918064       0.88757634249162121       0.98586784933647065       0.95934672760346784        1.1732511872215683        1.1039171401008905       0.90801722125379536       0.98980270956904493       0.99682371661898539       0.86520291446735043     
  0.93296014251437964       0.41337465303811632       0.31902407182171266       0.57207958680678717       0.66900544954549102       0.68292139745426816       0.48277322916684584       0.66748619388293551       0.96027618308058627       0.63680122841699560       0.72258202092884993       0.64307005982442200       0.66832139206463725     
  0.92392081921456048       0.94969482312207354        1.0645361365492907       0.97875222185759259        1.0022444498961365       0.90634623235853218        1.0216702205667709        1.1480445952004876        1.0466795026905837        1.0559984743501982        1.0085601643891340       0.95729177600388016        1.1251052061363036     
  0.93788962350279803       0.42949355562138475       0.33774446347606785       0.59002427809970459       0.68591492159744871       0.70052036575177923       0.49688502001809842       0.68405368663325250       0.96233026180555914       0.64335711008680307       0.73521502927551052       0.65845239282256740       0.68371023199715475     
   1.0963777537396933        1.0790247576922583        1.0365300922526786       0.96854455788273364       0.98442525830097860        1.0430367425764837       0.92531130726134148        1.0072125982339493        1.0161595027898074       0.92862104548364932       0.93666099022170324       0.90290349915395340        1.3368199732571486     
  0.94305130950944860       0.44695149069227724       0.35521258960024105       0.60654469908902753       0.70242816048684031       0.71871796540994026       0.51124258806026079       0.70192524251122645       0.96448251330723633       0.64971439616236137       0.74700935400087143       0.67446214525622472       0.69829731579387033     
   1.0796888737503871        1.0419662923445003        1.0623319010383054        1.0351082361608273       0.90095019220866424       0.93173541019976758        1.0535213611087508        1.1087795823038762       0.95325065910496132       0.97111965373830100        1.0949901188275071        1.1479783533155568       0.93201844370815468     
  0.94758503620948764       0.46531681622828791       0.37686235144061597       0.62273886576734838       0.71867527416169685       0.73652548205903756       0.52606842349867500       0.71895773828730125       0.96684750222686477       0.65651362196964813       0.75923364860280806       0.69070031415029320       0.71493680604674281     
  0.96540211467372705        1.1006260313622898        1.0439087626496135        1.0236507324514859       0.80227445282221888        1.0312349886530798       0.95112338115873818       0.95719136853428965        1.2871442087374241       0.95692739291212014        1.0063160519913783       0.94867350240745729       0.93528593927761805     
  0.95179718877130037       0.48437851634139012       0.39866778351326770       0.63947374889163733       0.73562017180267303       0.75398377244734971       0.54099935774517371       0.73633009189933529       0.96909767942352154       0.66387819027090966       0.77283153893335310       0.70610710335357707       0.73212118539476900     
   1.0748230876492786        1.0932660661579361        1.1020792936602455        1.0686220607345207        1.0546787330583753        1.1026945857268859       0.97251775685198993        1.0647765903079489        1.0121269509415076        1.0293469611220709        1.1021162782151237        1.1133900087230622       0.99003123314152497     
  0.95593204576835844       0.50420924460492200       0.42357719098713342       0.65773649486505792       0.75120577679827361       0.77087885236324061       0.55552721576636988       0.75284691539096105       0.97131153641814982       0.67181640031256540       0.78588754442085573       0.72268441910976233       0.74935103380908519     
   1.0736149692153714        1.0490094057962862        1.0073382168530476        1.0554537411370493        1.2144001956235859        1.1989706378959180        1.0819560734531271        1.0804043490680593        1.0810301866374561       0.99315304872921406        1.0501018038531049       0.84606146281462857        1.1995615695317441     
  0.96002606655728151       0.52620503219234693       0.44972644703931214       0.67783958736977079       0.76408428782790394       0.78657945422445918       0.57065310263191249       0.76970678618407029       0.97322594943325380       0.68004203675046004       0.79794411421266120       0.74247815927193950       0.76661334684501692     
   1.1137386357380294        1.0174269049058877        1.1252032025961090        1.0408193325582666       0.93971005892912407        1.3905703782336742       0.94681175629364711        1.1528103584525664       0.90286885974096376        1.0713673153951599       0.77805787588065034       0.81296565628299478       0.96279736938053750     
  0.96399350628692615       0.54891276581683768       0.47641803546698719       0.69804539339844640       0.77826490315353791       0.80132502671951189       0.58657611558123501       0.78670023620611185       0.97518419879449392       0.68831167082885114       0.81069126542095815       0.76256489084885404       0.78421719532779310     
   1.1098934571077921       0.91215949674635377        1.1015001985833999        1.3383640466100506        1.0790929810996934        1.0111355778784479        1.2062618942467769        1.1438096046116213       0.93569344915498809        1.0562085205880150        1.0379800839552391        1.1604253749973910       0.95447223197796183     
  0.96784837748458841       0.57289952970699309       0.50554002814559562       0.71796574332622443       0.79456460459627709       0.81509560778104106       0.60294482967515062       0.80259234252214362       0.97692433657137523       0.69657157936850800       0.82407132266201122       0.78103103320101530       0.80117745055381939     
   1.1129995989260455       0.97899259308242115        1.0323581516427516       0.92376265478165964        1.0501507926416376        1.0672160145521332       0.89721569764757059       0.84874050991413941        1.0059714189568154        1.0504641448108407       0.96131889079787580       0.95944317896090858        1.1268115822342575     
  0.97165073317855455       0.59545683019598361       0.53606002302533895       0.73763446640957608       0.81214422872590541       0.82802624842306927       0.61982478323174484       0.81810452915397847       0.97829447084082610       0.70487143245273465       0.83815863414487979       0.79894545765318170       0.81770370740976206     
   1.2249762699482465       0.95159705588086652       0.92446421148093205       0.93339809073357338        1.0789118590433366        1.0166210502987953        1.0858187487353528       0.93473737523841016        1.0754937683031784        1.0065163947406897       0.98819462270282410        1.1199100908142066       0.93243880439601390     
  0.97523014419239151       0.61900605128855413       0.56661829547795761       0.75757092451006502       0.82879912870421169       0.84111820415918703       0.63784975328798621       0.83340205610300744       0.97965733874248495       0.71333789237769396       0.85212750241783097       0.81483816436417156       0.83395973404699519     
   1.2201223046756868       0.89774973577188544        1.1698127078448637        1.0550299702017942        1.1814446782795818        1.0596296556075340        1.1336293164555380       0.94141048095279467       0.91584655431132500        1.0195181429260793       0.97925263027275355       0.98634778784535515        1.1054060112328976     
  0.97837595381042075       0.64435396335060224       0.59640532656571177       0.77785680960182435       0.84614021082801916       0.85588392106813749       0.65679261417455659       0.84790339635009393       0.98116071809760996       0.72207998418950647       0.86594879743207320       0.83144750036550430       0.85095269536102891     
   1.0391203132231748       0.78788603359032972        1.0075060568328640        1.2246247326164519       0.98772657435408084       0.94964000692134232        1.0438564592177051        1.0975841402345023        1.1379456471362788       0.92689917704410030        1.1107695747609283       0.89207327415308435        1.0686442175285376     
  0.98126902505256763       0.67343527940812109       0.62960370677710820       0.79817740180289654       0.86308016726974024       0.87308209011591542       0.67492944039484504       0.86192618155624001       0.98263964304201856       0.73047260730171093       0.88001792095306397       0.84869998414953873       0.86856608630869192     
   1.0195988100989795       0.96351282431424512       0.97094995148407126        1.2184045766886180        1.1282857463314353       0.89170754498996652       0.98925054973670967       0.95361062474587321       0.98124961299577185       0.98024097154084777        1.1981137260649066       0.91018764949188113        1.0835695246977119     
  0.98400915500168529       0.70371570406230222       0.66474525268339046       0.81918824211694508       0.88099154865238205       0.89173489629531755       0.69242015577377625       0.87646091899689926       0.98425155120370666       0.73836447263344240       0.89446146628045364       0.86754552279497565       0.88565970614546963     
  0.93773368365771737       0.83752049896129932       0.95611967920720586        1.0620968068604750        1.0377121936967089        1.4102132569606489       0.91819869729457126        1.3420192997711027       0.99309483557825540       0.85449220586508245       0.98034273416593498       0.88704288425151734       0.87963525220242300     
  0.98650729158289208       0.73299950871736419       0.69950686667129947       0.83963953991364837       0.89989102595138815       0.90985674297111330       0.70962599597808351       0.89275849827409037       0.98643375251364596       0.74707327971358972       0.90904983562194874       0.88692697244148733       0.90217898128311391     
   1.0250925991437301        1.0238493074298083       0.94582618113487915        1.0608231337684959        1.0744330901732217        1.1821006447852882       0.98287897277870540       0.95607527627930722        1.3097906401813719       0.93518847986500264        1.1845358991321238       0.94011815908394780        1.1688660401963071     
  0.98882642462021142       0.76593537731234485       0.73875821463804270       0.86280429145109494       0.91531017224048772       0.92833605066860436       0.72764928593233269       0.91049668294921260       0.98865134781502717       0.75803098170011851       0.92361097181051666       0.90600635695491283       0.91873044042611907     
   1.0860648371107029        1.1001951915269552        1.0002931235541821       0.98279247673482273       0.92888450913211429       0.95030037687650482       0.94990324740053089        1.2679697398824614        1.0738977217202144        1.1081937844649137        1.1458004727071658        1.0052211661376371       0.91604960733847218     
  0.99107252722761374       0.80311741272912041       0.78473407790556859       0.88553585780766630       0.92985914926632729       0.94358365170219405       0.74847705884029958       0.92901874084600511       0.99081203231566484       0.77100956669906084       0.93785703494464279       0.92405587304789871       0.93544321685028287     
   1.0427885828999413       0.82422954628334599       0.98871615196923524        1.1113301956089998        1.0219701541646504       0.96606645324056162        1.0881361488407977       0.94743514141954821        1.0623449573701624        1.2394239683119388        1.0111203853482862        1.0615815903563435        1.0530688088545672     
  0.99327629594093669       0.84783667605798707       0.83676142311324564       0.91125527278109542       0.94839341652066378       0.95632783523140896       0.77177004918137637       0.94856449531274312       0.99288197851550708       0.78584797621642077       0.95150547868424162       0.94312281623884064       0.95195202982968707     
   1.2719679906209531        1.0331547765054994       0.91164837823624789       0.89890204152452280        1.0389722489979007       0.89988455618383012        1.3485243935894324       0.92257874119041905        1.0298290834557344        1.1490241604335678       0.98277216460339933       0.92603003736966472        1.1170637443652693     
  0.99545721377803065       0.89565363794021691       0.89022595423008366       0.93822609147771252       0.96699182399401939       0.96977095116588030       0.80309126526644570       0.96704883394743435       0.99498962433418436       0.80529319698844959       0.96631195945859749       0.96232919787202553       0.96765057374776231     
   1.1513990507630023        1.1791557017110663       0.90344297932884299       0.99482635185763646        1.2688151366870730        1.0262536930693023       0.98589552898218125        1.2592615120343649       0.96954117806915130        1.1318691546520130        1.1909089368553589        1.0146818597853491       0.88578945610738258     
  0.99769810567829842       0.94906698249382226       0.94471522329360458       0.96940388897905383       0.98439804839581080       0.98450201791033998       0.85749243934733888       0.98317594508518791       0.99731437057547789       0.84476932658077208       0.98276077457212307       0.98185224213934419       0.98344656119465601     
   1.2156365576926991        1.2619322696643989       0.96302268446638928        1.0275901004095709        1.1748390646981259        1.0898573733437946        1.1100297540178876       0.91536620163765647        1.0904768526840103        1.2136026766585897        1.0664632271832808       0.95131906681007727        1.2128695213869543     
   1.0000000000000000        1.0000000000000000        1.0000000000000000        1.0000000000000000        1.0000000000000000        1.0000000000000000        1.0000000000000000        1.0000000000000000        1.0000000000000000        1.0000000000000000        1.0000000000000000        1.0000000000000000        1.0000000000000000     
   1.1848418772196367       0.97854670240848740        1.0779959876098222       0.92853003060218142        1.1309844862273479       0.89195852756740845       0.97724972264630228        1.0410998942241405       0.92320112970344048        1.0613291392369193        1.0539996597111350       0.98738619710877495        1.1110142729660248     
   0.0000000000000000        16.939852363657575       -5.4184803763451681        4.0245845582050110        10.817905565700830        6.7105366471139014       -4.3233667421932349        3.6609350163121515        0.0000000000000000        6.2952056921191426        11.778221248886938        9.4542172133383282        6.4008710690451478     
   9.1715917132493416        3.6162454363275915       0.63787038775752580        11.391275320655135       -1.8898537010924901        8.0120654852440509       -5.9557210181240485        8.5391464765204201        0.0000000000000000        13.105886528601319       0.43917606678377730        5.9910112951555456        4.3410341666199042     
   8.8505795509733414      -0.19904188834194994        10.309728954750746       -8.1316690961225113        9.6883627177738223        2.8576392081739908        5.7406708747893767        8.1672469555562373        0.0000000000000000        7.1037426062364295        5.4790858536110063        4.9551621352935031        3.3794041672595183     
   6.5328952242038065        1.5088223925744564        7.4154107590017064        9.0572668780002701        6.3284299124092938        7.6913885988164878        5.0248647100459847        10.694526482719583        7.9603044526576117        2.9360677126636983        6.5064611950014166        6.5692026356767572        5.2591493300296710     
   13.222169023100335        4.2054587654471796        14.315775882867875       -1.8488824087122242        7.8453667533220823       0.55028482343716878        13.895284758823387        3.5657556096208256        10.976748150188667        1.9814538050104129        6.4069705799778536        4.4684411156434374        1.3196446115894054     
   8.5901145026983681       -6.2376853252232953        11.657496075855040        6.3414262974558477        3.2678217534801886        5.8473550166482697        18.413246561280896       -9.9551667525032883        11.282607197176437        2.7134552325535193       0.30518081896707161        1.5036430233277629        13.173264009091312     
   8.5765161831644718      -0.92698791560420202        9.5037400904557714        10.014410512190739       0.32462661040621793       -5.4924939578748209        12.634980033192836        8.3732159951509963        9.8519444277618433       -3.7075969802841238        7.9631601896982236        1.4606030014503950       -5.9059614687516104     
  -7.4651686552319809        3.5320881416899064        10.906028845210015        9.5416291761557481        5.4606610437185159        10.619008089909125        5.1038474723232667       -2.8601039895761735       -1.4145175232874736        18.143412403229274        1.3098352300169130E-002   6.2659822662188445        5.9858822809348755     
   3.3797269771627565E-002
           1           1           1           1           1           1           1           1           1           1           1           1           1
   1.8859340350534905E-002   7.8059547804431193E-003   2.1306697578867386E-004   6.0258024045000305        5.1047506880218881E-004   4.6922036182598132E-007
   3.9030150217285513E-004   3.7676353828736792E-004   1.0446662270830029E-004  0.44850615618018408        1.0446252270900204E-004   8.2602280682527764E-008
   5.0000000000000001E-003   5.2674216786964285     
