   0.0000000000000000        0.0000000000000000        0.0000000000000000        0.0000000000000000        0.0000000000000000        0.0000000000000000        0.0000000000000000        0.0000000000000000        0.0000000000000000        0.0000000000000000        0.0000000000000000        0.0000000000000000        0.0000000000000000     
   1.9930341655349386E-004  0.26935724432139646        2.0954746598129828E-003   1.3923032712110104E-002   1.8222126978351873E-002   5.2987876342520557E-002   1.2037983637487547E-002   1.2517205575683733E-002  0.56511365361220822       0.17636394419342491        6.9829226169139946E-002   1.0787846258822183E-002   1.8912822348985225E-002
  0.81725357976099811       0.98024441664957540        1.3125829625492564        1.2419467281346686        1.4587393653466370       0.94338624232445056        1.0439361561210574        1.0504857175037214       0.97269342130471492       0.92963586588009017        1.0037583807930239       0.98922681499420428        1.3910378630801081     
   3.9974863350492431E-004  0.40862298055721519        4.3058616488585791E-003   2.7531838162353807E-002   3.6875844632068160E-002   9.5335924529582103E-002   2.3256333668626238E-002   2.5728384375904485E-002  0.64212693494614825       0.22691090811426551       0.11085243722800520        2.2136700001819838E-002   3.6617489187502759E-002
   1.5408658377455700        1.3821435896269005        1.4777710912379460       0.99169399544683445        1.0490875240750319        1.1550357548346655        1.0246712471575061        1.1838285492771909        1.0977310336706929        1.1525895593963782        1.0322104837093293        1.5468738353488474        1.2076078334320361     
   5.9747250455667871E-004  0.48470271824292049        6.6017831172237914E-003   4.2394912944660981E-002   5.3538674681975006E-002  0.12483425816773103        3.6367555876918423E-002   3.8601774927163018E-002  0.67330538792364170       0.25914398016714374       0.14568637614651886        3.3184048970210642E-002   5.1310638426685845E-002
   1.7634770847828274        1.1244250619352996        1.4386951308394960        1.1481719031688296        1.3835356235581173        1.3261305087807056        1.1383154910713900        1.2126423912848396        1.2475513336100703        1.1268099562819431        1.1425888400693158        1.1480792936436199        1.1063532075155289     
   7.8809421527661580E-004  0.52379410594332865        9.2488874752175085E-003   5.7367585348025864E-002   6.8503060583493591E-002  0.14236530358161167        5.1871636428423809E-002   5.2369100022044715E-002  0.69732261620866465       0.28180283699093645       0.17604028227646729        4.2748456255587541E-002   6.5581709916420761E-002
   1.3888513887135017        1.3295516105135023        1.3859301043827623        1.1308907749407928        1.0637159079750675        1.0081521309834527        1.1167951084398926        1.1557277752144841        1.2642276713786458        1.3363243406384968        1.1708731662913643        1.2154570049172819       0.96142261466543755     
   1.0061798242679992E-003  0.55303614903740983        1.2141260493951601E-002   7.2692490426262829E-002   8.2261868548331119E-002  0.15877654225175258        6.7824609337543210E-002   6.6451691360756876E-002  0.71760932918368403       0.29741258287365108       0.20096990125670652        5.1189558406816417E-002   8.0352719535905032E-002
   1.5018666758838870        1.0228085794595656        1.3967992045440152        1.2063109793909310        1.0831295402858330        1.1254368219722406        1.0509636474473085        1.0095617657940181        1.3352140613644996        1.2104536072551919        1.1838392980395867        1.2959273909215510       0.96586901615852883     
   1.2429972213123070E-003  0.58290834541110093        1.5200270343353958E-002   8.9172425946136169E-002   9.4315843635651792E-002  0.17686480030143320        8.2230339522992718E-002   8.0946590330205404E-002  0.73596409877394897       0.31166252403762051       0.22210585366757898        6.0158781505825175E-002   9.6046322120929312E-002
   1.3827542986894719        1.3084127038373872        1.3023542745243173        1.1028268436263227        1.0947715037229768       0.95826295445382914        1.1563319386839559        1.0751610666859295        1.0652446361542398        1.0327878753709967        1.2372541333194367        1.4290919196336753        1.0081621278827706     
   1.4974606318024731E-003  0.60981983722894173        1.8738791359711543E-002  0.10511731935575158       0.10535673829009463       0.19976027045990222        9.6981378048395739E-002   9.5567618132035598E-002  0.75219325835441830       0.32418907206003827       0.24042135020457936        7.0682478611666988E-002  0.11183998391201927     
   1.2338300759872007        1.2083776073551784        1.4805565526182076        1.1605701546033000        1.1174283577805773        1.3235597716956911       0.97136583856444170        1.0678523837014355        1.1778560161938849        1.0676463450099773        1.3160362521667153        1.1418448736993372        1.2718357393993467     
   1.7686239367449121E-003  0.62971983610015159        2.2906502543107572E-002  0.12101698399836200       0.11803161095706108       0.21962301622726704       0.11246211080581425       0.11066700096897697       0.76429349828967930       0.33570165259721724       0.25651439076098992        8.2332559758391738E-002  0.12650456267797872     
   1.2372332183049097        1.0422022173121370        1.3885321533802453       0.99813951090221120        1.1262248834939259        1.1846685505834407        1.1536793013685882        1.0023733460356141        1.2654333610979007        1.1899440555804071        1.1003599382969422        1.2268896154331181       0.96710557527300711     
   2.0652521718005864E-003  0.64912310202486057        2.7245945479424910E-002  0.13764863038618699       0.13324239602679958       0.23897829045164565       0.12972533979671963       0.12487829837949431       0.77323320930000583       0.34610836804085754       0.27098174246770351        9.5052472524108172E-002  0.14171631135981289     
   1.1506638167340257       0.95814174980054256        1.3220843291232303        1.2822468349777514        1.0832762083420024        1.1493504793644513        1.2280575704408170        1.0183323329420444        1.1191355963548502        1.0690725495353934        1.1320187257946137        1.2724654750023205        1.4457060040801735     
   2.4194515533898574E-003  0.67038491468794703        3.1438774365144112E-002  0.15135328051465191       0.14718201977570192       0.25615291423488851       0.14809983722541400       0.13853089533846477       0.77891733367080018       0.35682545233683621       0.28377938090674409       0.10683495441013162       0.15864387884466025     
   1.2360967305624804        1.0999204515198258        1.2820110144238150        1.2948565903477760        1.1766360847071080        1.0332381441224052        1.0195604868493191        1.0966539093651657       0.99732250277225387        1.0925551433405571        1.1021165839100224        1.0841049540583187        1.2838670392001459     
   2.8130758419038881E-003  0.69178523176439510        3.5605191151034277E-002  0.16408356088428164       0.15860215587890233       0.27256168596134300       0.16546985152402988       0.14902158221477682       0.78685323541709040       0.36738547893433843       0.29539072994566540       0.11812230134094358       0.17651860012256859     
   1.1184504446619770        1.1419103405836388        1.2925795887184099        1.1741524612001406        1.1358285459261419        1.2461124189417918        1.2350902868194791       0.99787409922647219        1.1344137258599993        1.0781379509423494        1.3053827904632291        1.2444848758488991        1.4219542945567785     
   3.2406096217325242E-003  0.71241818598598461        3.9824237400116612E-002  0.17565452170542736       0.17044241868191259       0.28874638961444732       0.18219750972154841       0.15977918190595033       0.79500205090864606       0.37661912252488439       0.30606248665958852       0.13018434628663533       0.19310970362970026     
   1.4008092269560177        1.2394050946032402        1.0782640607836822       0.91194181313937117       0.98075555925857050        1.3876721554621281        1.0397685241939765        1.2211434296145234        1.3136771858117033        1.0657457236306340        1.2578692540115406        1.1370283873857190        1.3329032841356885     
   3.7444357405122882E-003  0.72722291435557107        4.3617270862090537E-002  0.19218501654975520       0.18750234139848260       0.30429954977158596       0.19872034305267336       0.17055597040476606       0.80315382822279713       0.38525198183757453       0.31574123078636063       0.14135307239031172       0.21068046376182514     
   1.1681444347327583        1.0757806099289444        1.1619303871042443        1.2372111257909655        1.2361227319123793        1.0551158533392366        1.3989144767625150       0.94731791002692267        1.3590632653784833        1.3057104838996494       0.90624960309728331        1.1268855599426477        1.3781675230781021     
   4.3581653356762956E-003  0.74194998487413966        4.7531478470125350E-002  0.20933964341775668       0.20214820827649196       0.31903064024446115       0.21425681281968448       0.18284774571616505       0.81068298590709087       0.39374481808642409       0.32454717994369864       0.15337294244202776       0.23033908338242223     
   1.4184081909611912        1.2873226103221358        1.2490614317475073        1.1478973916445914        1.0277652053640542        1.1236644572586796        1.2683631349026827        1.0842569248430600        1.0292368567004115        1.3766085354560547        1.1471443483434964        1.0264025566606392        1.3819052841254338     
   5.0683734025108920E-003  0.75350322430514205        5.1897666273223932E-002  0.22756867115525242       0.21721362681226686       0.33312582363557297       0.22950778856600340       0.19777404650485458       0.81797911268807255       0.40186400099543901       0.33516542593491300       0.16474276262293536       0.24922666410303643     
   1.0646385796689817        1.2613739105821282       0.96108920364824324        1.6154745808998086       0.97708554874227471        1.2457558320197910        1.3220630185583730        1.4449713470849486        1.0709269848250811        1.0222495268043306        1.1938771607679193       0.98231177968775929        1.2079573375849961     
   5.8251614304333059E-003  0.76380214363642507        5.6811938529142819E-002  0.24628421470027778       0.23126539475527119       0.34526810921683704       0.24364620598534006       0.21217587030325871       0.82553233513641866       0.40914115454091876       0.34594645958036213       0.17599053453792643       0.26550418297273420     
   1.2915496498777792       0.97410713579100416        1.1016001533401389        1.2795965022705356        1.2550223537728784        1.1982160345940349        1.1565398444096995        1.1782573277669970        1.4754571543968003        1.2485706378763064        1.3314914317965947       0.91950116373687196        1.2524944769978503     
   6.6276427108714472E-003  0.77200291586355363        6.2256283358346626E-002  0.26536472971372227       0.24663777257342090       0.35651458171127881       0.25947187744532596       0.22990778566968345       0.83306742395430933       0.41619016979151430       0.35705277918395462       0.18841840202415516       0.27945425574956323     
   1.3484334843802261        1.1792983340476051       0.98724500174455931        1.3496966113695283        1.3772235790644909        1.4911005430967763        1.0360010322213935        1.0030412241151754        1.2484334199687770       0.96658065618932953        1.0743771344819233        1.0953675304723343       0.96173784102648119     
   7.4916041819069737E-003  0.77997037892856746        6.7932216227434103E-002  0.28404106020940589       0.26322145441434774       0.36861162755911786       0.27522521589019766       0.24721165486663541       0.83906491044331488       0.42245199462332944       0.36820507492899363       0.20067530443932502       0.29321954148097601     
   1.0892719403998878       0.95994361250584570        1.0932880954592694        1.1333275358988593        1.2940647918884358        1.1467203581442700       0.92332700261725431        1.2476120677910958        1.1639579996452201        1.1186075180330184        1.0631300977101130        1.1880350494581873        1.0233333893790872     
   8.4360859857989575E-003  0.78760122446857983        7.3653244327051254E-002  0.30335370881105078       0.28101995542058095       0.38143844806615795       0.28801089779423633       0.26298383225864674       0.84416481978801106       0.42880421308622430       0.38035134533041620       0.21335715809450537       0.31085673658382540     
   1.3781962869925082        1.0236761868007340        1.0599003457366243        1.2104822902032251        1.2415175460578478        1.2248714709082975        1.1806391112056700        1.0825417371519432        1.1662734624751401        1.0270631837241000        1.1860437115551956        1.2186061204164702        1.1661371458685683     
   9.6567102322535799E-003  0.79652983284149026        7.9844947984433506E-002  0.32390472508739065       0.29895606192678520       0.39445336194522079       0.29945954376356099       0.27792654171336628       0.84910215351330198       0.43585792780180660       0.39273384681992168       0.22697907044168031       0.32518412555963083     
   1.2434216741037585        1.3635942532346328        1.0524466419423282        1.2982302059398387        1.1966091956554281        1.2170137734095987        1.0261317603383338       0.96530391916085967       0.93159716062119868        1.4133003970576092        1.1954606271233055       0.97353405758531664        1.1664337249961669     
   1.1309061702974200E-002  0.80618731745944372        8.7246415717198891E-002  0.34457791972760460       0.31538520511538237       0.40685108383630220       0.31136903947390226       0.29336774427260570       0.85368161611335902       0.44322428028534078       0.40545545942572458       0.24175690486319662       0.33851089149661667     
  0.99490466642726927        1.0682677937672811        1.2938467935703388        1.0713311673813717       0.96483282171046936        1.0771639104614024        1.2474608772130336        1.3293584579987299        1.2410000847711953        1.1542900019075533        1.0706681623596295        1.4134564709182740        1.0561710529733670     
   1.2937443819249151E-002  0.81646402172006327        9.5282284077510979E-002  0.36388521583200711       0.33155837096083562       0.41907582759293016       0.32429270460684073       0.30943593997604557       0.85837133647856334       0.45050374375903884       0.41823846386653113       0.25610278210812948       0.35250177396138888     
   1.1941355964635285        1.3449759274778286        1.1364332941494473        1.3777000677639959       0.96738855120960365        1.3196573558937086        1.2333575097124501        1.1881831777206506        1.2185420925191126        1.1083790610075388        1.2152757184063228       0.94430322117253551        1.0390511840902235     
   1.4730708213550991E-002  0.82621944361820154       0.10362537123474597       0.38156760442767179       0.34714705895258591       0.43086796034858077       0.33768422015537897       0.32564587882938745       0.86259122449535208       0.45767149189778700       0.42973714657535617       0.27127230554327303       0.36625842263652286     
   1.1885117869757420        1.4862708745302893        1.1457761959637309       0.94624583799870210        1.1946547125095508        1.0971344972378758        1.0977420504842637        1.2571392455416566       0.97475649897614447        1.2540506204476158        1.1265564609373047       0.99849838754214837        1.0034439629437175     
   1.6538939463771492E-002  0.83254265841239317       0.11173010007510320       0.39823082795700893       0.36250749055623610       0.44274270787643533       0.35239733454100153       0.34216986634789215       0.86729956337550784       0.46485320915124811       0.44172198691167169       0.28753323603488962       0.38067611202968948     
   1.0652681636027372       0.99938023523243869        1.0870611086514268        1.0383237626928277        1.2092330465511612        1.1227054176979419        1.1821580090405548        1.3096974235213978        1.3071248988589854        1.0657389996646609        1.2603107127768753        1.4018105209890142        1.0220743406941584     
   1.8487501852539452E-002  0.83877992724669581       0.12003888976193496       0.41523357820374152       0.37883505887016433       0.45491233832326300       0.36793333023582120       0.35845435330482811       0.87172351829488282       0.47200216862221805       0.45837543965045130       0.30395630236345683       0.39586944124026852     
   1.1141936796342473        1.0667746698622662       0.93768014961019563        1.1533784988730640        1.2664783000989646        1.1985119220750804       0.94975125272747885        1.1984990285378860        1.2164385021515471        1.1025848919067511        1.3135572474020407        1.1332040898814930        1.1030999156618297     
   2.0665212123670458E-002  0.84612379783628289       0.12836874963444550       0.43264843935926811       0.39617251346191429       0.46781307404767858       0.38283579512753929       0.37300920384133374       0.87621633771147323       0.47925261461962626       0.47567477154789484       0.31984014550614748       0.41151718554877426     
   1.0851114239620894        1.0889085000236300        1.2079540809921347       0.93758832738380971        1.1641283094149186        1.1337068149822873        1.1304432148539167        1.2515643475532792        1.0164589965254691        1.0001580370833592        1.1964804555631487        1.2106077273986016        1.2316046799524933     
   2.3086140370769791E-002  0.85434193516452217       0.13714451569669758       0.45016899454685810       0.41334574444251343       0.48078118046286050       0.39677785290234985       0.38623399597594005       0.88055714446043165       0.48678040643835030       0.49194456425225830       0.33577328146080454       0.42816196655707550     
   1.0225966236304109        1.0936162025671168        1.1652749745846660        1.0173497345938498        1.0671650370241992        1.0879886162637189        1.2500796127774689        1.1785985273035229        1.1099453680021580        1.0241719646328384        1.0316465516227589        1.1136772989733663        1.1068064153634423     
   2.5824495396584615E-002  0.86258440508963163       0.14714965153228327       0.46676884767807436       0.42888488099361077       0.49313757001644704       0.41019738478902684       0.39984494249466701       0.88470013775070355       0.49385668753855716       0.50802923282390433       0.35284734726852796       0.44692866903752343     
   1.0024756538412558        1.2005895492905658        1.0197116210930730        1.2578181833195485        1.0547767975039393        1.0654003059164141        1.0478016956864613        1.0804470137891093        1.1444144018039557        1.5985712983615135        1.2162582887278948        1.0066904201141138        1.3122040015471288     
   2.8714760629688377E-002  0.87038311484487441       0.15582268940879809       0.48192132963201173       0.44438461950737623       0.50509389035305796       0.42414737731101787       0.41506412922640579       0.88892877792064451       0.50093568662212951       0.52381771172803515       0.37035674134197122       0.46585446742208353     
   1.2973073525362797        1.4178095857102735        1.1515392078041082        1.2404830688254382        1.3257814579915896        1.1458255883935249        1.0593258728305230        1.0232936382721241        1.2118338721477033        1.2935571968599089        1.4018002257070499        1.2340481232237150        1.1151253325256034     
   3.2206113194522906E-002  0.87764409649156860       0.16347978191305651       0.49823416243679958       0.46021675119764605       0.51588192624206541       0.43865023725573526       0.43024598823371063       0.89291390374241786       0.50794335747363029       0.54059647055211868       0.38821651766306531       0.48285302380693063     
   1.1429633560314991        1.0465610626989947       0.95923334484168432        1.1036351118691270        1.1835478417788785        1.0724831861995798        1.1701789653822334        1.1109847423220043        1.1405891933598054        1.0519973404483325        1.2914570375252621        1.4099912414050595        1.0508696862063054     
   3.5971447982320548E-002  0.88403165294163155       0.17285077389762965       0.51629108760772435       0.47653302000615866       0.52520759344830437       0.45373457334988065       0.44466876528627591       0.89674775108246385       0.51480040880408062       0.55743325909224650       0.40559055213210593       0.49836402798431800     
   1.1440361638713303        1.1266140447667217        1.0909392772048214        1.2169106921328394        1.2614529027908874        1.0729893042872900        1.1613694932117957        1.2533043477539034        1.0600429345290276        1.3332500164168577        1.2788812181302698        1.0514997726597715        1.0724662967500203     
   4.0278961729736142E-002  0.88890638224097807       0.18261299446904877       0.53561261880899302       0.49180346807278769       0.53463393440642026       0.46783409622491207       0.45988658315265485       0.90020645956281797       0.52214987323165640       0.57443099292442457       0.42303981953471470       0.51294850607201581     
  0.90386013576639479        1.0109429204884444        1.2698341555099149        1.0913850000498391        1.0929324879709377        1.1693164617314518        1.3200232591206986        1.2765155413840994        1.0451429752557913        1.0973785363712922        1.2694573196799290        1.2652546024420064        1.1609837386803721     
   4.4955897844690951E-002  0.89336124252108273       0.19301290530831616       0.55511199090374730       0.50520846310625012       0.54535850339360215       0.48529624061745430       0.47643224544802060       0.90341831219624658       0.52985957833241604       0.59153096887705003       0.44063259561410034       0.52710053596180195     
   1.2094957369723827        1.0139143983392525        1.0770371695777099        1.0613538341853463        1.0007360106682024       0.94393081488292863        1.1574911116783171        1.0265861174962343        1.1158592032650616        1.1707401530171628        1.0916987118321824        1.2841766507199757        1.1962857799548081     
   4.9974788075263836E-002  0.89820400662681965       0.20464210941040381       0.57346937638382323       0.51616551236805608       0.55786418477899957       0.50504481221613917       0.49348887707279288       0.90668120810185160       0.53743693429260708       0.60835008945248237       0.45940839132500039       0.54223163084785964     
   1.0198271968360404        1.4661058370652609        1.1171542644160262       0.97192578544906960        1.1365817986589453        1.2095802759090934        1.6009192380779020       0.87987283213632639        1.0308922978609918        1.2830415726665245        1.2997687593087424        1.2193333430479081       0.99284298110028435     
   5.5291641679753020E-002  0.90322332303444330       0.21837781598095279       0.59056131213494434       0.52768354689375196       0.57114570421102917       0.52289045322695593       0.51046162523561345       0.91016469973378356       0.54481760164626825       0.62730873798016795       0.47985567999852130       0.55800012193896309     
  0.94284701455992292        1.0767916041494594        1.1681532389496649        1.1284679292045263       0.97122538149148063        1.3422498619660401        1.1266198826578366        1.2787717475013893        1.2628207503749920        1.2415003086374341        1.1206596294212749        1.0413281567893640        1.2433418783494514     
   6.1050612266885240E-002  0.90807252081678136       0.23285778390159012       0.60918802297996655       0.54080577532479002       0.58415756772529615       0.53721928506124128       0.52659253672859663       0.91373316283308137       0.55220924091228729       0.64601922729117867       0.49973138031830289       0.57276013114447466     
   1.1281552020317329        1.1352128235427787        1.1629579601414819        1.1585689310602953        1.0238893525094157        1.1917985322623825       0.99729346933239149        1.0308144068801923        1.0168302923820518        1.2841004363484443        1.1023482069941328        1.2251128479218538       0.99404690582991040     
   6.7569834911308774E-002  0.91248588653583851       0.24722710041829862       0.62724215689514695       0.55562385764747002       0.59774485180745895       0.55324686457707506       0.54208692470306474       0.91731617518588371       0.56018414499486235       0.66571562007602003       0.51729819385601317       0.58713367884713852     
   1.2325953036540818        1.1208841703066288        1.1847639245254458        1.2786334720844930        1.0904714965406916        1.1429491237452805        1.1501446598980674        1.1380289028704302        1.0786144315167197        1.3372086081930807        1.2863279531449558        1.1720628944339635        1.1840499045130837     
   7.4812637424482437E-002  0.91648377472926223       0.26156651743691883       0.64656938553434740       0.57057409970336748       0.61081609196873632       0.56276927845707514       0.55729566873872083       0.92070868356699198       0.56716151283879013       0.68610029692411167       0.53427007545459004       0.60123505613751393     
   1.0514757385735154        1.0986184820510789        1.0554010637543711       0.99053447074061274        1.1271974869165897        1.1856580519084499       0.92516397228553260        1.0483261381981939        1.5180358865377193        1.0435687742964976        1.2240605295193623        1.1694665526271466        1.0955541021360375     
   8.2875591202376794E-002  0.92000311029232640       0.27555021692146825       0.66607276960992379       0.58545413056099893       0.62272192383580605       0.57672592383534227       0.57354158394791321       0.92415657096859471       0.57253717980094576       0.70533069591419129       0.55144144714028465       0.61632930984581125     
   1.2715113064141619        1.3264270930281126        1.1642135011886445        1.2511274290318202        1.2881680379413196       0.92655829849382720        1.0831580435003763        1.2487738741826497        1.0757099239894155        1.0782420515811213        1.3783747838936262        1.2140096125016164       0.95188219559763743     
   9.1538656448475461E-002  0.92368540799076837       0.28974098685983002       0.68425003162354592       0.59970881773062490       0.63411924043718593       0.58801059544422363       0.58852021800960830       0.92755342040305189       0.57739908296552356       0.72334968105633468       0.56830760320003737       0.63253630571954433     
   1.1422136517033712        1.1988006730707379        1.0732879600241976        1.1658177038551063        1.1400846999690177        1.0668384397749129        1.1791601498590214        1.3055390835740137        1.2042206600444540       0.94653182226353227        1.3580942829457228        1.1403297458492851        1.2655024115350599     
  0.10011699160867972       0.92730338758946440       0.30415866412796277       0.70207477333994817       0.61317169662364845       0.64566923475695470       0.60196564039771616       0.60607845953204564       0.93074522760364742       0.58207793025730203       0.74093506008694909       0.58242585503110667       0.64947390896327140     
   1.2985215911534091        1.0627271657706374        1.1453804555815401        1.2801720465517865        1.0883462800593824        1.0019060272068450       0.96337178743541074        1.0451657396911469        1.1869977784861250        1.3605423709133524       0.97252573843136481        1.1725726190003083        1.0293993113702062     
  0.10907368659413492       0.93069314841698214       0.32510217135638408       0.71936812913159376       0.62517978717403555       0.65798943526406584       0.61729232678950907       0.62433361511978125       0.93381103216969352       0.58690588020860246       0.75877918707956149       0.59798480848218227       0.66717432593208159     
   1.3109694914446970        1.0972077910730329        1.1225182587311795        1.0762176987573764        1.2089674317657160        1.1907584891696668        1.3018714594378813        1.1880496627365853        1.1275595619960419       0.95702867241189060        1.2843427077804577        1.0085196145924218        1.3486709684507576     
  0.12073599415028770       0.93378661785598926       0.34385459120496559       0.73555622724816605       0.63925634662550690       0.67106401344174038       0.63251763384064308       0.64156017179140201       0.93691031476722930       0.59160505479827263       0.77579982123505364       0.61446657036894847       0.68692400268886511     
   1.0996325848554873        1.0716281753957950        1.1321692581372567        1.2280835135532675        1.1192860824364066        1.2800908333283763        1.1579888688733919        1.1663914797943913        1.0580066096814738       0.94114813675642117        1.1747753157815295        1.1905697348461430        1.2860978000734735     
  0.13637220530261637       0.93716129647613711       0.35966070492188312       0.75178207692288490       0.65431974903178247       0.68447743044438869       0.64796984881984732       0.65792607467245834       0.94011063789615090       0.59627823042497774       0.79007811602532352       0.62943830040902160       0.70435465467938818     
   1.3882577926522763        1.0392934332537338        1.0669842537446079        1.4012135543038380        1.0221094631294059        1.0948651419713551        1.1383015212214582        1.2546055236533724        1.1685166271227567        1.0835809037336237        1.2133247346637801        1.0357649672317082        1.2707961557097673     
  0.15379929535266740       0.94081604707433142       0.37554793265911324       0.76616793195983068       0.67171377210201344       0.69798718612225363       0.66386178484781300       0.67212144487958458       0.94323654285370306       0.60140222071787364       0.80190733351264420       0.64681203084160410       0.71919814433031248     
   1.0454757351098156        1.2846440385245639        1.0922141096788864        1.1130900679665285        1.0674522825148918        1.2021844680632205        1.1261615765533077        1.0206719868483320        1.2519798415499681        1.1965799217500606        1.2029426323172956        1.1791180939505188        1.0949506403956262     
  0.17133447490720266       0.94431659676515212       0.39315184759422700       0.78034130424771686       0.69064303768796143       0.71028639106475255       0.67899043016279093       0.68538656176076307       0.94596476831895737       0.60683463101943169       0.81466450379431721       0.66262372978071349       0.73483706811689620     
  0.99894121295747118        1.1431274328643595        1.0234572233140018        1.3095662045156959        1.0559691253429906        1.2302673822909336        1.0119161212040810       0.94116583454469138        1.1457744052945156        1.4024396980198228       0.93677358861979310        1.2677086425285793        1.3910937083196238     
  0.19053606583035054       0.94767792184114907       0.41564394466627597       0.79269922865464171       0.70953594607532566       0.72228426798800294       0.69470427160879988       0.70683723719622504       0.94844740991450516       0.61258321180972253       0.82945983398978629       0.67691228565236050       0.75108361270534130     
   1.1259400226906568        1.1419198120519203        1.2238717033952291       0.99553443306641798        1.3109575083438927        1.1346555626371129        1.3408791687562431        1.2180868346053340        1.2678410430968297        1.0696101995278002       0.97498989119579360        1.0538491880203789        1.2691504435911347     
  0.21177988176580065       0.95115422026036756       0.44009682277865081       0.80541751619045898       0.72895724148221452       0.73411425611061165       0.71233367857730323       0.72700760738298276       0.95102177509733865       0.61824860368664614       0.84541925553962227       0.69152291354123407       0.76623075420237097     
   1.1664333306473706        1.2228867437590232        1.0416539347797840        1.1303993485959600        1.1627238894615248        1.3951807097720224        1.1963239252341682        1.3622468808918973        1.1253659033532439        1.2798924418263298        1.0739931594295340        1.2782198364093280        1.0197124166021154     
  0.23882190942042167       0.95470698089506856       0.46568326181176017       0.81881079219526065       0.74654353585985178       0.74676725213177042       0.72971349416156484       0.74655025998625579       0.95335410581147995       0.62412163201030113       0.85914412211555391       0.70609216983395562       0.78151746421909130     
   1.1601957230941395        1.3481009170193530       0.92502830256415813        1.2129128516799828        1.2433300129525502        1.1793048048355468        1.3477709763053818        1.4186198437170523        1.1739157629391594        1.1365393984678696        1.2352224012490673        1.1260577939801559        1.2779336789073987     
  0.28373223368996675       0.95806065420771258       0.49439945496095905       0.83287260210764158       0.76156345489689381       0.76077668871341797       0.74700287848990221       0.76483423073759116       0.95565034047690478       0.63048312761098058       0.87045741649166730       0.72347018921313988       0.79496156688765063     
   1.0427458824024858        1.0542341690894692        1.3231448444554970        1.2251878523563320        1.2810753230117740        1.2229151654171311        1.2091304182173226        1.1896065345233451        1.0430453257773566        1.2070311776963483        1.0980112564003619        1.1238373161927389       0.97711064805711323     
  0.35381988681579479       0.96108121022285153       0.52351676326505991       0.84793411341812364       0.77816104611832770       0.77541304101541841       0.76483802088745034       0.78271781424205111       0.95817657326943551       0.63742726366906433       0.88051372817592155       0.74478053412535949       0.80817505141512691     
   1.0616333979953010        1.1603761568944813        1.0539466263136483        1.1751331465308736        1.1479009321467624        1.0824544575074002        1.4291225586707603        1.3372515769157620        1.2899690930224081        1.1210145599471681        1.1217885061363302        1.0019890671741460       0.96647879770826806     
  0.41776854615927339       0.96399867038257159       0.55325547992069590       0.86316234047474816       0.79415850469188576       0.78888146938767767       0.78404290743927074       0.80063494274448999       0.96051247178147836       0.64472463948662251       0.89070363284777287       0.76587009473773904       0.82549628698009947     
   1.0075379572225260        1.2381162885800103        1.1860637558084606        1.0909343070958932        1.0128912958106095        1.2113796420299834        1.2802660703904629        1.2991449310645136        1.0172610801600903        1.0943219039921248        1.0859087488646968        1.3363269819009560        1.1476813794579677     
  0.47908525686432601       0.96680942960789207       0.58445286352720816       0.87680330213086155       0.81038968508924392       0.80123572925581388       0.80442112210576988       0.81918410972248434       0.96285120780886702       0.65194395211231104       0.90141322308411154       0.78802442992643229       0.84208364083437259     
   1.0234051396162893        1.2001471781775586        1.5370749054274013        1.3663715086361621        1.1549455354565761        1.3271844370747277        1.3609344090140711        1.1986620229883529       0.96372611087801940        1.1676818131577140        1.3008966214097131        1.1732884112979443        1.2568957481667535     
  0.54075301082869676       0.96980145779755578       0.61126558329834424       0.88883127826193498       0.82883617250973840       0.81380796183095361       0.82369395929189482       0.83915543645200541       0.96551633669030701       0.66035439416437713       0.91122152455529160       0.81075669699344044       0.85913718948448026     
   1.2294015285670514        1.0720142818838900        1.0363595805066479        1.1459761189579407        1.1822602663798136        1.0872840684348970        1.4789134651072293        1.3698859101566221        1.0626993454514273        1.2463814781805516       0.94359572942452985        1.1679911137250900        1.1138436266525793     
  0.59388155354226624       0.97276777359099609       0.64088129767264901       0.90090849019603347       0.84717058646754773       0.82742636303799544       0.84093244321849425       0.85941990481801966       0.96836248019776916       0.66883043242050355       0.92161843084896944       0.83201147245163920       0.87402792066076074     
  0.93081069335210564        1.1560712580492465        1.1732344373880146        1.1283545526962475        1.5100989324284639        1.1124453523631965        1.1049088166465488        1.3946741860481759        1.3682572956971362        1.0280889496992052        1.1860723056060396        1.3308126013818882        1.2301465050791474     
  0.64138230480306080       0.97565976044652958       0.67371111875065892       0.91362972995843661       0.86266518477439635       0.83984180162538014       0.85706156960313051       0.87990597705693352       0.97118945968756154       0.67647327547350466       0.93173228049776069       0.85269327186989430       0.88925865824897665     
   1.0823145760147241        1.1048762545933868        1.1072865604188245        1.0573597328139337        1.0588788134550018        1.1395777399545253        1.0790840668379651        1.2522271920390740       0.98660581987466167        1.1545609150541114        1.2098707153476429        1.2086674814866627        1.0671626919845636     
  0.68671225135875003       0.97843814351475100       0.70763981866264203       0.92640156866077339       0.87795876653851257       0.85237254098343995       0.87428503171750938       0.89911166251794628       0.97395044688795807       0.68583698534806770       0.94162095102986210       0.87361735634130822       0.90326840154635091     
  0.89805575039514918        1.1847750928808043        1.3316503056475231        1.3455944057892553        1.4779330265187438        1.0033240485092187        1.1330030746234845        1.2665347216069955        1.0729367450534435        1.1851001557041221        1.1609336596322160        1.1558699059208128        1.3754084496605063     
  0.72805574170467835       0.98111869561622023       0.74410292039920045       0.93809783090525545       0.89447800844697334       0.86680769286991421       0.89208533805619705       0.91416267656299421       0.97671971378815359       0.69856791339529334       0.95111568183550221       0.89385035102185073       0.91628530408084985     
   1.4624236624343141        1.1734995542950182        1.1598004556425623        1.2598489674852464        1.2404280401480730        1.2176937847565015        1.3329271967725964        1.1655726750976294        1.4368026476246194        1.3317599469671213        1.3002052000073883        1.0459896783346234        1.0338911427547994     
  0.76694666388519073       0.98367243171567753       0.78170473295849952       0.94827576191316398       0.91341506360394975       0.88290823662058782       0.91098793454616611       0.92900124134911388       0.97958911700821427       0.71111664886499193       0.95985689476452496       0.91566741815697572       0.92963216830745132     
   1.0303701105309742        1.2410317744159605        1.2084819252573513        1.3117075245754790        1.0933014797694638        1.1911101475133272        1.4579321251937474        1.2297238323469120        1.3001481896764953        1.3097206723986454        1.2497345823261707        1.3912458877962308        1.1317207414960762     
  0.80490507903097086       0.98619239282471782       0.82275095352468974       0.95758832991506693       0.93386577182662134       0.90041747960932550       0.93034823996418781       0.94543423268971316       0.98258625051036941       0.73052853576013776       0.96836852119913874       0.93512981685573016       0.94317555672736852     
   1.1205355689782779        1.1535921483666640        1.0785370616268284       0.97001119857479445        1.4073977613334723        1.0733106224695956       0.98235704556888692        1.1965202198795915        1.1056691444233562        1.4851914099000576        1.0229981690451151        1.1301265906395943        1.3777717254597157     
  0.84181729618329149       0.98894631629144680       0.86182949727858427       0.96707716303261537       0.95337483260370581       0.91866875946030413       0.94853997708090720       0.96296059293735370       0.98565915279315164       0.74982200955467460       0.97582422571073124       0.95442303249446458       0.95612901520228710     
   1.1132599674896413        1.1586981610498694       0.95567784238955633       0.99145235654333896        1.3358187489086162        1.2696857686459375        1.0832627874045941        1.1446631844617166        1.2401311906057078        1.2177662131314850        1.0618326231385302        1.1379067110426548        1.1893196348037176     
  0.87963189462498259       0.99219114292943444       0.90228671063751731       0.97697927715718047       0.97023575964525532       0.93979885876581803       0.96587294597450646       0.97703440243486139       0.98894907528969167       0.77411592657241135       0.98340008608915574       0.96904057442819180       0.97065980525846129     
   1.0813064973507740        1.1932352666383892        1.0634709895123204        1.1732886977221808        1.1496092238172611        1.2993327020154821        1.1047335166280452        1.1628176876254348        1.2387814896993017        1.3289569486668518       0.95266240233031529        1.1048032025656691        1.1141958109936319     
  0.92771012638950368       0.99597354668229998       0.94745626197177202       0.98808915701582101       0.98536669218378681       0.96622916495774325       0.98333620981447545       0.98817764069251868       0.99424014468936894       0.81844408873256214       0.99141663866052665       0.98435239923370621       0.98555100548708308     
   1.1497827860634571        1.3364645731134435       0.90922033143664127        1.0396894642881054        1.1391342356557448        1.1486310627057190        1.2640303804197701        1.1417108897351176        1.2694610385363074        1.1046304809407292       0.99637358332084913       0.91395551513211870        1.3532410298619568     
   1.0000000000000000        1.0000000000000000        1.0000000000000000        1.0000000000000000        1.0000000000000000        1.0000000000000000        1.0000000000000000        1.0000000000000000        1.0000000000000000        1.0000000000000000        1.0000000000000000        1.0000000000000000        1.0000000000000000     
  0.99930563733531763        1.2280164893986540        1.3625264203800518        1.0655979824582080        1.0771819667360343        1.1365903552876435        1.0814479323809181        1.0204137217181359        1.1056188199361561       0.85600881490954583        1.0198268595164290        1.0266194982270420        1.1067880956899536     
   4.7879748219284330        3.6446331025791205        7.5308649267228205        6.8577257556214839        2.0455212358525716        5.6251001914526659        6.2879020721929129        4.0350896861095515        0.0000000000000000        3.9313187166301100       0.58932701224113737        4.8720081115676450        4.0933059868939159     
   6.3472710333314373        3.9556905472892128        5.0518061116492348        4.1181119895419931        10.812251043801172        5.1887874634561157        6.5863138171062880        7.7134222158068901        0.0000000000000000        10.879639327587466        6.8986388220067463        3.3457255294345503        6.8423161187950310     
   7.3016823033929352        4.2942884159975119        6.6221538475092689        9.4437150263175447        5.0321219141460212        9.0368291774156138        5.8342072062251980        5.6480677770433969        8.5916776131201171        3.3705700942652252        8.2831671606769266        7.6131197280065344        7.6591140562990345     
   6.4563977379227602        7.3863070730514711        6.9730859750856098        2.6734083763622429        6.9492809563969908        6.6899337775445478        5.0431748525584679        6.3520244725245094        20.919336614700690        5.2665943554934076        2.0788727818118886        6.2410817002492847        5.2939064157887614     
   7.1553057437860224        2.9289651957428569        5.7979118035514414        5.4925912734837636        5.4330127076798194        5.9275047526726485        5.2970073353611067        4.4429134488132593        6.4502928774006580        7.8780673726129127        9.6373267527185202        8.5456858878655950        1.6470951642267362     
   8.7253556542854653        6.9981213897090564        3.3724985477593079        4.3052390366585387        5.6351208453589168        2.7605602510987453        3.7508841682147156        6.2276097110676911        8.8852840043922470        4.0743566826093218        7.0033385305231910        4.7219561660540714        6.7061640231147832     
   4.1044343695492440        4.8612990868165351        6.0920173424047261        4.1061001283230230        6.6459440983499656        9.0394492556029249        6.7662201857520916        2.7740100453828744        5.8909821331201204        4.1809011176075845        5.5993603077192953        4.3202476922118302        7.8082278098354339     
   6.2346862508685303        7.1052236327284986       -3.0946785084489772        9.5389280146491604        5.4748302089590357        8.6168119533834204        4.3779257442966228        8.4853985622162007        5.6225430609746567        19.082311627219454        4.7635525759525565        4.7121310735040947        7.1701272210352158     
  0.11334386038469234     
           1           1           1           1           1           1           1           1           1           1           1           1           1
   6.9852223075075853E-002   2.5268784350871876E-002   1.6418710042385393E-005   6.2826634310765224        8.5730197733632145E-004   1.3091152290007242E-006
   1.5797760524573921E-003   1.3400245104463716E-003   1.2104527581990879E-004  0.44427447069107334        1.2102303924660242E-004   1.8622434766889840E-007
   5.0000000000000001E-003   5.6580441758695645     
