   0.0000000000000000        0.0000000000000000        0.0000000000000000        0.0000000000000000        0.0000000000000000        0.0000000000000000        0.0000000000000000        0.0000000000000000        0.0000000000000000        0.0000000000000000        0.0000000000000000        0.0000000000000000        0.0000000000000000     
   2.7962423692591781E-004  0.24154505544475044        2.1842836725805875E-002   1.6296929598399783E-002   1.4707402660376881E-002   1.8067260265240276E-002   4.1286721450070993E-002   1.4323606442678220E-002  0.57784187693004496       0.16471470889559128        1.8060160594306127E-002   1.3093609734634221E-002   1.6319751804451093E-002
   1.6833696380778522       0.73481439435346885        1.1348912302067753        1.0000170180306192       0.87641957772272738        1.0053178175522757       0.87489986684104959        1.0273346896977169       0.82889442025937166       0.79352365238540168        1.5327461996801981       0.94961050185506546       0.98470821839726064     
   5.6326944979465229E-004  0.27805462807427450        4.2984517169667058E-002   3.1334690160660969E-002   3.0496415634936262E-002   3.2684778512520482E-002   7.6433891546885624E-002   2.9093894720983223E-002  0.65567708977043815       0.21882884087204646        4.1245249605512360E-002   2.3198509379216498E-002   3.2192249032071116E-002
   1.3771526332288990        1.2394037818680463       0.97268562647048629       0.94178023960386337       0.83247215481461656       0.96199967382568563       0.96080653076701450       0.82192780088687822       0.95980630449156312        1.1621096006835767        1.1028972217984905        1.0028756092337683        1.1080251900827769     
   8.5430732684284587E-004  0.30285063398706497        6.1817861726264994E-002   4.6698130057620045E-002   4.8368711338939267E-002   4.6861396164040052E-002  0.10979389134915521        4.3624536964643378E-002  0.68876506701764462       0.24433867360497358        8.2027587770646157E-002   3.3683695091798568E-002   4.9114268358777802E-002
   1.5115603438973906       0.96758708821341999        1.0139404759534683        1.0167639831332178        1.0833171074800494       0.97058223889330986       0.92392398117383523       0.95458153280865965        1.1058669830391370        1.0733103969404003        1.0670783168379760       0.93271396725976619        1.0894081457041138     
   1.1757336239468078E-003  0.32638073403989182        8.1552946717117408E-002   6.1073799542385024E-002   6.4984962971091603E-002   6.0702735651579486E-002  0.13888330940324145        5.7210252721942370E-002  0.70977464776383981       0.26190540599858864       0.12362047797276925        4.5384988535842767E-002   6.4978849348607662E-002
   1.3299707432856291        1.2654539364406652       0.97845485974737079       0.97128360994003904       0.96540249421624802       0.90179582017352133        1.1198594776213668        1.0508528437072642        1.4632382158618193       0.99138296877828180       0.93900717215473695        1.1609896163002298        1.0933741793088319     
   1.5224939102158525E-003  0.34911574269904455       0.10347848648359836        7.5578183893343434E-002   7.8506890745050489E-002   7.5470347217928432E-002  0.16475459684360663        7.0750492725609390E-002  0.72645440778754922       0.27276142907663725       0.15483457338520215        5.6915801397393377E-002   8.1128521644903348E-002
   1.4721379094344700       0.96866830522597758        1.1780115811413880       0.91241728605237959       0.79278606955365294       0.93566117443418539       0.99165700250981492        1.0876728613368916        1.0599059767507901        1.0652131880367308        1.1970455554984021        1.1233645947009807       0.97262986149501507     
   1.9008311181303340E-003  0.37209307612875270       0.12473036732924511        8.9876720888917641E-002   9.4144191114250209E-002   9.2445027505461005E-002  0.18829060213829835        8.5420258927431242E-002  0.74124128753689389       0.28293774984272557       0.18127528098405565        6.7102048272181178E-002   9.6879483129108185E-002
   1.2943860259480968       0.94280448862736321        1.0860664948941245        1.0383898601744741       0.93333250003867807        1.0502700045968010        1.0055780952359623        1.1167685278427661        1.2700658797963404       0.95447322380517630       0.87410757141252171        1.2622632386862473       0.85384728948905819     
   2.3381771602492053E-003  0.39141082131813909       0.14513673101195171       0.10551887089102782       0.11035895940670791       0.11018192873832955       0.21071757756487816        9.9748271568281491E-002  0.75501059847890317       0.29253193220416268       0.20439787214829919        7.7091573902553459E-002  0.11303387876834615     
   1.2823835176819964        1.0342195249314734        1.0105709960591771       0.92875356081647542        1.0485257493172804        1.1837891763729844       0.94158764720365429       0.84292987253909224        1.0700909692180243        1.0367817852037591        1.1195020792159860        1.1489588956989469        1.0058160311705877     
   2.8507212112642709E-003  0.40452448753279907       0.16444798316551298       0.12230655761605122       0.12611178339214124       0.12896481564881607       0.23141145160530999       0.11479797312076458       0.76742094601995536       0.30100830490568709       0.22280630788978109        8.6258324930760660E-002  0.12965092675993592     
   1.0974818539779414       0.91462267888099824        1.0058313450223360       0.96687316232675324       0.92430418566059835        1.0404375178226022       0.99293178078102906       0.93470366126501503        1.2094496600344569       0.86083770120819347       0.87514346058198988       0.98915376312902825        1.3602270320725356     
   3.4273276730968001E-003  0.41717704559198698       0.18342783441102761       0.13747771637115183       0.14091127685939189       0.14532888338057298       0.25098673157183155       0.13048444358856257       0.77644282136005094       0.30967456054044079       0.24083632228705842        9.6641402579028951E-002  0.14653386841064547     
   1.0701970976552129       0.99316994964209104       0.97150332111472348        1.0021639590218991       0.91540347294316182       0.94750278095631846        1.1440781047115660        1.2197530161959615        1.1979532212913941       0.94415544546729990       0.92030123451782286        1.1134662891272000       0.95939002201917400     
   4.0744174311955024E-003  0.43146316657702777       0.20041101509523437       0.15228635597083201       0.15646474165519786       0.15838345458956332       0.26943847789995906       0.14681538145587514       0.78540818506437293       0.31834851151466320       0.25589909694716328       0.10858377916024772       0.16407743420371559     
   1.0601620282978843        1.0099675392019278        1.1588220802191198        1.0568236429095921       0.92058032500859399        1.0040988179497712        1.0812862392686895        1.1068652438708504        1.0174184361394421        1.0611812214493053       0.93714279967580238        1.0020244137798824        1.0068496501473789     
   4.7950060432054940E-003  0.44624776595631555       0.21675932332031927       0.16776587467453527       0.17288661324122420       0.17153457624964075       0.28395537418359046       0.16212382532467581       0.79361601971153006       0.32677020999038114       0.27056763791759503       0.12209416604148433       0.18214127502608213     
   1.1356343867221939        1.1652920141186147       0.97252982273295430        1.0160210035000938       0.95886591311307223        1.0395096064505198        1.0727351592726495       0.93037774847209509       0.93072783353916866        1.0317314649790108        1.0094353177161064        1.0619961567077070       0.97170276908011544     
   5.5949662208574979E-003  0.46133957315982288       0.23531609465161879       0.18452636702755762       0.19026405169744920       0.18443300233710913       0.29860139184061257       0.17665835145643152       0.80079382203593108       0.33428503462814807       0.28524551804032483       0.13834974387207372       0.20092138841820431     
   1.0346836481936936       0.92478475431584128        1.1350243798583244        1.0719814297953800        1.1392607172137414        1.0750735222632293       0.94453440134036515       0.92218696625752272       0.83110042187535260       0.99885360516591448       0.93982684091104396       0.94188309920463409       0.97432070417767536     
   6.5323831962718192E-003  0.47635827523324792       0.25496713106046248       0.20260448065896861       0.20747257348908674       0.19810596853261614       0.31352938571529837       0.18975185146323795       0.80736814948507174       0.34123472620734918       0.29927577958168305       0.15339571113438005       0.22015869178069164     
   1.1011429922367024        1.1130930422475602        1.0288232806104805        1.0570906826945756        1.3303014480552291        1.0425121335479348       0.89295262947112608       0.98870163558293611       0.99952175437915036       0.93845670580483531        1.0302858872429734       0.98753927639550088        1.0356366405877215     
   7.5046362929607775E-003  0.49183133514262017       0.27639086701717708       0.22072686524370669       0.22291191929850332       0.21246220389304191       0.32910333682016824       0.20286720270944239       0.81394664119817184       0.34874949096504076       0.31252805341368878       0.16773079107058200       0.23843080315400858     
   1.2320513992777993       0.95896174096311693        1.1599197758689557        1.1689253624264273        1.0554367346342701       0.92459031318668894       0.89262547616317567        1.0684583194450148       0.90546229689856017       0.99986589909715640        1.1285819679478077        1.1933031200997475        1.0028826330039955     
   8.6099921837693334E-003  0.50597560268233988       0.29810095444718482       0.23900636253393234       0.23748692810699018       0.22768143987291273       0.34632786889972111       0.21517916945689272       0.82004609786440930       0.35632726682853988       0.32491186423384649       0.18110482591270727       0.25664298375508676     
   1.1320661184878416       0.91188662755724181        1.0280026938780809        1.0332971697334545        1.0423769974450807        1.4181442274209981        1.0462478089751315       0.90374409707070991       0.90948977935079367        1.0824685145970241        1.2186508285297195       0.96147682869018913        1.1152711615512161     
   9.7593458212447120E-003  0.51832181404665090       0.31741521901863051       0.25648773317271473       0.25192261041552239       0.24170948717083640       0.36484580676329170       0.22998564834964513       0.82578897557864850       0.36435419741879999       0.33743914776286199       0.19500136891307812       0.26947940647992369     
   1.0058728794385043        1.0993461509659337        1.0065401318036209       0.92825207280605948       0.95630382342708353       0.91884009223104557        1.1441993208012298       0.98708863452028106       0.97435726493419972        1.0688183837661518       0.89008906408487798       0.99798335738805954       0.92722014814928755     
   1.1033057682427801E-002  0.52889828861976140       0.33498310109191337       0.27362601546741838       0.26795777533221371       0.25495821196516061       0.38185127587464113       0.24500750912105485       0.83156698902148118       0.37231111427977093       0.34965690195940780       0.21103198817501181       0.28155250173731255     
  0.90397629998827522        1.0768239002810711       0.87750869087808692        1.4402703028003465       0.91523746003282958        1.0119757965502749       0.96671125676828173       0.87129784426556245        1.1309465392637634        1.1705164382607705        1.1272541637412690        1.1224754806805661       0.86348681531176752     
   1.2791798805291984E-002  0.54317606541995300       0.35220718454942446       0.28992914982323159       0.28435614295194006       0.26782893588195616       0.39570372333560805       0.25964167009890782       0.83698141060215603       0.38013585524339005       0.36161241307393993       0.22663899492208450       0.29371630724602982     
   1.1913728929596921        1.0284175224228533       0.96632328790335564       0.94750328198733469        1.2496098639549624       0.89156267467049100       0.86574437187869147       0.83786340424480599       0.91094998274461725        1.0311752942396275       0.94875794832990423        1.1689665138317638       0.82644224071060834     
   1.5031301898012491E-002  0.55795799570797355       0.36938061965896890       0.30457848304803981       0.29988832058229697       0.28012143246480886       0.40912961454999464       0.27471278304095681       0.84207805839773586       0.38778253113126232       0.37324667950721890       0.24376840794704782       0.30636648449449599     
   1.0227414172112768       0.91039850416072510       0.96334368979672225        1.0181655085543044        1.1285200180779349       0.88216418402987606        1.0138087516814211       0.96140609909182917       0.86833051393294514       0.95430079423083225        1.0699458808057083       0.94707866599632939       0.92899867966032634     
   1.7278314225457767E-002  0.57156614893609048       0.38584491892184825       0.31932326011554341       0.31601852687469584       0.29290558036814546       0.42306983683983646       0.29026516452891554       0.84688716968537137       0.39507548352571886       0.38473449160233775       0.26065630530363254       0.32096911151079877     
  0.99600005133236480       0.94867839821731637        1.0153729246385048        1.0635513993084000       0.97351983778640994       0.93029200697989689        1.0375435498862773       0.93037933875576462       0.85790018986266370       0.89777648977639413       0.91770963556663765       0.89863477466208752        1.0366801076944796     
   1.9750133158686650E-002  0.58267846553803171       0.40064701187880375       0.33389881166542229       0.33254184696927341       0.30674894881174292       0.43646983935789713       0.30557208255585122       0.85150724116493937       0.40201725433266522       0.39628773629312158       0.27691788354821995       0.33703413889038614     
  0.90740249241195114       0.86227563721604250       0.93076337454066338       0.78695510229399390       0.89950774862759686       0.86006250348484881       0.78042120749834010       0.84655056035124998        1.0119869579856657       0.99368017906109973       0.85906094218302009       0.98713921478794875        1.0897850928908051     
   2.2399628887823108E-002  0.59236356601312457       0.41566262691728956       0.34682414149059632       0.34856289802748858       0.32143442943801936       0.44894264156937225       0.32147189742905691       0.85594900149045372       0.40868456509121448       0.40868577003758133       0.29208951307678627       0.35311911156862891     
   1.0062557879337115       0.93853370595733154       0.90771043916168359        1.0208484774520459        1.1373886374932813       0.85701781319281256       0.90582129312990611        1.0757562632517641        1.1087464518227546       0.92435331076140137        1.0111009727577467        1.0296231630987263       0.99805805743134579     
   2.5261461504882381E-002  0.60392070417260169       0.43147913784409569       0.35984582265513859       0.36521271848655440       0.33661760701075927       0.46206831710882251       0.33701129636560556       0.86023540054112591       0.41528142701432041       0.42027999869779653       0.30701456340950950       0.36879878956547202     
   1.0682794849491537       0.92859564938960870        1.0783830970981705        1.0573091167773778       0.89962796127991762       0.94289778580857864       0.98400407354422981        1.0672612213607833       0.89220371088727901        1.1187506792018620       0.86508914101047718       0.88526645259670944        1.1065334925874832     
   2.8980017929727514E-002  0.61737544999160521       0.44678556130674657       0.37305838838700117       0.38032745963545433       0.35255079642827919       0.47594955295671526       0.35241489642893048       0.86448237434415265       0.42197223018045971       0.43191651956241212       0.32288599563318438       0.38442924610789797     
   1.0355151299910768        1.1502121424814740        1.1091944667314673       0.91559523486305394       0.97911849155531860        1.0571560595753409        1.1025635236767086        1.0576051182613033       0.90773429321324073        1.2549280854662854       0.91966762629896548        1.0440642112471314        1.0693639214066235     
   3.2840648292105916E-002  0.63117077465310278       0.46234312893828117       0.38748933017434584       0.39579772295478094       0.36926420680422584       0.48939215026989397       0.36819627975746017       0.86872773743439768       0.42836268634837887       0.44710494889316005       0.33981133185106810       0.40097166400561118     
   1.0482894328788788        1.1978405357777666       0.94217347823700548       0.93883369646614456       0.98577977110640824        1.2599876758970783       0.99030669075593103       0.99101164573194900       0.83714633282375561       0.99135293288133020        1.1177331941242958       0.98448069406209748       0.97049616692821561     
   3.7759069481774835E-002  0.64467068650160197       0.47911452427507634       0.39937606561678396       0.40833960994638324       0.38661739440253706       0.50305308305478236       0.38241453440940060       0.87316072973542036       0.43510968710115799       0.46245918558195426       0.35652385973288803       0.41678915016560936     
   1.0261974376908418       0.89695635090377779        1.0465662733105925        1.0153935489319470       0.90775482688484177       0.92833746371592563       0.95264204894918691       0.86674158923051081        1.2491537535894632        1.0562207927249374       0.97263398808967638        1.0762647630232931        1.0203370893365262     
   4.2875099409183035E-002  0.65864828291619071       0.49624491840231322       0.40917162782813521       0.41895937951427692       0.40363893342550683       0.51669029764165497       0.39470030519576466       0.87758660702156444       0.44088355930509138       0.47785594754997057       0.37195285659698935       0.43087787625680274     
  0.98105501491061464        1.1108176049242868       0.93625063344313708       0.87375411638032774       0.89876558309724641        1.1820673866173430       0.90019218168380366       0.84426417053010983        1.0223377201652584       0.96147351608836540        1.2115441869302233       0.92788204036928867        1.0277318181215307     
   4.8725537457634097E-002  0.67264021976675259       0.51362020615955251       0.41941092808279024       0.43191659667987875       0.42021817967466685       0.53079028041188303       0.40773874958300849       0.88174383747249552       0.44723965765001683       0.49301556193712459       0.38563433404449710       0.44331963912193384     
   1.0479409042121213        1.0122756708639413        1.0574012774731598       0.89619625153022830        1.1257109310357236        1.1235084188059983       0.89157530607241864       0.76792480546814956       0.98519127631153425        1.0212881554406303        1.1300162430270939       0.86884185285624305        1.1757450021475599     
   5.4499778873108529E-002  0.68547622497383920       0.53016282335281240       0.42982366756224677       0.44479420079395537       0.43739110626923750       0.54419499228477619       0.42049515496278617       0.88553002826227423       0.45358616371123356       0.50690692522805303       0.39924038669715017       0.45640899750870895     
   1.1692060996473213        1.0411366763787704        1.0159610193996260        1.1005575569305905       0.99912666417066387        1.0376625425978365       0.89278324903773632        1.0241381668138281       0.85857182338400539       0.93262009910747301        1.0788201897027641       0.86941906410042102        1.0183978075088216     
   6.0834441077835158E-002  0.69781748411272237       0.54610037226503139       0.44468874993028917       0.45812951502367499       0.45381745219302744       0.55650489832744143       0.43431541519288319       0.88910328760736757       0.45977073844497868       0.52129527008465315       0.41411794239449734       0.46843284001349944     
  0.81080660482772349       0.99338634769358203        1.0157307017421346       0.84760179064202257       0.84662702103013088       0.98527475173609713        1.0439219389672181       0.95290081703413532        1.1045804902980900        1.0570548465524554       0.90269632060960092       0.87415961615990245        1.1459905492763303     
   6.7736376130922926E-002  0.71011079617045125       0.56258623876677727       0.46168420524408516       0.47118377852605609       0.47025865877964840       0.57018808414220745       0.44953297381853702       0.89281571533811244       0.46644349283770214       0.53442281854646390       0.42941290077476585       0.48158557447429490     
   1.0119005746034930        1.0887206627385713        1.0697271475311927       0.94509214740997061       0.90867132595150968        1.1011163927243268        1.0001840149317869        1.1520879158768838       0.99054792005398207       0.99121065533041086       0.92245739619506129       0.87058144334729393        1.0324875927584958     
   7.5275071970518276E-002  0.72244614179482813       0.57973188354513172       0.47851227469207852       0.48342267323294513       0.48661913253796479       0.58528185456776793       0.46554470612288151       0.89676829588602669       0.47361103066198557       0.54736441229304178       0.44536417079180191       0.49110866459471869     
  0.83995992292144062        1.0261135774227634       0.90912184765975279        1.0703217047237443       0.97174166463539691        1.0083040009211226        1.1409556775763474       0.94001570404740808        1.0307521038505689        1.0073235030962695       0.90281300459698155        1.2268176674137550       0.87864792298724081     
   8.3813993333242215E-002  0.73458778350353804       0.59784662824073309       0.49523638485136040       0.49584057750062938       0.50180485042069500       0.60032563000621253       0.48186692465015907       0.90059893193979501       0.48083371853701518       0.56308978674135646       0.46034846165632048       0.50179517317342603     
  0.86490390965167507        1.0440737368683610        1.0348965200846114       0.90518624358211641       0.97472884507473034       0.85452428675577530        1.2131239115037591        1.0761147137791349       0.91097816989998681        1.1502902934378147        1.0445314131861618       0.91143842277587939       0.81762070900220640     
   9.3896958440847458E-002  0.74577972502482082       0.61652576285284499       0.51138552837910067       0.50923508347152235       0.51768112606330718       0.61285626694819018       0.49915887997500269       0.90409119504259816       0.48754275471876424       0.58025144287898134       0.47547906526964240       0.51179965006250439     
   1.0068775100917475       0.87929276227532527        1.0318243132924685        1.0070292576738988       0.98078577432389658       0.99935392899142617        1.1370325087523929        1.2774700455610966        1.0434034237701684       0.96461063484380327        1.0487438951657790       0.89093207680491771       0.85855629066749506     
  0.10527617068215187       0.75661939129744593       0.63199349899996671       0.52595855570789485       0.52390513772976433       0.53500207097942432       0.62389206748862025       0.51602150762305676       0.90725500564878414       0.49391093126647251       0.59718096522457031       0.49082920552918879       0.52609740042413844     
  0.86402905048535761        1.0194796535891537        1.0136153345986998       0.86131243250440526        1.1343338290084612        1.0085255007950318       0.76086109708555083       0.99226664714936186        1.1263333397522519       0.87896322799265103        1.1286815943165500       0.88573024689346591       0.98392664537946994     
  0.11725404340836788       0.76696539200761527       0.64646338494592326       0.54069425145404404       0.53938964284760660       0.55241293906661448       0.63418572647028582       0.53329406182401173       0.91071080491179834       0.50067184200725734       0.61421252078660815       0.50697430382139819       0.54089733767194570     
  0.85874992308552922        1.0212626048563562        1.1024421063528416        1.0211287408027756        1.0839014116758439        1.0873968362599935       0.95902199823268197        1.0872925106050846       0.88404092349463592        1.0633848255782341       0.99605832744021205       0.98764360366885273       0.85447807899843320     
  0.13033808480478407       0.77719884316453092       0.65999402902063520       0.55688539992549391       0.55429539659081328       0.56984481219356409       0.64398148421919621       0.55058289048983999       0.91420212702151737       0.50769999111761666       0.63139050360052762       0.52363711804741486       0.55643549519069713     
  0.94712528175115140        1.0815125174797680       0.88709577252608085        1.0564181317627828       0.82931895851999471        1.0559124366437562       0.91417951543999343       0.98107633894000923       0.98002731426109424       0.97231226778125479       0.85587786601496585       0.97807452211107893       0.89004917165557118     
  0.14523423857131348       0.78752819560560250       0.67397947725272900       0.57391680148900415       0.56839199260726259       0.58751459390347327       0.65518659646064203       0.56827407366746996       0.91786343689789762       0.51495714399300219       0.64849320611400896       0.54001925236955040       0.57151873703827549     
  0.86554644796412616        1.0496157755440418        1.0212886258966751        1.1376798277109379       0.89115980165234387        1.0254289307904378       0.85689672037416709        1.1042934180056709        1.1677087153263037       0.92722325661363914        1.1168375134955004        1.0656806872649434        1.0619719434081771     
  0.16152066586838665       0.79714406095887524       0.68786315091610795       0.59165224590325971       0.58323515617541044       0.60481919107055793       0.66616102051145920       0.58555063748524838       0.92150513418477453       0.52227399505771666       0.66581973000835648       0.55655361918917468       0.58399800018527304     
  0.83951221280014965        1.0111655498778287       0.92189216227433080        1.0505227336247427        1.1985066041959822       0.97198540920600462       0.83596152709930160       0.97483691377476733       0.94517024756822210        1.1089539260766450        1.1508302952887337        1.3603517031455732       0.99379039410087577     
  0.17949720442148515       0.80626803882444631       0.70140448565696423       0.60876139590583322       0.59786711592651909       0.62185468429208779       0.67731296908006189       0.60254715172546602       0.92500553055442047       0.52895281763435253       0.68303309530801737       0.57348351107106421       0.59465434852882260     
   1.0723136927869070        1.0438646308618564        1.0778443616265780       0.96404588550471226        1.1882892921655415        1.1629359250290900       0.86182160834519606        1.1452715273939338        1.1165284210975503       0.91548711750052769        1.0060790449590424        1.0591465270831453       0.91162972408756493     
  0.20099981028622918       0.81519947357827660       0.71504239624391563       0.62339753920814922       0.61275641047809104       0.63893575417602377       0.68984980448996303       0.61899866215575194       0.92831363639261710       0.53591794540344939       0.69945603532880318       0.59024720239381800       0.60771620475972643     
  0.94086290895674762       0.97598252621607207        1.0309727371549133        1.0242604808626081        1.0118759438117753        1.0725800391862437        1.2068389976149361       0.87760137337280553       0.85532265350406411       0.98968534703321009       0.95652137766829082       0.97979739931559884        1.0408042881525068     
  0.22549576571186064       0.82449759427598690       0.72861522361306585       0.63676177180147353       0.62719832863226421       0.65632358169011173       0.70333837228744700       0.63589082391183360       0.93158617160343216       0.54275399535938595       0.71608593458597425       0.60700363836210225       0.62262630873934621     
  0.91189180806866810       0.94283758336096135       0.95930878747400261       0.80789668668861803        1.1853710365829093       0.90783537019203031       0.98125104105730387       0.99363330775376602        1.0254817566668650        1.0827857885734786        1.0597814535014944       0.96183966056627268       0.97550601914803303     
  0.25682794692969757       0.83364028519276323       0.74126076725233436       0.64981256264628373       0.64216435804497296       0.67416543792756667       0.71615089703509405       0.65196883605839828       0.93488894876205453       0.54974441194497248       0.73302665521114019       0.62325589323100106       0.63661816542182770     
   1.1321767291611562       0.95686231042499437       0.89021539461422516        1.0168258993626893        1.0742168986920926       0.99080776911913382        1.0010267908802966        1.0462041030880989       0.90864088623563322       0.92259905668394038       0.92715634410049841        1.0176997438323330        1.0173670474237528     
  0.30014883277955667       0.84204938353184200       0.75333659229394589       0.66451426325115148       0.65843487876577189       0.69168441767132960       0.72880692468789332       0.66753761522845423       0.93818739741219315       0.55733252716695081       0.74970093095958079       0.63895585781160502       0.65092997235068051     
  0.78821070801044257       0.96247985642317369       0.95870009046401128        1.0488448131131423        1.0784362962906660       0.89227683057903429        1.1057871674134958        1.0114095212573597        1.2332255785008239       0.91803390085917880       0.89612316701021155        1.0878380012983890        1.0531057061283537     
  0.35750156870071059       0.85003936270737679       0.76683056391625348       0.68186196289450574       0.67422183706154359       0.70670199127342359       0.74201149909453701       0.68290614066612465       0.94143874682865114       0.56512345406259001       0.76618049915994535       0.65405323238567503       0.66845855324984915     
  0.90141071272680351       0.93197502249012876       0.95818437005696799        1.1025540233430866        1.0220611199425460        1.0505506018150776       0.93027918391979614        1.0634677731224820        1.2736365232850941        1.2382352153256118        1.0031427135701272       0.89167681787536623        1.0345208735737175     
  0.41727606621684671       0.85771174119412752       0.78090122341158441       0.69951949439756045       0.68908774042865062       0.71992885676202345       0.75567887503466558       0.69801817664486521       0.94457878396429396       0.57349557637711523       0.78300638440149084       0.66870549187731076       0.68439321894152816     
  0.85576652065847825        1.0921518784847728        1.0422815318665579        1.2127824137466439        1.1013844953338616       0.98475621453146467        1.0612691261453300       0.97804784836442815       0.93948631180951270        1.0078968724639346       0.82442450772785170        1.1268459027825644       0.98173911790460333     
  0.47395457576963768       0.86519909339118684       0.79408180341651213       0.71671566769995154       0.70286761282378973       0.73295613359267797       0.76872298596787458       0.71315392717026960       0.94761339966213165       0.58189447399394412       0.80059725766046663       0.68204685682846877       0.69803790339440264     
  0.85520631407161207        1.1274156366759991       0.92384332264875690        1.0131123871039023       0.86564391422313458       0.90012050053938286       0.89890908851771267        1.0343916200914740       0.99695218948525854        1.1352053061139147        1.2142742240228892        1.0248645026256771       0.99965914288364488     
  0.52884573449016781       0.87339148777935294       0.80609532415524354       0.73377219582317066       0.71610435781139326       0.74587622290267819       0.78255251028479678       0.72986715960448012       0.95066309247874592       0.59006276730121165       0.81820033780930401       0.69535345737277832       0.71182009206441399     
  0.89386482059764361        1.0142835261586354       0.92591960414700158        1.1910026934043334        1.0420187689612204        1.0746251809834979        1.0849051650053132       0.99367904361870185        1.0502353779473146       0.91026419228245070        1.0040158544812507        1.0281327751774589       0.95839302416534877     
  0.57975327071542948       0.88053200556587718       0.81811666001079320       0.75049103884703139       0.73057502231480687       0.76018589429780792       0.79465253313381645       0.74833294846133769       0.95361525390072377       0.59837183002888539       0.83464055308054352       0.70971987376998180       0.72561530631676907     
  0.93352577281417615       0.97795363078238340        1.1756330497093228       0.93831597159745328       0.96947717555038126        1.0532644744185766       0.95636259035005777        1.1828847787095513        1.1211076709811971        1.1302801054809262       0.87948648502896809       0.88989047274079003       0.83176857194006137     
  0.62555506109164005       0.88755046467157328       0.83163287358440241       0.76817625792840183       0.74642344616752554       0.77605456360067893       0.80746970013582908       0.76721269604436382       0.95641275381836166       0.60628931818451282       0.84966218460126997       0.72647407320036161       0.74225010498281252     
  0.93810575089401260       0.88330507277429016        1.0295289259203468        1.0848409175460874        1.0199018887288762        1.0267382083871353       0.90715021086095193       0.91186003708717522        1.0704444223870129       0.99929097513477816        1.0115532294213394       0.87141795149886336       0.96675773683588817     
  0.66592603668434180       0.89469955455042505       0.84663446519433971       0.78578743490558345       0.76341630693531459       0.79141182723851367       0.82074035030463166       0.78462226579256888       0.95893971071095274       0.61401045200213011       0.86373210677660006       0.74590151295917895       0.75959304180525555     
  0.90872848526983818        1.0216846815399392        1.2867358572726706        1.0381912862518123       0.94884405371666003       0.89281013325033520        1.1389906698140353        1.0201570496308203        1.0373046480827939       0.90985128479570687       0.99589472781898003       0.87655455657282499       0.94254705496777680     
  0.70532447626745487       0.90217376118483772       0.86113686100960718       0.80232619075131284       0.78160253039644267       0.80635258354512052       0.83372346098978156       0.80197317455897732       0.96127208526434837       0.62139797470559011       0.87571540206951992       0.76772014909951036       0.77675657027095013     
  0.97875239943306713       0.99899909504085849        1.0501889233770885        1.0190876441730996       0.99189165068869722        1.1260740638307680        1.1195228971778439        1.0280421457437261       0.93290597699647948       0.85434733652643780       0.89350946517612939       0.94965843702091413        1.0677992505888356     
  0.74083593773096612       0.91043790293843352       0.87345997060291558       0.81824912191034838       0.80093411348272492       0.82233567885865588       0.84715316971813848       0.81926044955189170       0.96353425279014770       0.62940044419743923       0.88578533812978266       0.78620434474986356       0.79426635857419847     
  0.88473544183759723       0.96011221243198086        1.1054984369490557        1.0275940066182772        1.1602876708514358        1.0920638301948733        1.1102520528878339        1.1486419475446168        1.0028115986481760       0.91665823251563905        1.0485160074835878        1.0223840916852891        1.1160177243150833     
  0.77432537046192906       0.91810292081724509       0.88707241832315331       0.83369723697820874       0.82000122083971461       0.83867593521338679       0.86039166849474513       0.83539080215125527       0.96583648774636022       0.63791890989195277       0.89558324041464243       0.80529831457858847       0.81346304645912137     
   1.0824478876825785        1.0367390945528823       0.91139362023780901        1.0197423908832932        1.0734462458099461       0.98775433484658137        1.0049352053890492        1.1383699353233174       0.86294527894987361       0.99533279250844953       0.80554008335931560       0.88801524748166416        1.0310432072004396     
  0.80680075458231126       0.92533799677422790       0.90000053298782678       0.84907160164203765       0.83819932155209831       0.85448622814883091       0.87324983949236612       0.85144860043336668       0.96826084672842883       0.64656654485041687       0.90557665210667571       0.82461894926660884       0.83330160941053477     
   1.0076055107800073       0.88368872364458195       0.95837253047712778       0.94338434435887453       0.93173277171296742       0.92432287440806471        1.0097224496601140        1.2058134683064261       0.91001629460176159        1.0769510121950154        1.0936207179220825       0.88545869413603362        1.0935774718889872     
  0.83622538788851408       0.93281762126930834       0.91212881217522479       0.86489282651794264       0.85599076647582684       0.86991991559878523       0.88630119212300140       0.86783108675152676       0.97093951036703874       0.65374026102591110       0.91802897156778052       0.84392062063963624       0.85240603582235575     
  0.92480241199279800        1.2362952588237932        1.0216190057083008       0.98639336874541073        1.0226889202966369        1.1200308419112590        1.1033766996662722       0.96700639447354775       0.93103427353742707       0.83230661864407340       0.84318266135989861        1.0789510877457300        1.0866683133412858     
  0.86124617118084357       0.94123980143656394       0.92342408959674549       0.88118629829064643       0.87232398649919229       0.88581077859089052       0.89960140992127546       0.88459713668439499       0.97366967490818723       0.66431306577328286       0.93001050604655133       0.86422383163238203       0.87216656258499237     
  0.92997806511713099        1.0378885625645740       0.88753478596518043        1.0461444411724696        1.2207922083229912        1.1686331786132469       0.92566096692624666        1.0675094206566098        1.1498993493875798        1.1513418134882907       0.95830596943186241        1.0298081551453220       0.98745911489964333     
  0.88352585127374095       0.94961231807447133       0.93559986858442068       0.89843785607234294       0.89114092641051912       0.90346466036305084       0.91270005217601680       0.90107709636982403       0.97633769903936218       0.67532724700428493       0.94096425849609611       0.88539410931328655       0.89167130666851824     
  0.81498500271129681        1.0178343392853499       0.95694972418087687        1.0799616963329393        1.1534892436787871       0.92632413804268332        1.1319647277749882        1.1235299249591426        1.0216619919379162        1.0493844429580752        1.1189330069965595       0.94960619380127054        1.1934331333788546     
  0.90455414990770433       0.95686625694743122       0.94768054058930307       0.91561368234632823       0.90996500376019063       0.92009497092709303       0.92562081033285393       0.91718487480143662       0.97900201090773276       0.68795471433841393       0.95232317146629430       0.90475468706571327       0.91100514900667839     
  0.99385439733745606        1.0759695619564384       0.97597832405323348        1.0871119151241875       0.85964691516161618       0.87184148811764173       0.98865721466024636       0.88336145757766660        1.0884119837652457        1.0857751337162416        1.0208873862131789        1.0368652742289055        1.0224095688924633     
  0.92381971383355022       0.96363086598147718       0.95973604478950347       0.93312645664417360       0.93033381168024010       0.93735843663281027       0.93837495665858617       0.93387248470678952       0.98169099978372343       0.70319722761834036       0.96279246787897244       0.92510886029946648       0.93050388348277979     
  0.86666358062550564       0.86909629185962112        1.0373146604863770       0.99092736823328753        1.1865523263113174        1.1265788923506042        1.0277716747699088        1.0097370724439354       0.94617155063170766       0.91908890058064063        1.0260741296617635       0.98860668447828626        1.1091250962077492     
  0.93922021173314540       0.97050106314163065       0.97158676189574533       0.95134356594213665       0.94935422232514521       0.95106706824647136       0.95168427734138861       0.94966872104958033       0.98470915142040516       0.72057739652060193       0.97182941849224669       0.94462867051427624       0.94921100584768914     
  0.84718139072792153       0.91727218705188474        1.0388923880889329        1.0625204748057759        1.0857424236458229       0.92609136190843711        1.0994282923457976        1.2081195349906626       0.89035397037752395        1.0259400320525032       0.90740638237800719        1.0131637484639697       0.92176240707164669     
  0.95560751110144682       0.97789213770880179       0.98358158848821442       0.96820250444005229       0.96692582480298828       0.96634740163832489       0.96596218942038525       0.96423300618803576       0.98839462187581073       0.74619138875940072       0.98115677667405088       0.96240631925776787       0.96671065308710169     
  0.85061411158877276        1.1916995418643068        1.0457087803104370        1.0825904625726772       0.98514738093589083        1.1760926277899597        1.3695610901350068       0.92320093548414039       0.99338931753210324        1.1851488280071694       0.96471251744028585        1.2040994724308982        1.1502570074763601     
  0.97264736869331481       0.98601663335720158       0.99172002752411770       0.98451043486263701       0.98377742757897957       0.98333520107719774       0.98240324439141313       0.98171045168860283       0.99345248696635147       0.81341550654043382       0.99052905086272502       0.98209327046921857       0.98362736806238904     
  0.89025273569161500       0.98530842217640635       0.80181299066716183       0.96897241890404906       0.88864902208528074       0.91116968884252492        1.2789009054677880        1.1267816802225439        1.1004963192018002        1.1572441298977238        1.1976543954783445        1.1884738911693891        1.1306765394415843     
   1.0000000000000000        1.0000000000000000        1.0000000000000000        1.0000000000000000        1.0000000000000000        1.0000000000000000        1.0000000000000000        1.0000000000000000        1.0000000000000000        1.0000000000000000        1.0000000000000000        1.0000000000000000        1.0000000000000000     
  0.94705587362907429        1.0181232775592692       0.89814178107690879       0.87033782751550059        1.0619014376273994       0.90872517592882485        1.4155808712138747        1.0517154042749706       0.88631365651410843       0.82759143231647292        1.1437617509013376        1.0313750932183468       0.97882344542826671     
  -9.3906313782293704        0.0000000000000000       -2.2300161884810328E-002   1.1051352737470672        5.7447424510569176        1.1529317123972949       -4.8906633188757906       0.62001347035213583        0.0000000000000000        21.654241429751700       -1.7205854946558645       -6.4455716212525775        3.3495591881023601     
  -2.5495692308418954        0.0000000000000000       0.19365506974339050        2.5982674267244152        4.2880711697099851       -3.7849518464243612       -8.6991274126672202        2.4833992520067580        0.0000000000000000        4.0814655818838279        1.8457410553125166       -2.1445295085174121       -1.3246362062439847     
   4.3201123352304878       -2.6614539063307294       -3.6535826222899748       -1.4353186295689329       -2.4529973540411500       0.98470229426645894       -2.5460739121409413        8.1404535588330051E-002   9.4819087167063500       -2.0447890219068161        2.9962742070235993        1.9517405748431902       -1.9829820985083355     
   7.8476949202789328      -0.49185604928236154       -3.4856389426484404       -4.3702302093467900       -2.0773273861983266        3.0598089106016033       -4.3376098413013189       -2.7109532344380796        6.0360585350729892      -0.60824332288027594       -1.1439051629937094        3.1226234811279920       0.20491701571677703     
   7.4577364912160942       0.11398457196109976       -1.0087580384479586      -0.22706569677146637        3.7789228576502820       -1.3287196371268435        2.2648308333617715       -4.0037939030071685       0.11423056288489293        1.3320695158368179        1.8755902536682290       -1.8100751790285607       -3.3226003404985036     
   9.8482058250137658       -3.3632060154694625        4.8218295350483329       -2.1773048962525556       -3.4379027835922611        2.4305324012235014       -2.2670890923786726       -1.5671370121352517        5.5468793331518986        3.0934825320254943E-002  -4.3658197985778813       -1.8089940284066999        2.3523774095586489     
   11.858948736225637        4.9459530875394772E-002  -1.2116154979725939       0.54766640352090368       -7.1883727104536268       -2.8216404845128400        4.9604367512223755       0.31035871837838613        5.9897632956062853E-002  0.31341122051361398        1.6277892756376049       -7.2934404253900409E-002  -4.8386450126988123     
   12.177771181786158        1.7222266324612148       0.66614706101332422       0.71784999341831623       -4.6889109146734214       -1.4341325404950400        4.7767865119787700        1.0114344266082016       -1.0065168370929536       -13.122904236459801       -3.0833510402773605      -0.45849373069748772        1.5374441982748646     
   1.6599513594180434E-002
           1           1           1           1           1           1           1           1           1           1           1           1           1
   2.0311392587999622E-002   5.3786471444803204E-003   1.0091819570837726E-004  -3.2047387782012442        3.5157775169750112E-004   1.7801646240516228E-007
   8.4809761302148787E-004   8.2012312128029957E-004   5.6257466086268349E-005   1.0657050211440333        5.6252988322530026E-005   1.9613032013870176E-008
   5.0000000000000001E-003  -1.1509461681894020     
