   0.0000000000000000        0.0000000000000000        0.0000000000000000        0.0000000000000000        0.0000000000000000        0.0000000000000000        0.0000000000000000        0.0000000000000000        0.0000000000000000        0.0000000000000000        0.0000000000000000        0.0000000000000000        0.0000000000000000     
   1.4227070898287800E-002  0.28968559579480962        3.5196048441697831E-003   1.1218460788667155E-002   1.8872363767495196E-002   1.7668277395922721E-002   1.5241002580476825E-002   1.6162981479563032E-002  0.35221019325708497       0.14977079818327743        6.1777232160867022E-002   1.8531195023049517E-002   1.6330966291051980E-002
   1.1671366100515863       0.86178394429355465        1.0175026543000412        1.0578662643913701        1.0809070005005439       0.99800556322289846        1.0183797302077500       0.97524274817727252       0.81703797980324033       0.77461533701255425       0.96959347120249095       0.94189966689442106       0.92854055385664769     
   2.8391210729594579E-002  0.43633538090572477        6.9594017115790514E-003   2.4055235028749324E-002   3.7368621085727832E-002   3.5382349767611433E-002   3.0099788058931886E-002   3.2627014466230578E-002  0.51432990644192500       0.21394913076217353       0.11097191266489964        3.7277137807464542E-002   3.3252550653475078E-002
   1.0759905976890349        1.1758933215398739        1.2631088067537524       0.95274412479105453        1.1671291509682828       0.97463187304475796        1.1227526845685425       0.86178394429355465        1.6852785138583966        1.0990160603165458       0.99112922779831125        1.3766637855474428        1.0844334761952856     
   4.2437633408988484E-002  0.49950046426533595        1.0264784195315834E-002   3.9268130820635613E-002   5.2646530532514502E-002   5.6000329926867015E-002   4.5674481442414080E-002   4.8032709309700827E-002  0.54503893212240395       0.23909268822263449       0.14925179184937140        5.3327159020072512E-002   4.9250625245772388E-002
   1.0619423909877523       0.88883055463890481        1.1164031702480108       0.87471283196062777       0.94953655970118778        1.0410466781679806       0.91271924236466251        1.0850878965284627       0.97301614788053681        1.2786417763464235       0.94935632269120773        1.0555520591582543       0.92710520630587900     
   5.6580920628921227E-002  0.55134372045528590        1.3761260512528461E-002   5.5886747535118263E-002   6.8079072058061157E-002   7.5473602398533207E-002   6.2035010714614022E-002   6.2981559197117676E-002  0.57249902610916337       0.25862345392971575       0.17795742625847619        7.0439205995712934E-002   6.5064360851373737E-002
   1.0891226977832122       0.91321077298867837        1.1931283406030118        1.0763798990751754        1.1257955438331242       0.96474291194204587        1.1181352699198710        1.0306460398423920        1.2671341872029080        1.1554525543645329        1.0086461610267241        1.3631957778102244        1.1112203844778565     
   7.0809322156539747E-002  0.59220168720331090        1.7539542016001317E-002   7.1056884296152659E-002   8.4137858814048727E-002   9.7068570922392863E-002   7.8072053620501056E-002   7.9819026966831130E-002  0.59740604380325002       0.27213655612462284       0.20023322322095755        8.6874465175785148E-002   8.0196790248840438E-002
   1.0112693836953159        1.2373176733981979        1.0862800093073293       0.86341172458736515        1.0918562541485239       0.87057853027364129       0.94633042376807586        1.1974919930702099        1.0334889690843119       0.96019854649378000       0.95768067807072788        1.1837512781777806       0.92850721553611359     
   8.4734483572920405E-002  0.62549403292193728        2.1433468965796988E-002   8.5443541483642013E-002   9.9799484464505442E-002  0.12228476708757481        9.4147014902572906E-002   9.6501832760088974E-002  0.61808680833930374       0.28322609302499258       0.21775382781132840       0.10162793554961032        9.5248461831533127E-002
   1.1241879220689470       0.96281352093953354        1.0141684663191799       0.99215832520107783       0.95788276675076189        1.0504354674363379        1.2624650020384718        1.0134197858284026        1.0649839303426316        1.1120971178688048       0.99199362969860783        1.1213136307355329        1.0369383162330414     
   9.8439001499229239E-002  0.65271864622355247        2.5470129510158045E-002  0.10021160761628145       0.11534160670949425       0.14853817650353476       0.11067032113621034       0.11399432955687749       0.63672565527355185       0.29466086531793151       0.23288029018050715       0.11697072227399426       0.11010495449878231     
  0.98999834206766157        1.0979393111817510        1.2184318507376695       0.90918273154644891       0.94367316662181877        1.1077494913579637       0.96588465894601294        1.0281981671308891        1.0527300260851959        1.2579315517650853       0.88231009982913466        1.0363930309004172       0.86696523596087594     
  0.11169828216639446       0.67968806074183530        2.9692086584195320E-002  0.11468132137832235       0.13097334431376026       0.17357444708649175       0.12634704439037717       0.13211398805599234       0.65329866909872059       0.30532063277364152       0.24910507367282952       0.13157182698741682       0.12554325270338765     
  0.98557076573625069       0.99583528112327591       0.90134257791630301        1.1360005650486380        1.0921137948357011        1.0490536315987187        1.0381893230692811        1.0127388469107323        1.0096692282334736        1.1044732297288189        1.2036934624841977       0.99696761340432338       0.95885035370046079     
  0.12589104741966567       0.70077664427006436        3.3996975077037819E-002  0.12934273457231701       0.14728008229613651       0.19762308341926224       0.14168854821340607       0.14927853571865352       0.66905181762756050       0.31616417198758284       0.26281382680024684       0.14588512316450253       0.14259115867145680     
   1.0209224758416757        1.0086774853233316       0.92936949062741103       0.97731430797302099       0.90405771145490510       0.99887226598706313        1.1804981681571449        1.0061530109454737        1.1142447060383383        1.3272271941475708       0.97018490385353118       0.86604860904970404        1.0910835121008899     
  0.14170795710805723       0.71721415496161223        3.8379353786396689E-002  0.14531561680215813       0.16400381463336439       0.22118232108154159       0.15700895178586111       0.16591819248900591       0.68329268263101450       0.32580563146101876       0.27563872293647507       0.15975746206256261       0.15792162019996900     
   1.0323869730646047       0.97051819927717964        1.1135810929527525       0.93153086795991547        1.0238189234933133        1.0508082628717912        1.0538920707602111       0.94977385338050635        1.2538023929636317        1.2441786774604895        1.0321320209551270        1.1086850462287017       0.87302863394099040     
  0.15898144579467635       0.73185624334001043        4.2933099047701886E-002  0.16017349834961631       0.18050823162180685       0.24549322282850908       0.17361913842283683       0.18284362232889617       0.69613955419642159       0.33468332307147652       0.28803084577719407       0.17317472541785220       0.17263042569801429     
   1.1291848995786307       0.86178394429355465        1.1286760387605572        1.1976736009982603       0.99669195119699294       0.98474647587172492       0.94465513316403127        1.1906680917540569        1.3224918958209795        1.0898351297853173       0.88027362414150478        1.0269786326244501       0.89072155377655393     
  0.17612844044494033       0.74666151252967472        4.7588442242066313E-002  0.17477284069980584       0.19630506210583293       0.26961815577520959       0.19115251370839512       0.20033921066231203       0.70776673973378645       0.34313253867596261       0.29973897715792569       0.18895693087017987       0.18615313748512882     
  0.97696503772745891        1.0817180519294689        1.0459601256614834        1.0642599527445913        1.0541714071430297        1.1046188563945007        1.2493984382011447        1.3793758085214973       0.89960380519653049       0.96920732020628142       0.98912822112659793       0.94179111124072101       0.84045469115244598     
  0.19215491787985831       0.75948484212925782        5.2365448701222943E-002  0.18861013465270449       0.21233150574665927       0.29262994255081071       0.20871048022557848       0.21790839664511794       0.71845778297031404       0.35097055524023874       0.31211590140061335       0.20476233502933347       0.19996811728573433     
   1.0134222419412435        1.0020782927414658        1.2846801576478863        1.0194855344462306        1.1097637553109945        1.1774012079472633       0.95227019457924489        1.1907409024965303       0.94142141749280139        1.1159046648983126        1.2062446285766966        1.0653269668677172        1.1249730515785978     
  0.20765881664605590       0.77243808484976151        5.7225130506138325E-002  0.20223995067833583       0.22896278545091014       0.31427613563969542       0.22654319762822098       0.23422653147024175       0.72836034174338826       0.35779296413902167       0.32421800455487015       0.22158405525877564       0.21352690357992071     
  0.91326149069725560       0.85890135468230411       0.93140164998699226       0.97717166849708370        1.1485460293752816        1.0192309036987850       0.90985173308269596       0.91388144094967594        1.1364953029153952        1.1137363939890539        1.0648605715513357        1.0948224854748860       0.95040826536848555     
  0.22246836867348022       0.78545691604028123        6.1994438311137150E-002  0.21581172578279720       0.24578881824043322       0.33273345100006629       0.24421620136094677       0.24982793166318401       0.73735260492024479       0.36374699669239985       0.33665402409097078       0.23910732705057536       0.22858358779878238     
   1.0062525998411296        1.0967340799690890        1.0238104493358542       0.91346622921471721        1.3827267095135307        1.0484174534572477       0.95084479901108543       0.97524537155945334       0.90329001257704011        1.0384664502432175        1.0015248777187966        1.0952963115729004        1.1905336119776775     
  0.23677687869135555       0.79697701393100806        6.6806723520529770E-002  0.22960056614310301       0.26238006198969183       0.35120176957816496       0.26096769936567343       0.26551864435691852       0.74621587756203056       0.36953137440877504       0.34880120272135490       0.25699936873965218       0.24227957245606499     
   1.1573057237518061        1.0572725444797235       0.93400085899454732        1.0361421999810467        1.0665060269912854        1.0342767288267767        1.0883258657328925       0.92775306791560486       0.90092114193299921       0.91247756226412291        1.0815482758708377        1.1324522426912991        1.0573485810778158     
  0.25141422058656643       0.80782354960256286        7.1776187728101029E-002  0.24464113704421139       0.27769537041894132       0.36957951114427201       0.27754913913208251       0.28282858646741221       0.75488773014398458       0.37599001907608054       0.36121286496636357       0.27554134099486793       0.25694234616306455     
  0.93392328711756900       0.92511595866056762        1.0535418985434755       0.99819812849936007        1.0254413210196607       0.96302816613807185        1.0210881270637044       0.96407553683826730        1.0640236888843320        1.0847166717991803       0.94263134241584057        1.1453132245101998       0.95645072739383175     
  0.26563545357073148       0.81796651779462792        7.7426135377607522E-002  0.25985138284354425       0.28991705109349508       0.39007419395810677       0.29516011983140766       0.30163651698489302       0.76299444076394118       0.38296878914145710       0.37356703618100062       0.29295246794037333       0.27153503570268850     
   1.1731467421670498       0.86704273689998146       0.98605102850262893        1.1998201784715492       0.87917803815646467       0.92160497663783192        1.0881618268504010        1.0339584702070403       0.85557511465332259        1.1028011377695748       0.99510511921451583       0.96061445879181073       0.94245512640265083     
  0.28047442461901323       0.82791701434094456        8.3448065911826158E-002  0.27503649608819741       0.30074848460090048       0.41133182309305882       0.31330385775466080       0.32005116731463518       0.77077488850106457       0.38863070168662966       0.38595627910482799       0.30831941159291204       0.28715824221290714     
  0.92480643602990531        1.0957795027260200        1.1362862424078151        1.1068141687525146       0.87092945039701641       0.94009832359891787       0.85521561031090354        1.0051988726286105       0.97335540767667394        1.0192756577971538        1.0077161277913325        1.0938375131868070        1.0032101083453726     
  0.29605007023744956       0.83722673348544807        8.9534539295748367E-002  0.28934510900382443       0.31192213971699412       0.43187846720231765       0.33095023999300377       0.33733823146412245       0.77833480516050157       0.39402418704647968       0.39869818480034341       0.32523704342840487       0.30274845082511764     
   1.0423452657889198        1.1953311583435529        1.0753675120778166        1.0482864175888011        1.0062259042783845        1.0979360158730249        1.0494178503597307        1.1192242937527130       0.95122754454923997       0.78438230441942214        1.0115232342677141        1.0022724043908087        1.0140299083622268     
  0.31217943336266801       0.84587888592868798        9.5623811741176706E-002  0.30276234785751677       0.32578852203880199       0.45251266681740571       0.34746253934239096       0.35384024127290786       0.78574848955347065       0.39940393487260467       0.41116655406114361       0.34174008411323398       0.31760339626998740     
   1.0879050266258454       0.85407656449527469        1.0225193271983495       0.98940011968697184       0.94804471193831530        1.0596290007804285       0.97153259000425207       0.88710796082992582       0.98882656338446673       0.93249911155894716       0.99502123016841071        1.0136094054731812        1.0677248082308806     
  0.32820082255265060       0.85443893400806037       0.10194763217769241       0.31593960211235184       0.34191205141001252       0.47166175710424141       0.36307352761792050       0.36964843405950282       0.79320830072180115       0.40505799233033390       0.42386574099482921       0.35831901366207736       0.33175545863483785     
  0.90949154631044427       0.97071072838128525        1.0762948595308570        1.2317426208961499        1.1396501995202648       0.94925308304879175        1.0675277729924257       0.83422235761470298        1.0774580074952620       0.99324403637405323       0.97621808127815535       0.94842272415257400        1.0927025691674166     
  0.34442142735686482       0.86231232134254687       0.10865724812426017       0.33004610551449071       0.35842548282875680       0.48851792205811095       0.37862689073248951       0.38494790978582943       0.80030733378407726       0.41106078311418426       0.43687295441051222       0.37323497398297606       0.34495632856590369     
  0.94726278580973533       0.87279926469904967        1.0601636546730528        1.0046296580511433        1.1754430934586468       0.97986985877084198       0.91141146880832347       0.95803468165171990        1.1325321312954562        1.0756874054349239        1.1370055313734415        1.0773454186405034        1.0532628306870480     
  0.36082239388011161       0.86916933940537100       0.11564096380039811       0.34525898651589404       0.37344645169199314       0.50430200611061227       0.39468433272445758       0.40019982481432537       0.80693743236001825       0.41720877170947107       0.45056311925237658       0.38797082631239782       0.35892991609211988     
   1.1181126363603575       0.84688592493233583       0.89564684635289604        1.0198823852424952       0.95034221662567153       0.91139096041632717        1.1117213382901070        1.0190384046541254        1.0388203190193139       0.98605938043540831        1.1185663987852539        1.0508696521431975       0.86098866922953254     
  0.37707811315589657       0.87458761557569809       0.12261084665593280       0.36104557026776019       0.38723474005033193       0.51952611244768310       0.41126878879899098       0.41568525862663513       0.81326907708547791       0.42320892546862593       0.46396818315749266       0.40251895261239601       0.37347953385394206     
   1.1540062676544669       0.97590342468526159        1.0867816184552064       0.99558019902662653       0.87611396724543733       0.92826121244192095       0.98944640938128670        1.1989128969379330        1.0635689700365609        1.0343298763314850       0.94666047466992687        1.0064841468418186        1.1634096853475882     
  0.39309024393565078       0.87932222359484380       0.13001310582332484       0.37698618283272933       0.40012872991524995       0.53637440222777288       0.42839219180299898       0.43121603017338583       0.81950482619092668       0.42905647953395576       0.47733611888623784       0.41540960429941021       0.38855193571104846     
   1.0255278528276868       0.85851208051669903        1.0725424676733650        1.4328513540213190       0.96070506960187096        1.0121750712629463        1.0884549846611169        1.0386816909630867        1.0966004873100790        1.0074870392739990        1.0681521254332349       0.88258053748642606        1.0621487248989108     
  0.40886480606952269       0.88416183082296074       0.13795155469251899       0.39307732840271220       0.41480365046651463       0.55424854049635541       0.44548941726492514       0.44681434074564691       0.82573004875200295       0.43498216726763589       0.49097877069951179       0.42906118045262198       0.40440204809569402     
  0.96855196856703396        1.0224900795093090        1.0440143144861498       0.93875023397495727       0.92774334638341360       0.98983557712442050        1.0969228178412178        1.0697838116883571        1.0823815500045961       0.98353461348443849       0.94118530100970188       0.99390788021405307        1.0672138055870575     
  0.42431721708968057       0.88971159668288902       0.14645739466234919       0.40930353782453149       0.43017849902228400       0.57289082634770794       0.46181389131016709       0.46265265516243792       0.83179495764807976       0.44063103894411565       0.50499912487784071       0.44349128708615954       0.42015880903241043     
   1.0660813743915025       0.88978206652774172       0.94344938523881738       0.85072549993542390       0.88699316283399210        1.1262107383612356        1.0977587659047015        1.0279666667946554        1.0570415839850089       0.91627777568601843        1.0311674954050891       0.89125756691373970       0.90289587187417308     
  0.43947208868723631       0.89555067267590249       0.15537255714611606       0.42524668779058167       0.44641616034241138       0.59005866287821152       0.47723048867420809       0.47871921153991703       0.83749865687157621       0.44693638561796484       0.52018104572315937       0.45987493858637191       0.43554134490549024     
   1.0210761363941543       0.91866373402623214       0.90685415920605761        1.0199828351495512        1.0974726611872507       0.87439149853954634        1.0771135427945298        1.0668641393915443       0.97678494591534681        1.1132328908419920        1.0338155598115903       0.99018706566848547        1.0623934112022222     
  0.45471384914671237       0.90102941866143826       0.16441807897037963       0.44030473110293866       0.46284545007522937       0.60642302399166725       0.49264946770074192       0.49444182944760118       0.84290386425568320       0.45336104369281283       0.53470188345470226       0.47593736025704753       0.44764071468560196     
   1.1295597540776692       0.95876176362116095        1.0229055816259442        1.0020713702294834        1.0095093867761840       0.98734900066758169       0.99038714428103924       0.94223214560151103       0.95832260987220497       0.89816773259262950        1.0039584808841657       0.98973578621081859       0.98013724821799852     
  0.47049270697971612       0.90610346422302601       0.17354496086436472       0.45443630797074980       0.47932157058150249       0.62267432039800408       0.50870089434454080       0.50927952417147837       0.84819054359317014       0.45953842615866303       0.54919896554704140       0.49146921898604057       0.45900294477419473     
   1.1027119908251615       0.96871875341781966        1.2008135454700091       0.98015267626438241       0.98934320312532553        1.0152864647867175        1.0089972702591454        1.2848917735078085       0.92089491263767109        1.1643367509008475        1.0960030304980037        1.0053987458516149       0.95262126512487644     
  0.48594058596483558       0.91086541939158061       0.18225810268468623       0.46819507479981382       0.49494729610621280       0.63883755203517389       0.52504360810739648       0.52453646847662727       0.85291928659398764       0.46591179138356609       0.56457868937576050       0.50656742799481791       0.47117143404981299     
   1.1620169880352076        1.0611621403286065       0.98509642559508204        1.0821681341345557        1.1138977286241993       0.97005267180135857        1.2665243765240550        1.0738738324868988        1.0327743453137233       0.91984705275315615       0.95921918147917506        1.0829898475116093       0.95678127981698147     
  0.50035496932750889       0.91542297769016856       0.19094016854065296       0.48192905070994752       0.51025168857538827       0.65464852320892220       0.54134343924092565       0.54116935208590211       0.85753330080004009       0.47223953138911723       0.58144651717824147       0.52149714245009671       0.48472491949071067     
   1.1285712736525180        1.0888488116198036        1.1746321148090257       0.86659664498467393        1.0112693836953159       0.92823100693532634        1.1381231254441295        1.1678042154047783       0.94900827954017875        1.0029656005184029       0.86893045993809270       0.89387538952009959       0.95206739795226591     
  0.51418022398555185       0.91997154305481932       0.20002778197759014       0.49536996440265363       0.52540157831724255       0.67023323789460820       0.55758967394071157       0.55921612087501338       0.86204857778780530       0.47833910365227378       0.59661151758470354       0.53583864064144271       0.49843695026161805     
  0.83387547987798638       0.99258908085876041       0.97871357629603695        1.0954392771556003        1.0870922666945508        1.0635660961492179        1.2122904612451628        1.0556142791519678       0.95151162768245923       0.98388090185164567       0.94690145666001602        1.0046843862263397        1.0145828353203685     
  0.52752329438151180       0.92439602374391594       0.20984934681375136       0.50818179218105597       0.54002741980577162       0.68532040835336649       0.57332648031649347       0.57665380134318378       0.86666471705419590       0.48443505972023115       0.61195915962261305       0.54944496969726553       0.51237237166559835     
  0.97858385685122296       0.93017206043558143        1.0417349603286987        1.1359032983813138       0.95346227822463236       0.97997174842415624        1.1489561880553467        1.1296764712314042        1.0205939909670463        1.1075827711267141        1.0602412735386779       0.99145828589639451       0.97561672499340690     
  0.54190347576224840       0.92867511712156448       0.22031286701844763       0.52080573351003911       0.55483570957552553       0.70099320192492753       0.58882802592705175       0.59203191123422105       0.87175727213196030       0.49062457604704579       0.62718674988348244       0.56324490803200455       0.52781300604578918     
  0.88056255224814084       0.89370372401817200        1.0599352839890293       0.97608947618287567       0.85845589508996478        1.0915653896027768       0.97000068970556719        1.0555028140040885        1.0250115118504948       0.97255400898047528       0.96565708848164611       0.92078332754585157        1.2936383899264332     
  0.55799048470563961       0.93287601637366757       0.23131970431905483       0.53387915653355045       0.56996920308788257       0.71642198438156690       0.60437771372296267       0.60673564905148647       0.87691595391702670       0.49756074446301896       0.64277978488775800       0.57710890002109039       0.54238758029846856     
   1.0624611777326463        1.1200558866799575        1.0078716627856379        1.0370637735619250        1.0348615037181601        1.0019542905468406        1.0019213743986388       0.98549770160235028        1.0786570584829582        1.0697596440563801       0.93591242519320528       0.97886585155781192        1.0651474463522856     
  0.57547463172689872       0.93687933246885347       0.24306137315470563       0.54738638307817555       0.58634476856193463       0.73097510912239749       0.61960337783571295       0.62247239610051996       0.88183726213881786       0.50425677359938359       0.65839598293767621       0.59008752108502682       0.55645769458577776     
   1.0240712044396398       0.99414231869866787        1.0253213330056770        1.0531110621958508        1.0625930191312964        1.0351711535688393        1.0233256724805717       0.99157795712314478        1.1168754105251202       0.93415707561915273        1.1324767638266680        1.0655628369804071       0.97499900972705955     
  0.59401964437657284       0.94050085910718773       0.25546196848905423       0.56119010055367824       0.60457905170449200       0.74478229698014164       0.63447876459595420       0.63949859669926112       0.88643114818856461       0.51096282802917836       0.67367586169110272       0.60221818089685009       0.57043919407327792     
  0.90945806581022437        1.0825909346994578        1.1414218036249453        1.0429861552966726        1.1201812515908132        1.0379879483203347       0.92615660588328519       0.90898046969739055        1.1909536647595096        1.0255691620445400        1.1768242411294625       0.89370086517122593       0.97638988375050839     
  0.61128738329397170       0.94380216288346086       0.26805949661994488       0.57539210983499167       0.62197968261754566       0.75873257186162968       0.64980688783594776       0.65642793020375001       0.89076957056604622       0.51746309930359902       0.68932430414638723       0.61371622115260960       0.58448572820633826     
   1.1819288537868036        1.0476000022730041        1.0421490051025051        1.0781807062444144        1.1481730050877483       0.83442299171814904       0.97519539932467791        1.1203951964811760       0.93473334375516948       0.99667312417667131       0.88331591559147316       0.86170899101482878        1.1827173853136539     
  0.62626254882802179       0.94704264104266966       0.28082052931694124       0.58953746208871816       0.63765536121182420       0.77289056788135424       0.66543110219037305       0.67123383638515510       0.89506275118271172       0.52465794018766210       0.70325944671384621       0.62641184928533900       0.59863850485626846     
   1.1528217793729283       0.99953734606846845        1.1185658475255471       0.97905470961738683       0.96860884871584185       0.99254338453371982        1.1057440247956365       0.94209229320289145       0.88517147714597999       0.94710237537627340        1.0519131045399774        1.0438680198694130       0.99068123692358845     
  0.64066641644247191       0.95029674193640179       0.29440600749381485       0.60322648790783140       0.65188574573054625       0.78651238743970320       0.68160672315660209       0.68576187873927297       0.89940471359749008       0.53182676030138143       0.71680900225299959       0.64042331328574709       0.61299129551278408     
   1.0012142712008774        1.0283623124563135        1.0230403622877520        1.0299767118298309        1.0394822355752158       0.93542120335171108       0.97807159683569167        1.1338172937621085       0.91375403488850093       0.94466120405168064       0.84860098662641281       0.98256258353916015        1.0748219338094924     
  0.65438604669748834       0.95339700330912358       0.30909720201721924       0.61670250479455635       0.66571310676100803       0.79976273075282689       0.69818273807457798       0.70129121103661929       0.90401469662264522       0.53974157183301397       0.73052010653924437       0.65398712588443964       0.62852505936912395     
   1.0825533025174701       0.92236172968771890       0.97855728301580658       0.96146069329693729       0.87204632864383214       0.96025420482374924        1.0750770724677416        1.0077270160387410        1.0755258292693981        1.0929996012061922       0.92883600741020311        1.0453520817799755        1.1240678700576061     
  0.66914033180413490       0.95671327538918172       0.32464880582936112       0.63102619012032624       0.68029640725175111       0.81243988131790845       0.71446992255187647       0.71726003277386852       0.90831454475142015       0.54807655314019388       0.74599704227418517       0.66687777973522877       0.64535514478396561     
  0.91933643029052492        1.0693885156848810        1.0753022314342218       0.86178394429355465        1.0938215241543547       0.96973617028999792       0.87715993191030883       0.97528256465791741        1.0989001822174458       0.99284272505713700        1.0156683943585505       0.95629552650503891        1.0542182593929079     
  0.68554572597988894       0.95955923859791237       0.34112288512749572       0.64631785059002644       0.69593755362154253       0.82505502584538404       0.73032029807728072       0.73297747239120525       0.91221859906460168       0.55693214176256522       0.76214754105190774       0.68006849182486051       0.66169288064117782     
   1.1335024138980518        1.0362556902097377       0.95446593714716410       0.98061494359719859        1.0152021838531513       0.96913686211178007        1.0338972892142140        1.1675289670383406       0.90662448726721001        1.2288958726076125        1.0188913637366779        1.0891588446309681        1.2115340505856647     
  0.70204540463961151       0.96218404111163247       0.35879287471498789       0.66225841151218845       0.71262722811388590       0.83777620993658342       0.74633270718372979       0.74823206923970464       0.91608898902442526       0.56604480050013761       0.77802908983429886       0.69424348457019835       0.67776737313791113     
  0.95548304870382106        1.0939206493569287       0.93725724003547073        1.0161084339384974        1.1210556905225804       0.92614510051783072        1.1409580355359441       0.98251865258833149       0.83905092964352723       0.92530491576310836        1.0850213697904063        1.0428520017194089       0.83429057278406504     
  0.71751833375600049       0.96471420520951656       0.37710526155368695       0.67912228679132536       0.72962998332448592       0.85017157225151385       0.76203480529074974       0.76336382346908049       0.91988264278206067       0.57477008860354528       0.79368615151407518       0.70919066153042776       0.69337170040338647     
   1.0868445416825183       0.91133020329865244        1.1025528970077774        1.0969179750716909       0.89552326210505884        1.1524937433941753        1.0152110568272892        1.2281076791248573       0.92559717263936880       0.93682464675226962        1.0615478479037608       0.96155609420638988        1.0506181882067378     
  0.73294580068371029       0.96715738898328896       0.39621031757940606       0.69656164207968552       0.74670101396323862       0.86201395230678823       0.77778150989094241       0.77750003451223371       0.92369827130595017       0.58333750789549366       0.80949154032107162       0.72465055198470318       0.70963874849228370     
   1.0564260307892877        1.1432939577897581       0.97461805186228889       0.97094693363950924       0.98020231120647483        1.1878519371921112        1.0167651331153571        1.0541650066114570       0.81317724367586008        1.0444490837969287        1.0548082258719960        1.0492020303761278       0.97632674495748895     
  0.74890770479109703       0.96964927952768742       0.41672556041426884       0.71447532950882997       0.76301371152916575       0.87314587360746398       0.79337179328586982       0.79317295242274555       0.92771345465835775       0.59217829363673113       0.82517870858086106       0.74194505586997672       0.72742422344967372     
   1.1313543927239247        1.2579830065617954        1.0382123517286794        1.0004362430721978       0.96306852262319353        1.0370006888665155        1.0705907912073147        1.0429194226677747        1.0653535734528605        1.1011691914308526       0.89611316580785605       0.93313153534838911       0.95948824104768848     
  0.76494728453136707       0.97206612230416323       0.43818858009656370       0.73218525565352055       0.77715027550502036       0.88389501475807486       0.80889975266734593       0.80824558165552474       0.93186989851060542       0.60189438343379775       0.84013355255563582       0.76050993463031180       0.74627773206834069     
  0.98640087910868413        1.0611369249339231        1.0653757077286887        1.1220884983050066        1.0938944267089590        1.3965936972178579        1.1498439483855167       0.90623908362173300       0.87538901222272170       0.86780441083609894       0.99391150033257403        1.1048829388445098       0.97072485510184203     
  0.78114494016478342       0.97446320903886419       0.46134829645891678       0.74878827852809082       0.79317532486957609       0.89508103434429265       0.82405147102994181       0.82397271812985062       0.93589301486982279       0.61250607649694910       0.85387934541856125       0.78093303741384790       0.76567919058573874     
  0.99165754205384227       0.98644351640508143        1.0694115073284662        1.0456886396179348       0.99863680794918663        1.3039998427104091       0.85421847270893925        1.1698328156663977       0.90449143000621801        1.2931636864737877        1.2649782618624072        1.1762172717861339        1.1376791785133133     
  0.79770077190785227       0.97684969351106354       0.48514551864546346       0.76556981569911375       0.80752533952256633       0.90527009720432849       0.83845274585308227       0.83886510030677230       0.93961676503466418       0.62306378244461202       0.86716121432667104       0.80093851700917429       0.78432176137459142     
   1.1348047371521288        1.0611327830887844       0.99696800959403065        1.0307847765344418       0.95090758166396205        1.0821942652969836       0.99781674065792614        1.1507787482281480        1.0354625839164520        1.0012052914624705        1.0659319257547599        1.1312248213764804        1.2328219995244789     
  0.81459448481495034       0.97905747174333957       0.51239476309351162       0.78338480259180276       0.82173256271997264       0.91455260007955563       0.85175252729795980       0.85360092169216473       0.94340089721566656       0.63305824034343983       0.88012998303932721       0.82028955022485217       0.80272149411087668     
   1.1062883028862900        1.0526363044553291       0.95470016241147093        1.0328163551349212       0.99298329779426941       0.92806967937815332       0.92807946645234884       0.82763231620176947        1.0758430131770358       0.95831792141557715        1.0545487965325024        1.0119789423397290       0.96242277363894502     
  0.83194318991113880       0.98107634872910121       0.54189678668357266       0.80121218234031411       0.83716428862312497       0.92258105712155614       0.86531095459762264       0.86679601320692523       0.94745709318017046       0.64254783236577973       0.89233658795807835       0.83885307525883179       0.82166494423088399     
  0.95875295866947330       0.95234042839205735       0.94446140776090615        1.2617005956025413        1.2143895787413403        1.0216895308189904       0.92561465843264201       0.95971418410187082        1.0146238406054726       0.96151200656360192        1.2778293557430316       0.90858262109142784        1.2563564314119140     
  0.84851434896783784       0.98307272335844198       0.57474510077079133       0.82038922413350668       0.85308153254868779       0.93117840147791442       0.87915204345438835       0.88099586305088418       0.95258420438424118       0.65394151716391224       0.90418219493542018       0.85611985190065321       0.84096786083103670     
   1.0273961149621782        1.0607594953953667        1.0186614265678557       0.94358217340567019       0.99138642054774129        1.0268444812300246        1.0158080613588716        1.0283599671598624        1.2724868338704864       0.89410364464959347        1.1606064746572173        1.0263843918993232        1.0597248022651762     
  0.86532816893909981       0.98513311603858866       0.60520955910879060       0.83806427996713972       0.86930112105276147       0.93962017754631022       0.89518399990448505       0.89640558736783427       0.95746922613113805       0.66661964189206391       0.91579660768163595       0.87303810370383406       0.85992530567735292     
  0.79604251673222515        1.0463349222447844       0.81809398833073954       0.88882285926784332        1.3122939848368802        1.1199504969503684       0.96815799122495738        1.0420506837470964        1.1186890175944559       0.91892357646000467        1.2543860322140274       0.90044232206066044        1.0880599832795181     
  0.88206119074746292       0.98730516088699694       0.63208130324126821       0.85682163969650293       0.88573666373920545       0.94740119281801038       0.91035009900235142       0.91053133549180321       0.96194155538619164       0.68119219849699053       0.92712606963843469       0.89032594011806931       0.87605678543379595     
   1.0741754683329714        1.2397365836269603       0.89165746566725246       0.90823585462813550        1.0576297991313608       0.79015987601603666       0.91126291586354768        1.0143582962105819        1.0119083224799814        1.0097893347841898       0.97944575302203662       0.93427766258504663       0.96796838289283005     
  0.89723663673625353       0.98949231486483191       0.66264557448540740       0.87535970847720090       0.90194289771466918       0.95493883852616390       0.92580592353539581       0.92494950605128823       0.96627688652045463       0.69594246037479590       0.93797873249520258       0.90838909534618251       0.89213753731737999     
  0.87325612633013749        1.2182086721590972       0.86355680676263147        1.0619219972847513        1.0417534180300774        1.0803921107414349        1.0518589623064765       0.90898046969739055        1.0381196407106175       0.94540679641131053        1.0895400972674063       0.98282113619098310        1.0145924833737339     
  0.91186680290629540       0.99159528184303181       0.70122203389455029       0.89804032499371067       0.91743062096552463       0.96247217782846461       0.93960042651883457       0.94002603504635807       0.97093094357348519       0.71529565383950611       0.94860465686817919       0.92503817312010783       0.91010392994624889     
  0.91758314726689594        1.4969062513032823       0.99455801208994554        1.1491345057715765       0.96790670046638871        1.1114253861430099        1.0120043738013387        1.0778765432978528        1.1334617164040917        1.0063348257404976        1.0299271498416736        1.1550297816008273       0.93071341098843774     
  0.92771156566506319       0.99357020592880962       0.74622931207395216       0.91872780040528368       0.93199422752773420       0.96995801988993480       0.95122808698216843       0.95172822304893678       0.97568618295702070       0.73242479640686442       0.95891948677156646       0.93971395746559050       0.92782921093814152     
   1.0580011140270207        1.1151470578090301       0.95651885820629545        1.0646137004229106       0.88726768131089384        1.1515019839469680        1.0117689978106441       0.89853537301085107        1.0894250354179353        1.0340302594417430        1.0917681242795334       0.94832916432839898       0.99836602262095586     
  0.94501950234918708       0.99537447429704873       0.79326141649423487       0.93805339598609661       0.94741165884546763       0.97755835703028615       0.96124369830607181       0.96244182648166565       0.98021742172116633       0.75551852810372111       0.96888863996027863       0.95351775523772420       0.94620520464019131     
  0.92812260571546645        1.1823352804730374       0.88625471923894583        1.2641426770951576        1.0817953815368477        1.0980542070212789       0.92047306093489034       0.86262694394659223       0.91449624806263208        1.1223506386826771       0.88186270118331656        1.0322167323310778        1.0169439381636733     
  0.96463420965864644       0.99690141850511560       0.85339639403004597       0.95771098133803134       0.96464799506671028       0.98466776922278998       0.97165836339437728       0.97532285960104048       0.98512246416973859       0.78218834076633181       0.97909453346775854       0.96797888822426181       0.96510858700915747     
  0.94270668061205887        1.2157147807077424       0.92306533550620995       0.90898046969739055       0.91803314783452006        1.1211700950385286       0.91218060881785756       0.89229537655903934       0.99433033446785735       0.91326541454105015        1.0859872848806136        1.0850843351737998        1.2897049886233285     
  0.98214699003858819       0.99845269824016580       0.92843162626047604       0.97739959274670141       0.98244785683383695       0.99226331459846251       0.98560499937497670       0.98821811268824722       0.99065175556004448       0.83916655509626259       0.98945544402621677       0.98451571383045200       0.98288576748204792     
   1.0040748763543166        1.2466117533403391       0.93014422337154568       0.94400123465110475       0.99228246468088610        1.0346298251269617       0.98316434539149300       0.91399328205401209        1.1021615665997488       0.92849914471764672        1.1495692898465910        1.0171980742101223        1.0619461294757035     
   1.0000000000000000        1.0000000000000000        1.0000000000000000        1.0000000000000000        1.0000000000000000        1.0000000000000000        1.0000000000000000        1.0000000000000000        1.0000000000000000        1.0000000000000000        1.0000000000000000        1.0000000000000000        1.0000000000000000     
  0.88187475865286069        1.0157678245217892       0.97352097703964990        1.1003193867705077        1.0975794209326746        1.1894154554116461       0.97048217040558160       0.95876176362116095       0.95211522508908897        1.1171272030051889       0.97956667208937609        1.0728733562702708        1.0863333024240880     
   9.3924694963728754        1.8170915803252192        11.319579871117334        1.3184705493175024        4.0921532228222102       -2.6095751971229513        6.5708241369549976        5.1176578022056614        7.6422794805182628       -5.6024616014450030        7.2501712517245842        9.2454802399919842        6.2909879696702982     
   8.4285274568054458        6.7221714403801824        3.3913803048544264        5.3226504679789670        3.2500108422907346        4.0208292711342999        2.3293724960759095       -1.0588137172810497        0.0000000000000000        1.9888355838222262        7.3059601970140031        4.0265296073306081        12.791094791713419     
   1.8773881972226019        11.907974992047416        2.1320460146074094        8.4484834811916993        8.7790805020385854        2.5155518737000970        2.4984904624472799        8.0134707796331206        9.7227662428306818        5.6840941337373678        8.8239290537562969        6.9810549872211229        3.8593844911253150     
   9.7049123617875583        10.470048442093091        2.4689994112941642        5.7621517582336219        9.1504633908494686        9.5484233046672262        6.8334381018068031        8.7960455598064708        2.0464374503844875        10.485543461717056        6.5358966258819313        5.6679657228830393        8.8454247878113268     
   7.1637767408803281        8.6835742528296844        4.6302303974139587        10.940036478394562        6.2643243317691759        5.6686233581515397        4.3036433164137389        6.8087026697812849        4.0476179648840107        5.6502516103571372        9.2641020102039331        8.4766432618730132        7.2462224967027504     
   6.0023188541059218        5.0308928089814593        8.2584736919112327        6.6669599927107193        6.0975283058129452        7.6667726385966697        5.8132499738630550        4.7436291647985236        3.2850073550923002        4.0754554144903619        3.3564793130643538        9.7397453662328015        3.7713226289749615     
  0.68272790964644692        6.1357469765183144        8.1224442359799482        9.3171754956821680        4.0877042550102116        7.0793252234106747        5.7728910489372662        4.0185652301487433        7.9822838630754696        6.9580268926724740        1.8421046038678177        1.3665711348962080       0.53268277318215695     
   2.7628792441016059        7.0603442172040598        24.295700693017135        2.4609048758206802        7.1462538212467255        11.395757934545662        10.825859332377822        9.7177473949829523        9.4896559469694175        3.5102390162322967        11.627907334162819        6.2197320266940741        5.0463633652976787     
   1.1436550899218094E-002
           1           1           1           1           1           1           1           1           1           1           1           1           1
   3.4302784155240608E-002   1.7451663169972854E-002  -5.3809822151597208E-005   3.6567732741346064        5.6437166655361280E-004   7.1972315739298020E-007
   5.7409167850526054E-004   4.8565632164193802E-004   7.0134674134154793E-005  0.90634462508183644        7.0092855818357756E-005   9.3814507263413292E-008
   5.0000000000000001E-003   5.2752711815413944     
