   0.0000000000000000        0.0000000000000000        0.0000000000000000        0.0000000000000000        0.0000000000000000        0.0000000000000000        0.0000000000000000        0.0000000000000000        0.0000000000000000        0.0000000000000000        0.0000000000000000        0.0000000000000000        0.0000000000000000     
   2.1603675617961663E-004   1.6468094085071931E-002   2.2675240622253220E-002   1.5231518770156308E-002   1.9074629791003724E-002   1.6780892683143978E-002   4.5777432964527395E-002   1.3287475776708250E-002  0.24606997900142186       0.15281315983885174        1.6685646183113710E-002   1.4819805193195713E-002   1.8157049160373900E-002
   1.1159535581189508        1.0175284794651605       0.92585311065541809        1.1598966668106154        1.2664827650505717        1.3337443153918409        1.2639700729566166        1.0835192755200815       0.84157094016057477       0.90164754766150035        1.9209203084150914       0.90587517462931832        1.1583385631889764     
   4.2529738247446420E-004   3.2808200139172607E-002   4.4927312147741427E-002   3.1710355517064914E-002   3.9752497699821684E-002   3.3034376775292376E-002   8.6593237909618870E-002   2.6870861177340929E-002  0.37089686143708395       0.21261597063859566        3.5426708405639433E-002   2.9048437196939801E-002   3.7439375858965313E-002
   1.5905293278811310        1.2603298961128300        1.2352100733612319       0.95000435243251768       0.99019323945569915        1.1231706876372642       0.98386015771030555        1.0042808598612492        1.0495609568757507        1.1316539679752105        1.3884945879140043        1.2158172913999568        1.1624052051918359     
   6.2610531436276310E-004   4.5288575176937490E-002   6.6620017154511213E-002   4.6861880836307566E-002   6.3389265653628291E-002   4.9635827770653757E-002  0.11813317702736656        3.9628628307763779E-002  0.44424940525405160       0.23610999968012211        5.8410233984816602E-002   4.3607535777609154E-002   5.3578033986816029E-002
   1.1952085266157864        1.1692525557901576        1.0522068518274574        1.0547578990750153        1.3200173614544359        1.0474218497215779        1.1627616859606595        1.1346549233566672        1.6236701150755064       0.99987762328000607       0.97668996372427419        1.2598180100853613        1.0393602831627378     
   8.2386194207205324E-004   5.8024289144275661E-002   8.6354982443801631E-002   6.2780399235678588E-002   8.7348557833487647E-002   6.5890821983041151E-002  0.14670683529873116        5.3126986070644595E-002  0.48844736073337514       0.25455788940173668        9.6155690629437657E-002   5.8329215668550760E-002   7.0418851580583336E-002
   1.2462635005576641        1.1347887919291912       0.96588955190648218        1.0908858099707888        1.2961078659768575        1.1913681258119733        1.2409858312612541        1.0140668858356923        1.5777511440816829        1.1716948661047091        1.1167662934238667        1.1434928049368889        1.0155540121543047     
   1.0709912877952092E-003   7.1083146058981597E-002  0.10678809061703212        8.0035315423800643E-002  0.11146021876553898        8.2870687382148769E-002  0.16993111889318097        6.7396077300414900E-002  0.51788777627662663       0.26802606076259766       0.13372310105900465        7.4939801149013066E-002   8.5439828807872972E-002
   1.4686409374101772        1.0332080002875650       0.95633881337880089        1.2361437562443007        1.1270393740633717        1.2574265932781730        1.0674736559356550        1.0184326890434496        1.2912657496662960        1.5054586601397340        1.4296513944229579        1.1788701269419719        1.1483263637074039     
   1.3408861044827990E-003   8.2481370616501196E-002  0.12786916415698846        9.6559017977221911E-002  0.13439402929501915       0.10034250146957505       0.19082535961290881        8.3266870600070125E-002  0.53605942671157369       0.27980383821755239       0.16726521577975254        9.1865601838923019E-002  0.10108446703035703     
   1.2445440532405223        1.2257181974680982        1.0853062031001561        1.3959287232262221        1.3366654453455511        1.2961130655749660        1.3795776875345729        1.2535884196255414        1.0690884619546834        1.0147116945075758        1.1404466878526172        1.3804287907898416        1.0517193780365839     
   1.6436005380512917E-003   9.3646980976683364E-002  0.15024945122106401       0.11334486349397904       0.14830760874027354       0.11801134925211015       0.21121979244543998        9.8519286686145041E-002  0.55160262755388767       0.28951217473588070       0.19349467869860409       0.10775742706726524       0.11660587461899490     
   1.2848294224151591        1.0416251556789473        1.0672993561260700        1.0385724326922019        1.0823567575128239        1.1435367130047234       0.85746201507551678        1.0616982295817388        1.1106933657624285        1.0954496419060396        1.1082105993513471        1.1720968804994856        1.1346619811484187     
   2.0046755573740311E-003  0.10846403156868552       0.17227530027213522       0.12931990650728553       0.16154440383480376       0.13629000617979040       0.23227397848802428       0.11344874839190808       0.56760142069388952       0.29816808174417070       0.21565587399358488       0.12330218420993388       0.13296240984454949     
   1.2002275563665783       0.98745969370368647        1.3718460237056986        1.1373609031207836        1.0121800042726588        1.3194301233266574        1.1307355599477911        1.2562581898760119        1.1176653284621088        1.0219322916408582        1.1140067927888011        1.1022591212412822        1.1601225649340410     
   2.4297823160261051E-003  0.12415923580286900       0.19214171621918508       0.14490069475571329       0.17506210821307480       0.15449329103405163       0.25484327826456576       0.12761947355398995       0.58237567107473842       0.30650311653386281       0.23411703064934464       0.13947196657177313       0.15299562828444419     
   1.5623901224840404        1.1110215129720353        1.0796959803156141        1.0534502437249296        1.0842009618263311        1.4851989505401437       0.95123530007133372        1.0309624544669196        1.1007484285331905        1.3242898402521464        1.1551762983012008        1.1327802217388410        1.1885592488992247     
   2.9016533037654149E-003  0.13905564220415567       0.21119613632009818       0.16030482619990510       0.18830629708989405       0.17222019837262045       0.27676365778164552       0.14164416056429019       0.59639939697925326       0.31484296539047613       0.24834984955678097       0.15537845440507253       0.17280941177022890     
   1.1212204813914433        1.1424651026345911        1.0997810944858200       0.99190239584603768       0.95257528788516999        1.0514462262902506        1.1491644820662901        1.2504314542861716        1.1189352437631042        1.2036490784262264       0.99967543846909990        1.3116176428360700        1.1321613081412603     
   3.4195799652302875E-003  0.15441805589709354       0.23071042733105526       0.17569746435689740       0.20384434831324630       0.18815594512627390       0.29705179422037270       0.15452461368481282       0.61053905193951130       0.32342796373112853       0.26175242802861898       0.17123736093860628       0.19185882302522800     
   1.2541260518545487        1.1249953164380020        1.1296265822176430        1.2559012016220301       0.98459164048830972        1.1523465797158734       0.90617494872692339        1.1925615455970640        1.0499856794231661        1.1530359983063836        1.1501969020257887        1.3426285511893923        1.1056093821902102     
   4.0290395514226921E-003  0.16992450636108866       0.25239657158329959       0.19140009668069688       0.22198328574471576       0.20029189669388059       0.31586893813286410       0.16875159201718909       0.62350994707652752       0.33080148374115653       0.27562808835277258       0.18884262241879018       0.20980780100007398     
   1.4152216605600199        1.1394204984279002        1.4084822822159664        1.0613967339770300        1.3777425758903108        1.1088602554567104        1.0922519723461375        1.0721888901898742        1.2213047701503852        1.0513569130650871        1.2238528987307780        1.2872639246703113        1.1590255722691027     
   4.7186516654634282E-003  0.18578080811400269       0.27406304911723756       0.20661901474655542       0.24108973433540395       0.21087390714923265       0.33401734636894548       0.18339982514364647       0.63403684163083485       0.33751841257449416       0.28897215403165821       0.20630116936246143       0.22720606010116634     
   1.1486698724329896        1.1125833695940108        1.2295111052577334       0.98017922191361295        1.1210113683006357        1.0710848890728915        1.0899762520690388        1.0385988679188776        1.2934532816606403        1.0072823489615901        1.3027682609511400        1.1137632810831986        1.2684811479115863     
   5.4413066652059484E-003  0.20190860067486707       0.28477324999106690       0.22156211176753099       0.26084535182370144       0.22220555995220798       0.35234051355936813       0.19951576645295677       0.64374545351579726       0.34425456496402268       0.30151646223414430       0.21924690356967289       0.24445976338991224     
   1.0840794102125948        1.1281136274133792       0.89501625214020664        1.2260721937214833        1.2218537422353746        1.2429092702103564        1.3374413715858100        1.0301175880750959        1.1934215812508919        1.0685275297254408        1.2056639101344204        1.2859706472224390        1.1965427183284225     
   6.2675169267854425E-003  0.21779989560967269       0.29660160866896296       0.23683729806607354       0.27971860911252122       0.23319948332314500       0.37152995085094026       0.21738934707097007       0.65280096953047140       0.35044508892372239       0.31352456178907800       0.23081948660847179       0.26110697987370202     
  0.98661976765038706        1.2128403388504616       0.90691857607720594        1.1362453483782211        1.1518864885038893        1.0309592961313689        1.3444859879554225        1.3611640549600872        1.1947058711876211       0.96842015138967286        1.1679946622373554        1.0369173396391960        1.0391276461183974     
   7.1226708170056240E-003  0.23390098483173680       0.30827178629026947       0.25218503470621545       0.29651306876688288       0.24588522470418481       0.39042369393416987       0.23303668355274354       0.66210950586083972       0.35705223302244582       0.32530708657363322       0.24224974759413195       0.27739317012532544     
   1.0482497056181657        1.2406440206804006       0.92546603029925489        1.1784204216733329        1.0952650586354193        1.0448655371889293        1.2450108765564714        1.0442873792937473        1.3751644769433309        1.1143156535131289        1.1838999365204226        1.0332476680935019        1.2562055026980330     
   8.0679859703977671E-003  0.25091608276712823       0.32369599208576438       0.26752712869196699       0.31145936942748292       0.26166528368691538       0.40985101253905271       0.24861820135996698       0.67059878930392125       0.36428572629879730       0.33692876270797562       0.25316786021952253       0.29414677575322029     
   1.0061634958999670        1.1363013178152410        1.1495082600138080        1.1733267632227706        1.0443801081413095        1.1106800094074103        1.0456622344371596        1.1572814214394815        1.1712167764149632        1.2599596382988449        1.4087494755834038        1.0391606509897693        1.0569603321485079     
   9.2237153465970605E-003  0.26830709175553846       0.34156116241727830       0.28287807135955523       0.32527652078778430       0.27700647552919594       0.42821636243729794       0.26512624719403954       0.67858028779186363       0.37156451324526601       0.34796581953158717       0.26476657812883037       0.31132343492964032     
   1.1763717212741898        1.1515343203236523        1.2471704618972390        1.2772434673171833        1.0810510129716722       0.97578226229719134        1.1624648278333629        1.1320340103205100        1.3978907816027584        1.0409368302972652       0.93104139775259154        1.0458986722309540        1.1594367090274336     
   1.0597297683696280E-002  0.28326400070001262       0.35773524000139445       0.29825209668575686       0.33882233385569643       0.29126552970870440       0.44218081585369057       0.28176232628188225       0.68657674872683283       0.37861143466935482       0.35884001472215865       0.28105271046428409       0.32846000033944511     
   1.0311229397589932        1.0696655140995508       0.99010593916721923       0.98092089890176715        1.2694018511596334        1.1913307952655730        1.2706250782656365        1.1785398879847835        1.0215995441726646        1.0100909595916383        1.0945102487968603        1.1041058902332390        1.2947369617804305     
   1.2175222756113982E-002  0.29599830013778600       0.37408374509862513       0.31437099849507599       0.35249180948619607       0.30592141683624308       0.45439235417066776       0.29715934807243660       0.69442046936873092       0.38524998480176215       0.37088751697701017       0.29826033802162888       0.34442959362014380     
  0.92999292842386605        1.0481165305233278       0.98594876740842474       0.93815990124330950       0.86027935603791172        1.0096477941358852        1.0529473559550862        1.1691676025943776       0.98393018336929672        1.0961923946419279        1.1269317409012247        1.0083274128923838        1.1225175949273447     
   1.4003638194695536E-002  0.30864582297968102       0.39098250711687782       0.33101199136162457       0.36623183111494306       0.32051828923203324       0.46639778234678597       0.30756468164750883       0.70266162927203302       0.39176775075455267       0.38387191849221208       0.31554501264576751       0.35991417044598195     
   1.0372539559523724       0.97198836110725806        1.2708274287325163        1.3682402433491976       0.95252118283155440        1.0011674628206602        1.2048021270206102       0.96890120506789779        1.1351663422854645        1.0635360926964808        1.0961356303451859        1.3792468829303997        1.0604021085401376     
   1.6052309271803674E-002  0.32135931473812507       0.41006828425137853       0.34730958284902630       0.37989835037818137       0.33452322591228961       0.47742969406038976       0.31942620499810265       0.71043632561253467       0.39852532343474656       0.39676675094470909       0.33267361707091092       0.37512839274543086     
   1.0785116038158373        1.1052955593557203        1.2263085384799632        1.0337050786222595       0.94728183309681602        1.1270211202848703        1.0449414271211506        1.0842951835570365        1.1727807533771468        1.1635235117004297        1.2446020440256380        1.0396363081315485        1.0918152543083453     
   1.8343683369040190E-002  0.33426610322642525       0.43023987597432506       0.36338859195769890       0.39317789557046323       0.34855782142661312       0.48969494376691491       0.33024996246542393       0.71763776247366928       0.40531267849598157       0.40966294910878082       0.34986305558994707       0.39035690628515907     
   1.1408668423029429        1.0368747599375516        1.2571245236311210        1.3306679841191966        1.2288249516032852        1.0034641277729033       0.90187119546390260        1.0161126212680633        1.0781002790262204        1.1980184205408193       0.96517902483015960        1.3781976597718517        1.2178969806319160     
   2.0862887811399271E-002  0.34782921619594170       0.45076437362654576       0.37951717401616564       0.40597991072932377       0.36232905436661744       0.50516464707527098       0.34075675660963939       0.72465723328746090       0.41249560598359764       0.42281478711877180       0.36759073398189829       0.40566875345965969     
   1.1989731055011381       0.98091296939032557        1.2645554385105391        1.2722723734042398        1.1284365883941097        1.1136035988690263        1.0106247181027885        1.0902911872759209       0.99080976558341471        1.1824579309898662        1.1655626574995568        1.5047920717740568       0.93151218043269979     
   2.3738728053598047E-002  0.36292472860666564       0.47098204749764094       0.39497748585682146       0.41824109350543193       0.37677078283817084       0.51953896335489436       0.35410288608044493       0.73138258138912338       0.41977301247047977       0.43622944271615249       0.38281341316880463       0.42011361664297603     
   1.1826306371434916        1.1493934571443671        1.2190060053870979        1.0775444336574262        1.0609404523708978        1.1900072815742799        1.0996969121671611        1.0470539385934869        1.1604688561575511        1.2921048056215090        1.2090610181288690        1.1557790193535622        1.2249037842924939     
   2.7014950015203300E-002  0.37894391539708711       0.49061854928554899       0.41121131009039796       0.43035093368019245       0.39262798578243913       0.53299584996066118       0.37144718307778996       0.73812571353674739       0.42658015699035090       0.44979971840789251       0.40084317117449714       0.43367112681996278     
   1.0554567212931989        1.2254395138413103        1.2463062749082052        1.1588041614658673        1.1106144273814800        1.4073831121698943        1.1131392395257926        1.0941962228594779        1.0153174399855349        1.0308479564480153        1.0749218882634510        1.2962389890708763        1.1398751367851339     
   3.0638863871019540E-002  0.39508999792282118       0.50970518246201268       0.42884546395815332       0.44109853929562876       0.40872531070862700       0.54715391550983827       0.38893586826436644       0.74489690409663323       0.43320898832479959       0.46325186849141192       0.41640067298044897       0.44771565302416166     
   1.1582324744507986       0.99481714497760365        1.1844289134723209        1.1185249282996763        1.0384453566009653        1.1676867312065324        1.1666635193963297        1.2914620565975539        1.1145218390451119        1.3396329127319717        1.0922100021213610       0.99050512881521713        1.1561089870866645     
   3.4492889520551663E-002  0.41141385923941426       0.52713072737675803       0.44674815249499850       0.45129756904311469       0.42459114238861539       0.56158781674787572       0.40504853400407348       0.75186703362330354       0.44013818656599907       0.47646288570325768       0.43083372939481063       0.46211352975496367     
   1.1617502324540869        1.1684067766750388        1.1365862547412151        1.1177967408689253        1.0473353139243311        1.0957829010204494        1.1396947099313781        1.0271285189008008        1.3795334595866928        1.0771754402326330        1.0192297009405500        1.1190356093147376        1.4644130342157216     
   3.8856390364666364E-002  0.42772548114735731       0.54318206625064913       0.46461910345692742       0.46211251787933638       0.44004940504558437       0.57626964074304809       0.42039915717455373       0.75884735012336935       0.44686629968059338       0.49053190369296790       0.44424083902393308       0.47640879730806152     
   1.0972176737572990        1.1456481797553559       0.97713749155424812        1.1032702497273770        1.0209674481122708        1.2454820311465429        1.0159418090032599        1.0143354395185393        1.0392091640798193        1.2931931871699778        1.1375320008089567        1.0101759520279561       0.91274250825577041     
   4.4162765355901960E-002  0.44463652740841386       0.55902884897593030       0.48195103920180704       0.47316225932542466       0.45458303339271444       0.59131734182545759       0.43470850941278671       0.76546018823316464       0.45327641860518220       0.50457254054326373       0.45812654284620452       0.49024891795003944     
   1.1643640427777979        1.3079622589949143        1.0620693303765227        1.2932837196023235        1.1354738946103846       0.96469251070912920        1.2901932801869447       0.92346359259123623        1.0046272176931392        1.2533121718179374        1.0085956366852502        1.0984226369981083        1.1016280611680427     
   5.0498438013152250E-002  0.46183387646072949       0.57349094725627048       0.49871068595252127       0.48518580470872219       0.46855936834209627       0.60632256413109520       0.45021178709977089       0.77146609114179576       0.45973493698849516       0.51897093361422297       0.47386321042416446       0.50419583071978913     
   1.1598463554872396        1.3190909297368651        1.0202705642504646        1.1175452278002769        1.1885823830388418        1.0385620440859311        1.0247345793400040        1.3056202926391847        1.0918263161002781        1.0697169978946168        1.1067859867986298        1.2054740515427220        1.0173720013368082     
   5.7620845999497836E-002  0.47807179054757637       0.58751154588535670       0.51651524821142791       0.49821762048390411       0.48275506418744557       0.62136012316532940       0.46675155119517325       0.77739737514839302       0.46656693646354869       0.53330145414997798       0.48935957248647938       0.51955107691140856     
   1.1439863366041958        1.1259704393672509        1.0900268197914369        1.0222475025820905       0.97247139668016014        1.0460238438095586        1.2190217547113305        1.1684373096561240       0.92607905927552936        1.3254349319378351        1.1190501342852890        1.3235128716688020        1.0741155259782584     
   6.5361418440631411E-002  0.49420932286193392       0.60201227643151367       0.53549695853865142       0.51140989225499989       0.49786458610275502       0.63667331858000331       0.48348945017040729       0.78330388419295160       0.47386993080929474       0.54717084886947698       0.50521848110975676       0.53546074375358810     
   1.3102924512533856        1.1052006491890285        1.0993016729090299        1.1751581405250080       0.98377729621838439        1.0743913874168771        1.0906744285271983        1.3232670776987048       0.94218818915805880        1.1390252744606493        1.0750162702529664       0.90341993636751639        1.1803995466347641     
   7.3577358537617751E-002  0.51031212233073053       0.61840874277009050       0.55319223802856488       0.52469111073076791       0.51312346887981219       0.65192048847140438       0.50013224294762015       0.78911493140325994       0.48132295397684810       0.56357253233507187       0.52087810219073072       0.55049583727284135     
  0.95506118122586925        1.0007919063611188        1.0416344735859449        1.1469951226814741        1.1913413514246727        1.1243796487385538        1.0540537238883629        1.1353178514664324        1.0054326256023638        1.1728811106620971        1.0672970544074349       0.98999471513453607        1.0667771451023171     
   8.2422120568627383E-002  0.52619346072076278       0.63608270172451009       0.57012659293808465       0.53806145888941681       0.52839170073581609       0.66666902445286813       0.51608366767336622       0.79471086565759153       0.48869216543551425       0.58052582138533049       0.53488618843378133       0.56473995052549941     
   1.1750853484635431        1.0287571328646021        1.1504130723128019        1.2974070806941205        1.0949855785073022        1.0079400008147599        1.1870188878392640        1.1717119062325039       0.96656139744661351       0.95053725796064048        1.2417891307757327        1.0124325303182835        1.1347398540880655     
   9.2357807887829602E-002  0.54270983207709056       0.65239072593453384       0.58710471970436040       0.55081730671479034       0.54321402027012400       0.68137429701366914       0.53113336429461744       0.80019158742136698       0.49593967588677845       0.59731543000537113       0.54974188929704904       0.57834055980217192     
   1.0260503125317002        1.1379509350930961        1.2459080915627789        1.1261004006180535        1.0217805869846186        1.1259936932858690        1.0026985462845996        1.2269729136827865        1.0354850631276258        1.2637602913436119        1.0735207531965829        1.0717686668823014        1.0768336203983933     
  0.10355578068784374       0.55972612698941404       0.66739585054413153       0.60379652542897522       0.56285055022107422       0.55781811325093800       0.69573614718402166       0.54700041764315843       0.80582047896832998       0.50318145571225059       0.61487594621907149       0.56416693481683799       0.59194416818264572     
  0.95845131530509298        1.1545392625858901        1.3131469769917494        1.0794342760504569        1.0543003071163732       0.89975505756559426        1.1500199440983578        1.0231731047963857        1.2844174882843333        1.2008490758971433        1.0991297381514138       0.99166176113581006        1.1569347406282877     
  0.11650333866827976       0.57670554484797543       0.68261767074158897       0.61904850601791239       0.57423729213361951       0.57294124137775793       0.71017624176900829       0.56329773142938844       0.81171635142497933       0.51055933279816834       0.63104842187132870       0.57788410596157425       0.60567520817207732     
   1.1768843548441190        1.3160491505778451        1.0668748006396946       0.99706915085538272        1.0555274954099378        1.0717529716154468        1.0658988882487264        1.1542819411124308        1.1414856457700164        1.1483404062459179        1.1119969383629407        1.2028625963951958        1.1504373817981748     
  0.12940768580647510       0.59375877546495415       0.69774499850486948       0.63341792122112628       0.58537936340149710       0.58867718530012769       0.72435382956621108       0.57961522154849698       0.81768420392060348       0.51769306604033716       0.64926853093674008       0.59078759987944640       0.61945400755544366     
   1.1004231218382146        1.1479615647538153        1.2119842261694440        1.0303309083172845        1.1209396509523089        1.2118071367761110        1.0725780935577116        1.0370324274227294        1.0532414329629214       0.93054955195960876        1.2209413593140870        1.0244115065088566        1.1248695472362342     
  0.14506396071356387       0.60996279959267152       0.71263551299096384       0.64800483341446646       0.59725341597454185       0.60572128917194890       0.73787551442574495       0.59643053919207889       0.82381706678460120       0.52442984475101884       0.66429413585614117       0.60479065736039395       0.63384841951827620     
   1.0652141128522918        1.1204727390158524        1.3002380897466010        1.1056884308388726        1.2492875893552109        1.1448395892161733        1.2401253708800624        1.0480887868015802        1.0518628991101768        1.2183311771747802        1.0776245865180016        1.2777233848212273        1.1075805158765399     
  0.16418085388309273       0.62560514827253422       0.72717135998887927       0.66345262037055575       0.60949047003326551       0.62215685692817335       0.75001762626968627       0.61299538682916233       0.82996013551335035       0.53085332576037081       0.67615682389026011       0.61935342645589286       0.64911637745267559     
  0.97216762638821452       0.94229052072305286        1.1080399755585266        1.0850947359004881        1.0224153221985699        1.0427978226827914        1.1185133715944253        1.1439633952820703        1.0334577636750748       0.93706175219608567        1.0257566075633533        1.1226562548752583        1.1426220208718507     
  0.18552614986754701       0.64158260174092741       0.74137253696428118       0.68020379382677043       0.62181985105642856       0.63731495167844021       0.76264174120383654       0.62973158800073981       0.83591468777247813       0.53759132544215327       0.68518782377122667       0.63345753546208639       0.66525463600216506     
   1.1947090734618286       0.98575752434661745        1.2582772725357190        1.0031222448108288       0.98075513376792522        1.1659215381860579       0.93943962631056155        1.1328889964693603        1.0586088008139471        1.2486510483648916       0.85783657374275113       0.93757160858628563        1.2087504887771499     
  0.21179090541242823       0.65739162618621161       0.75441565165408453       0.69719853524335296       0.63469676889970239       0.65018709229568328       0.77392962048532243       0.64621048487969635       0.84170336592470363       0.54470594629038471       0.69454943839513295       0.64717487781238803       0.68204356540371869     
   1.0612297409536002        1.0158759036217064        1.0262348340344642        1.2151095790460285        1.3156457337193008       0.92897282498036993       0.97928543170175897        1.0554855671862644        1.0441044300466553        1.0639593492370423        1.0271136384290493       0.93494606161810334        1.1335144242633466     
  0.24819949509393424       0.67316113715424120       0.76673865103075367       0.71365573415083416       0.64820612104858266       0.66268484132378258       0.78464090056452773       0.66297673405017243       0.84724368388323901       0.55228188916129395       0.70388355205672282       0.66228816204016239       0.69812146409800635     
   1.1312133110879896        1.0213815916743667        1.1421615397769591        1.1074470377285055        1.0249049722809307       0.94252290752218204        1.0442003866884257        1.2147050131062349        1.1666474186733611        1.1542397620517251       0.97702452803100670        1.3597149262656811        1.0776993965175130     
  0.30197998270613657       0.68805939714271358       0.77919201671408878       0.72840159425992612       0.66211485809083881       0.67553891150978329       0.79549164934236216       0.68100594598082342       0.85264848097663704       0.55956099036565554       0.71668070610405732       0.67611094008191863       0.71361393827317754     
  0.93145331960443589        1.0071833815426716       0.96091752190229718        1.2065405585049085        1.1074383909850265        1.0534855195190278        1.1760002226375477        1.1728993814389301        1.1042954784018113        1.0318734127866638        1.0252613687234171        1.1789930657030361        1.0766366552206099     
  0.37065588449562747       0.70180672707836333       0.79286020081970809       0.74391841078416654       0.67586675405339369       0.68901079485282990       0.80638618332162426       0.69674209013891097       0.85822436885914966       0.56526754963244596       0.73197765861748387       0.69027966754993764       0.72808578448931782     
   1.0128325273039342        1.1194919954166356        1.0570176552698445        1.2138442093040551        1.0001965834076021        1.0157065044071871        1.0267466535547642        1.0827057293299018        1.0598909631817175        1.0763777812542490       0.97382364032464674        1.3476827023599707        1.0148353358796298     
  0.43899835182703162       0.71665213227620517       0.80653114166962236       0.75797578976130553       0.68997746607581567       0.70570613242754932       0.81729824682510110       0.71238876869215972       0.86418430776864907       0.57089787433202532       0.74718942826242729       0.70502959615727734       0.73971436300310989     
   1.1848882314101858        1.1153457001931235        1.2671624736095712        1.2084195681285892        1.0127795485696838        1.1440795278882347        1.1527587887822652        1.0959966050862320        1.2955558763041144       0.97499477454243477       0.99951298120222531        1.1289761559363141        1.1284741786718921     
  0.50455093553226649       0.73373311671975616       0.82025035886388875       0.77297806437505401       0.70475287830401001       0.72143147620860049       0.82814198005730344       0.72727167158072792       0.87009840345335521       0.57660855923021881       0.76254713359321735       0.72134463546054206       0.75098040427480794     
  0.96640150665437508        1.1437501444564855       0.98128693975973491        1.0337824404979679        1.2802495122127522        1.1270063848135385        1.0670259438351837        1.1576869131980154        1.0687137827597744       0.96870793127455934        1.1927465266958910        1.1586699688550532       0.90865799335151365     
  0.56740944171124497       0.75078797230360417       0.83260241880726393       0.78952031745314089       0.72012731368103000       0.73640706936973277       0.83887552830858036       0.74343977671868022       0.87618295454032968       0.58203704751882701       0.77952553907065925       0.73942328028460991       0.76214049650061899     
  0.99058045757520308        1.2241951488644967        1.0917793918836922        1.0089669317662171        1.1780213079983635        1.1521704008288505        1.0045360201389182        1.0560121659226618        1.0707683952208851       0.91852219577968874        1.1524976265601867        1.0449541553447117       0.89283859110566344     
  0.62158097050147409       0.76875551179150359       0.84490202182718677       0.80597527392544654       0.73606208074261992       0.75226892172717497       0.84980126720520166       0.76045728957742065       0.88215659531153801       0.58775679453033935       0.79557365113415324       0.75847969901131851       0.77356370779999761     
   1.0071922454208904        1.0921131836173574       0.95986056621800786        1.1442316462703945        1.1388284182573198        1.1202586649950963        1.0587191045879865        1.1300152242553774        1.0592387391797695       0.93622779802225420       0.89045458911347020        1.0592145458025199        1.0562695243148499     
  0.66827040476948629       0.78533966782474884       0.85576797869482679       0.82293802509083014       0.75193694454459115       0.76798608247811739       0.86073532338888181       0.77731580170208381       0.88822647478172845       0.59471065145636848       0.81183307149672213       0.77803817096273975       0.79119529171959480     
   1.0709173709123634        1.0780551803149483        1.1506906370362968        1.2616092240433068        1.3194471104419436        1.4612564411022209        1.2782401127839025        1.0607671787947697        1.1022097071686947        1.1647196618683544        1.0286384444732470        1.2880190852018945        1.2288158951953496     
  0.70675811250610443       0.80060642737439203       0.86614989976867685       0.83970083248372018       0.76764273846552566       0.78459841458129609       0.87112165062450420       0.79330637899488743       0.89421023668084099       0.60292504977272143       0.82766961506088754       0.79785523466556207       0.80772703552277547     
   1.0126646948851741        1.0971695971007649        1.0318919540653366        1.2213309949805771        1.1537485913296253        1.1205147620930438        1.1228380339549746        1.1722425556085105        1.0042526223032602        1.0439920556083511        1.1217794465868620        1.0787258112066502        1.1471536809456397     
  0.74340184171313528       0.81573738648956440       0.87674222310687333       0.85645956845295479       0.78365397023444860       0.80205692615827218       0.88130323621750239       0.80882535452079030       0.90038227819136818       0.61163425741570587       0.84330089346572334       0.81726398843876213       0.82464274072282440     
   1.0265458106936951        1.1819206792543839        1.0440864593851222        1.1042815241703461        1.0746291504549863        1.0916567380788305       0.95479047094139025        1.0173723483313120        1.2023173613034852        1.1039343206927568        1.0910298559147162        1.0016859881262681       0.96668350522939583     
  0.77828045185243810       0.83200715870852471       0.88765957847524601       0.87169190876588898       0.80057039699796295       0.81990549786398148       0.89163993261345875       0.82480855116545215       0.90627276025822745       0.62058409014250615       0.85861589900141477       0.83602445207900100       0.84108053345613265     
   1.1276901635759540        1.2076761778441947        1.0265574496399910        1.1437945032470191        1.0951652106836713        1.0334613690152110        1.2526573446897444        1.2007938444345845        1.1085949535950985        1.0932390103889618        1.0352457123544856        1.1322799267942285        1.0797721778972671     
  0.81258347854375823       0.84913311245610057       0.89886895855006677       0.88654501731036783       0.81858133847042081       0.83692827468476039       0.90228257274587853       0.84134435842065325       0.91230014544976767       0.62985258360610608       0.87425196689821427       0.85571005438611558       0.85842922671944066     
   1.1216040913984859        1.2436006005976596        1.1072332065034813        1.0348049392621479        1.1390725151271095        1.0666626970506363        1.2374511453840216        1.1374974890407348        1.2133883335232645        1.1011046088870946        1.0891643887318447        1.0364560847920128        1.3540695588873859     
  0.84327099626089219       0.86672695490361207       0.91032045344730528       0.90118361913617850       0.83625752422381050       0.85517543869572743       0.91293939540476832       0.85812569306691511       0.91863992897800717       0.63929791680641224       0.88916782482469559       0.87541572661407030       0.87577359182857561     
   1.1552210196431221        1.0537157094333167        1.0973399529155945        1.2564364591359103        1.4502073038081815        1.1200925937027666       0.93638441066094746        1.1688752898381021        1.0381114662641333        1.1728692983027111        1.1148761077313480        1.0483909676199279        1.1355970328248559     
  0.86889995894169070       0.88326843516829168       0.92204510216183289       0.91598695952429610       0.85417922751677522       0.87341339746432434       0.92332360831910076       0.87495570796888755       0.92525916670399933       0.64993697224629321       0.90298445954668038       0.89255147325799478       0.89296869612766838     
  0.97536108749468842        1.1070679640530241        1.0955201820832594        1.0270926903048356        1.0990580191474313        1.2335101451613273        1.3229657582976539        1.0460299424627095        1.0892900965015579        1.0668773837953927        1.2226044939357008        1.1061891212131592        1.3890734833774447     
  0.89075490622295583       0.90162772890273335       0.93411161448629965       0.93085392344148998       0.87167511997147218       0.89217428531009901       0.93342329253949530       0.89216708598318950       0.93260877505403750       0.66317130574083072       0.91683615726433310       0.90746181819795979       0.90919510299620065     
   1.2279955663936453        1.1899200432903323        1.2482843054180204        1.0421798997057481        1.0392023305414926        1.2481781558579390        1.1769895867152862        1.1132665168908877        1.0781875633458040        1.2047100214441204        1.0512878505751870        1.0203776547509273        1.0829456104086559     
  0.91111994121976092       0.91997367450997292       0.94622815028618235       0.94604938384160997       0.89006531323285243       0.91189149795340474       0.94358276175093292       0.90992406778132262       0.94066251863340433       0.67709468125063443       0.93092928146748188       0.92271036965366759       0.92504140493462417     
  0.90332857190611349        1.2000413906448817        1.2013622678052975        1.2106546756578958        1.3745292655030059        1.0828883130650759        1.1466917032536119        1.2527280277731676        1.1082469806608202        1.1224822082694421        1.2342853720340468        1.0375179819620068        1.0261582743870845     
  0.93068537942213359       0.93836507629434462       0.95782631323774348       0.95534329786785999       0.90996784621417959       0.93025200175953260       0.95372519599459915       0.92787542686013313       0.94933566377684664       0.69579335695085209       0.94517323795690711       0.93824096279254954       0.94098123178324822     
   1.1122316747011327        1.2102884535624836        1.1508955915519687       0.97128380764077082        1.1287898994014343        1.1700825376210666        1.2432031826818446        1.1932845025932781        1.1332786639358643        1.3818190154573178        1.0483245897768136        1.0439281114337289        1.3274671687475259     
  0.94744993346732309       0.95729869576658932       0.96876211295938774       0.96410228385128882       0.93184283184071459       0.94691344346698547       0.96363323228025344       0.94655038139633541       0.95858187685289376       0.71448832985417310       0.95951097732406432       0.95416949597713208       0.95653135342467488     
   1.0408047476636240        1.5944493286627666        1.1914342970847234       0.93924175260280407        1.2668707614446895        1.0364881612148631        1.1533787087181659        1.2354667559427173        1.1173796260682223        1.0651897426720340        1.1272181704619380       0.97592044934398814       0.91795770624760309     
  0.96405931454095939       0.97279954781714384       0.97941238647602114       0.97233760687321702       0.95420254076947364       0.96474933430222387       0.97344783430289639       0.96476621817262365       0.96736803443159047       0.74185277424103446       0.97320697173143722       0.97004072677201558       0.97075132595270364     
   1.1856949295598731       0.99841816909928027        1.2045308111831363       0.91182546541202325        1.1788098657290329        1.0954557026505629        1.2285946126021805        1.1833193646221802        1.1373850811595350        1.5405583149915081        1.1307400116808315       0.86859075009428433       0.98724767663103785     
  0.98162219980065635       0.98644430052125387       0.99002139103699149       0.98399640790724174       0.97747837688803141       0.98123002275347981       0.98483244772656298       0.98256729583314673       0.98074046992589403       0.81112437869143672       0.98625326176289685       0.98541683307481009       0.98436138254519834     
   1.0372707727319164        1.0063584061814528        1.3247526147452902        1.1235888971638770        1.1212249305319395        1.1228363222109832        1.1461715286984129       0.95458373076126835        1.1367089405355260        1.3775048796501022        1.1910895913958652        1.0302183519020798       0.94430568684149963     
   1.0000000000000000        1.0000000000000000        1.0000000000000000        1.0000000000000000        1.0000000000000000        1.0000000000000000        1.0000000000000000        1.0000000000000000        1.0000000000000000        1.0000000000000000        1.0000000000000000        1.0000000000000000        1.0000000000000000     
   1.0878578032358677       0.95302220391811554        1.0973123291667097        1.0819931823500950        1.1357655031992315        1.0446986833976815        1.3200355457528163        1.1377242732173536        1.1611941865199082       0.84157094016057477        1.0777829906764833        1.0170088063582667        1.4246288550861046     
  -11.896245712316675       -2.2474166739866943       -13.156482464273930        2.8940724404104126       0.79764727074517705        1.1269834759175015       -14.551239816975112       -6.9521949864228478        4.2286740405752123        75.383570247628271       -4.7690610770017043       0.18507888961265498        3.8693943472811343     
  0.28067956251714238        2.9015659165263434      -0.70374168425120875       -5.5230536965641708       -3.4809207852569930       -8.6275643775043971       -5.5477738931773652        3.8155951483562132        9.8334605476161272       -4.2888805919934621       -2.7261400405256131       -4.4172860851119395       -5.3567649521934548     
  0.92361163413435388       -4.9202261902416105       -4.2141727086220166      -0.53326253215218333       0.69361165614799170       -1.9391568887709026E-002 -0.81357507535619977       -1.7138545569454626        12.960809690312161       -4.3053779284146607       -1.5751448082665773       -5.5314948697379860       -3.0847527578058034     
   3.2845805846933054       -4.1184857208657091        2.6076102387644489       -10.966519042410447       -5.0399841087588042       0.47194717612310677       -5.7043925883586946       -9.1915276452751176        6.7824827842345323       -1.7085426717407790      -0.20699562639403848       -3.7613440219167220       0.16328722112188984     
   5.8786151029701834       0.19297415411367133        2.7564978538853095        5.2167120221803600       0.96681872665849444       0.66445117981669122      -0.84967774167429089       -3.0224458618978045       -1.4113433966662976      -0.92382025105992405       -2.3539501011785027       -6.6928839715567294        1.7643079567657858     
   8.7587545381787297       -5.3173458180901090      -0.16816123472933425       0.96875420498006937       -5.0298626636564716       -6.4734400505458165        1.2186910207290313      -0.79152607478145842       -2.9243190663690171       -5.3200821515569237        2.7729178226256881       -7.7646122661255124      -0.12436827925832182     
   11.009698648484177      -0.93717905367010035       -3.4804120952462383        3.3597920983799492       -3.0120387332833705       -4.2769668018555693       -2.9133558633703314        2.8726281379114900       -3.0236366545126772       0.69857124256971592        2.7507732411260140        6.8584448572122785       -4.2647770400144633     
   15.119519642210793       -5.5431434451022543        1.1349515963076593       -4.6895524179643093       -11.433420932457746        1.8450156725141793        3.1696282436960335       0.11352830573583175       -3.4798304256703081        3.1469485545528166       -7.3866145805793781       -3.8937504345378007       -3.7126128540524279     
   4.5950454322251567E-002
           1           1           1           1           1           1           1           1           1           1           1           1           1
  0.11027968516788329        2.8054448321574773E-002  -4.1540550104243197E-004  -5.9526781285792163        2.2924724441118322E-003   1.7206893998110009E-006
   2.3763849565651097E-003   2.0409160044228105E-003   3.3362051639828369E-004   1.1718624434098621        3.3354705834540415E-004   2.6546532484556868E-007
   5.0000000000000001E-003  -1.9359449535336222     
