   0.0000000000000000        0.0000000000000000        0.0000000000000000        0.0000000000000000        0.0000000000000000        0.0000000000000000        0.0000000000000000        0.0000000000000000        0.0000000000000000        0.0000000000000000        0.0000000000000000        0.0000000000000000        0.0000000000000000     
  0.24476193680406091        1.2990118302654279E-003   3.7361686387935226E-003   1.8942237958991415E-002   1.3706262051816489E-002   1.6768945772605647E-002   5.2359392300173535E-003   1.5525632599376631E-002  0.47188402711070054       0.10395792639068835        7.3175669652854006E-002   1.5714666205448105E-002   1.4827618536434845E-002
  0.74301416379512530       0.96287044806074695        1.0025532517103901        1.0391867542018132        1.0184374378926191        1.1372309323360215        1.0585964988173526        1.0360138641124328       0.97967025346036607       0.84387467216323597       0.81310518509833085       0.98072120061636658        1.1304679926284469     
  0.28265319708602671        2.7236531514673486E-003   7.3634130572754163E-003   3.7336660573745392E-002   2.8392546850879663E-002   3.1407220115941506E-002   1.0594612783940442E-002   3.1145102001426509E-002  0.56487177324689153       0.14509003235470175       0.12297435585627318        2.6162891434769173E-002   2.9707579575278729E-002
   1.2133913873238513       0.97743550411442504        1.1812103643186349       0.91964816088345924       0.98825532891095014        1.1148761340943587        1.1827656169180829        1.0272253466046504       0.98049096851418949        1.0858391005258745       0.81631796078989871        1.1718833032752232        1.3113261609322702     
  0.29988262036843338        4.3549873067691312E-003   1.0754120255209528E-002   5.5039183317456351E-002   4.4962204096367746E-002   4.6342204528829103E-002   1.5757079824335544E-002   4.5161490582450337E-002  0.61972644562493373       0.16752385655997121       0.15778345593295048        3.5885447925939028E-002   4.4247868920451766E-002
  0.99037474155750416        1.0763785563964048       0.97001066516860246       0.87530002899417791        1.0126798189837443       0.97445643239156321       0.96592681923757462       0.90743644913597254        1.0091866500838380        1.0394404989811123       0.89025341177254613        1.0370804028709604        1.2273182672391389     
  0.31930377434748553        6.2671106768208357E-003   1.3920195210170787E-002   7.3028509733554320E-002   6.0958088299985738E-002   6.2098712769641420E-002   2.0731965651015757E-002   5.8273093970210910E-002  0.65741675905046770       0.18511904257040299       0.18949494076022572        4.4997659923832867E-002   5.8481363351013102E-002
   1.1108412702680537        1.0237262090410673       0.95553924761771980        1.0749112202027211        1.0625550011293232        1.0094563295644634        1.0331502647596873       0.89458988282599805        1.1897987483043466        1.0556890925548310       0.99271104062567361       0.95772000055281270       0.97412788809724404     
  0.33992735331641938        8.5364535412141979E-003   1.7156509324192663E-002   9.0835813726767148E-002   7.7102989499365504E-002   7.7195810722241257E-002   2.5932832597096767E-002   7.1789305053001268E-002  0.68401763796710835       0.19783638001439527       0.21503813722122023        5.4161616391482544E-002   7.3856971398670007E-002
   1.1247110609045525        1.1958478345136094       0.98154962273605639        1.0004828822970300        1.1188606885291099       0.90758501395371050       0.87026334100402558        1.0721809235299484        1.0324870897044189       0.99047690883937789       0.99675473180185059        1.0996284054956407        1.2757288555475783     
  0.35928266427109973        1.1205365262990699E-002   2.0509217731433691E-002  0.10803125438338736        9.1918710614582400E-002   9.2258999551830270E-002   3.1086140563261117E-002   8.5577256898818524E-002  0.70639206497930906       0.20800302299177229       0.23523381562251727        6.4841097256526800E-002   8.9533553910102162E-002
   1.0487250685314624       0.90926506825708231        1.0793203522534041       0.83939636357815239       0.95505627338925558        1.1650077510287047        1.1165440045269888       0.95872296151184422       0.88087592770454948       0.87663608327023423        1.0846938119790546       0.98268794507844248        1.2700683589933981     
  0.37634273080273450        1.4062733363470747E-002   2.4010699548245421E-002  0.12580550333167054       0.10627549339455826       0.10717931418691964        3.6174660234810661E-002   9.8481411256264167E-002  0.72721066900439602       0.21720510271068633       0.25202976965716434        7.4351309506082749E-002  0.10582713641807796     
  0.87136212620352593        1.1389670242006553        1.0393144168573527       0.91556764495653442        1.0421399128936391        1.0268065241304516        1.0559767837268839       0.87836186626833102        1.0984769105317675        1.0276600216481124        1.0829375015672540        1.0141357351240208        1.1873920007000387     
  0.39236326482407119        1.7360173865944978E-002   2.7740657156267806E-002  0.14358223067881043       0.12150482822803604       0.12221323196079868        4.1126579604998541E-002  0.11068311045540991       0.74705774313449858       0.22666275538484978       0.26731425342325232        8.3094655769177794E-002  0.11958081640482300     
   1.0487758036424795        1.0494126517954356        1.0123970140991971        1.0049576352404885        1.3214962598237363       0.94028459868855896       0.97900226355773778       0.96871533871962279       0.98336564759533140       0.95957788565824675        1.0254605699921595        1.3991705256887905       0.92091553890141886     
  0.40731361828947266        2.0835962055838243E-002   3.1345102277433104E-002  0.16168844795971665       0.13764359192867334       0.13712636336947479        4.6399548372323310E-002  0.12178542001525602       0.76385065938163466       0.23605667287377027       0.28245970757492250        9.2091843227272902E-002  0.13410629696259391     
  0.89940186740888328        1.1246488685185023       0.98265814705806442       0.88778607512447605        1.0459789056172459       0.92152531814423921       0.91330995810873994       0.99287710721303435        1.0305036255423030       0.93609706151347560       0.93745902465562103        1.2020418108897271       0.88179772076273621     
  0.42252713161811600        2.4495061532240445E-002   3.5259199309476748E-002  0.18070511660760202       0.15301505689222378       0.15158503048074273        5.2692395467707813E-002  0.13231001924828958       0.77751468831087533       0.24570277213980438       0.29749304647296315       0.10142328215541989       0.14730695434379623     
  0.89674943161683862        1.1789918240661001        1.0707241536438570        1.0395591987167181       0.89031051845331655        1.1056077446536428        1.2086375168702141       0.86442018171744972        1.1310728120556510       0.93115297646660289        1.0031705333090324       0.98310530552191899       0.93199202530638747     
  0.43859023468176389        2.8283847200330677E-002   3.9445046598416543E-002  0.19988847630417317       0.16792929573088713       0.16609312469765175        5.9505411130241867E-002  0.14365588833181675       0.78990548553118090       0.25458753710925724       0.31217898100248986       0.11252988609838094       0.16223125214108733     
   1.0669594594949843        1.1261553237797277        1.0114501988689297       0.97649388805740278        1.0512111511256441       0.82522342509882551       0.95908113208451151        1.1172867384409086       0.88770425271639031       0.84442989150703318        1.1706439602997276       0.91299811612063175        1.0495017009286420     
  0.45497902172908694        3.2345734749989030E-002   4.4174462734063849E-002  0.21899209314397150       0.18305461749680699       0.18087418334519767        6.5508206673630609E-002  0.15597100784194487       0.80131270071534777       0.26328289671534977       0.32657162505812393       0.12433193788538924       0.17805748102047572     
   1.2423941230501057       0.95817453127765539        1.1196726326496231        1.0241980860596973        1.0158165624948481        1.0229336161893967        1.0649177212997145       0.94556166269042063        1.0041704730545611        1.0457323683863147       0.92539152363859467        1.1187989753664342       0.98488432509190083     
  0.47143990103458983        3.6703746166590147E-002   4.9117770449167854E-002  0.23883694891061094       0.19816060248530923       0.19675257489835501        7.1561060149296363E-002  0.16849872983136432       0.81142199140476301       0.27171978620291465       0.34072709253961569       0.13505733316390350       0.19427043054685866     
  0.89313803148993798        1.0883125080909388       0.99494931627021133       0.85489740576963269       0.95435683456500964       0.94411860016426008        1.1472502967799045       0.93865374234967525        1.0504677576982377       0.92961974864911445        1.1127878488963197        1.0527173463317019        1.0575688017573861     
  0.48737107862333778        4.1379607164310418E-002   5.3970467710541294E-002  0.25865657254677821       0.21331647876231258       0.21168681152968075        7.8022567792574257E-002  0.18129312459493854       0.82120450720133908       0.28013666851754748       0.35409676731321721       0.14567252409021419       0.20956087247729147     
   1.2245743425125013        1.0571877959479188       0.98405638584865940       0.96672786986838810       0.91872707103892726       0.86537600561547989        1.0339907379098738       0.94743234129692377        1.0395117254570714       0.86514538087430271        1.0409343134692961       0.93164673245708451       0.89252915396603916     
  0.50312134989836743        4.6509331557962157E-002   5.8772236100480990E-002  0.27797464990404153       0.22740789286657107       0.22626521996427254        8.4850454799026295E-002  0.19382644428512311       0.83044527437390958       0.28832414016159741       0.36628992276196271       0.15665942022101204       0.22511926409600971     
  0.98645805428511879        1.0360156355877661       0.98948753953844448       0.93535498961482610       0.86713687354972391        1.0419240741126075        1.0570845502783701       0.95324473922844633        1.1169162343378625       0.99643036652762162       0.98775759838227106        1.1531502997650571       0.88022289508240070     
  0.51904469453465496        5.2130114890456242E-002   6.3707341633243347E-002  0.29589604519848589       0.24112270036633304       0.24001434341856626        9.2145733333158564E-002  0.20647717357372333       0.83884877117657308       0.29626724304987223       0.37808305568402667       0.16866409493787582       0.24196530805696753     
   1.1576655636306119        1.0649223558634153        1.1799932120062644        1.0654214954702110       0.94807322360941926       0.90356513646661640        1.0394150335905319        1.0043768073236121        1.1031395750738671        1.0895313124694974       0.85272911083479730       0.98494239914962578       0.79249560101505090     
  0.53430482427459869        5.7967168782279324E-002   6.8849274907763713E-002  0.31451227452862091       0.25484125284892478       0.25372364966751104        9.9392146186110295E-002  0.21877999121028271       0.84669489919221030       0.30405477392368147       0.39090591925322643       0.18084676784660864       0.26006745772394474     
   1.0670833535744120        1.1191173857155829       0.95104154204878633       0.91796398902194032        1.0257635427774641        1.0972667923674708        1.1116303608488438       0.87398306589906893       0.94001256850479686       0.96027601519012862       0.87748570056628628       0.93081125703174505        1.0739506004805544     
  0.54985008346030217        6.3839019346218828E-002   7.4147799103177703E-002  0.33404426984024871       0.26864425114195167       0.26698739843396824       0.10724312617127635       0.23093642159687036       0.85381041258088719       0.31177145447661736       0.40438082101106704       0.19308181628775550       0.27680892181019212     
   1.0039816281563001        1.1892941838464715        1.0011247260278533        1.0435449548740323       0.85506652869593402        1.0064536878054819       0.99145758261568273       0.96852241786157056       0.79875857012390838        1.0121917840501169       0.99887463186742431        1.1757191940856162       0.95385003845576921     
  0.56387171057247354        6.9923453419483389E-002   7.9509581015148878E-002  0.35463409657953870       0.28262318567308858       0.28022050852753799       0.11590540881463007       0.24390963460457601       0.86046866181030335       0.31954839648350014       0.41777361670399887       0.20527473682902020       0.29258470074159632     
  0.92185333137414505        1.0206407559367938        1.0434315885912355        1.2277992233223916       0.96238261190805574       0.94971331587233609        1.0806395621933116        1.0325028357415182        1.0096935627997758        1.0975299059730981        1.0320184848117846       0.98024403656025549        1.3096747434421412     
  0.57827535951062869        7.6392723232943313E-002   8.4763744368859334E-002  0.37386391426440624       0.29713597327084940       0.29491752338607613       0.12455197995248053       0.25761107004884626       0.86641193296857599       0.32710308013505834       0.43145673656116118       0.21831649701781816       0.30978391909040492     
   1.0044496791177675       0.83252054079031057       0.90617431315111419        1.0035449820251592        1.3304132474297770        1.0626330908933843       0.93529380858697087        1.2375208410693348       0.93607162397398502        1.1003237263503365        1.0469599874025879       0.83118596362243191        1.0244529257571044     
  0.59166466771077775        8.3147845549807878E-002   9.0418356384171200E-002  0.39133918323715050       0.31216411122050064       0.31120906659352987       0.13415440229477510       0.27164139877450155       0.87225917483612270       0.33428207059877196       0.44532292790648453       0.23237709058745459       0.32419524704223512     
  0.87049273862277832        1.0612195055056171       0.98095477418494081       0.88847721778762256       0.91315538097817961        1.0432814723579211        1.0020812091125602        1.0284410669158461       0.98845606295093957        1.0654923070121838       0.88072040835514664        1.0547303188803749       0.83999120413941297     
  0.60525434044416082        9.0105945446569205E-002   9.6189968492191372E-002  0.40773645359109290       0.32842947663711397       0.32839589858035090       0.14257077740816401       0.28556027812567369       0.87762468135824867       0.34162225646694944       0.45973732769481906       0.24649233465983605       0.33555875771323690     
  0.90818741037642214        1.0169124651999626       0.93599652671313027        1.1566225395923910        1.0791707539127127        1.2517657103055828       0.93624174830637286       0.99311161701516637        1.2148004555337599        1.1466365888881354        1.1687037045013637       0.98098912822529538       0.87277970185184994     
  0.61853235775966198        9.7413448415608950E-002  0.10232870821441464       0.42277494503192536       0.34552920018752653       0.34499189599830987       0.15099870820776787       0.29999916217276290       0.88231210064302512       0.34881815024809609       0.47347139511437036       0.25989374442233126       0.34688704840377788     
  0.90418118560703786        1.1298397818623551        1.0845166201965688       0.91964816088345924       0.98899220317164915       0.97911809861654775       0.96158793518505858       0.96444302196103693        1.0071399299379258       0.92999454933255821        1.0620719600738904       0.92166046028924442        1.0277678125220262     
  0.63172423128929589       0.10504401073763994       0.10922124731279792       0.43666952702812956       0.36268781741828920       0.36194589116138887       0.15988842242406109       0.31538533890127646       0.88712655711758470       0.35618790146685098       0.48664237688932255       0.27219211724393300       0.35996359787558191     
  0.82211584176350960        1.0005449849231092        1.0337919803915741       0.95790380155412103       0.95475513321256467       0.99276996235436610       0.91278296056218322        1.0837847410091066       0.86945755856940765       0.97266551487442066        1.0008522245601266       0.97469437005549453       0.91864204517270942     
  0.64495378079893173       0.11309715732930811       0.11571228220344058       0.44984049730059528       0.37976066154237703       0.37854537167011171       0.16878539557945998       0.33119135401682215       0.89211466671561668       0.36400157546609990       0.49931157232795853       0.28552485297771990       0.37612029781846384     
  0.97480406057622015       0.97678496122438629       0.98857322219668786        1.0615323657338327        1.1379405039309980       0.91964816088345924        1.1305158917414719       0.93704029062824556       0.99679084619769909       0.95630318141767012       0.92764124838275308       0.85683533249399835       0.83162940165919652     
  0.65947670963371419       0.12167491840611400       0.12277715394782159       0.46380108200842401       0.39609339413397848       0.39496591982513840       0.17861801083387621       0.34710994360196695       0.89695447931805983       0.37148825431538979       0.51145582493748087       0.30042530738981110       0.39204377790920319     
   1.0045889339074727       0.99021421107014196       0.98083759213349486       0.98480766523152019       0.99700159230252894       0.83503843569355973       0.98283142929271572       0.97398642942424873        1.0917205848954745       0.99341234494693198        1.0203783627940592       0.98496492183018325       0.86637978021085804     
  0.67441942591162951       0.13029058441028710       0.12994356990171402       0.47933473701583085       0.41162369739373683       0.41142557432149357       0.18875839362121996       0.36525476490958586       0.90170081111316780       0.37857800810463943       0.52497061336247020       0.31581276081558141       0.40768641282989021     
   1.0093098084067431       0.90883969382638508       0.97513757387660305       0.91395489047043865       0.94452796300557829        1.0223176837040271       0.99062720248355229        1.0174401293627411        1.0513053330026014       0.95677674657932066       0.94306681240811285       0.97823470056308981       0.95528547575377754     
  0.68823447453012676       0.13886589234682051       0.13715025910808870       0.49621316530188464       0.42701226918802337       0.42828454399011484       0.19934820697778508       0.38506075632048076       0.90617046205262963       0.38548065132085796       0.53744602797817631       0.33168561870886060       0.42265236408072909     
  0.93476352746429503        1.2590981311066747       0.98427666592637331        1.0377442357078670        1.1638425664305176       0.92695332805604524       0.93537114191784410       0.92895792621067508       0.90489180640891631       0.87026687627631616       0.94048400172864599        1.0189805506338170       0.91143287333298062     
  0.70093176187886652       0.14780416470865709       0.14466589492642007       0.51328739135408918       0.44196240458909197       0.44349587373580440       0.20962393975088522       0.40793066966909414       0.90998952969249625       0.39191256625102905       0.55027220018907719       0.34784496363319095       0.43718830265862885     
  0.95839308972419346        1.0071908269703231        1.0725241561038987       0.88931191655218378        1.0189251777666615        1.0524478304760947        1.1523513867914255        1.0604327740601078       0.88746577084651201       0.99987599661553772        1.0353824530204301        1.1476907170140955       0.99989513447056644     
  0.71379869282168229       0.15745968604200111       0.15238919414522106       0.53040339239319156       0.45717276704774040       0.45775638292981247       0.21956808506515260       0.43070787836153090       0.91327469351174284       0.39862989234310137       0.56237030834865409       0.36463342093782014       0.45168414713357674     
  0.84301149049406565        1.0180054615841740       0.87439773241482033       0.89539039730035141        1.0882531459364693       0.83706772452750899       0.99877563888570453        1.2345268928473505        1.0305433852104755        1.0643738367473854       0.90538079281539829       0.97885961901205287       0.93974576614565575     
  0.72650470753457330       0.16802152116333136       0.16056082230514879       0.54728545299557141       0.47105253535130603       0.47220630694892568       0.22940913333507570       0.45196152113422416       0.91654783737398327       0.40563506529330401       0.57437442373423064       0.38104527762422580       0.46687987658579899     
   1.0517822471320522        1.0359376624892926        1.0611322725621799        1.0508111048358146       0.94556514535685454        1.0041099574857826        1.0038739546443305       0.87189774243698048       0.84647189379130805       0.95188954521645031       0.99019835213685081       0.94339272558035514        1.0670645173332851     
  0.73882546252786085       0.17940744120116509       0.16884376215683275       0.56392632747333227       0.48464954109188135       0.48738920283296516       0.23949301506457499       0.47427932108968707       0.91982654106498196       0.41313985610879511       0.58648365017406423       0.39715093116859723       0.48242176480234761     
   1.1087261466106417        1.0117326738760988        1.0394419379581679        1.0125006995029606       0.89066579604456642       0.86169807206485005        1.0049802471857738       0.98425749795417872       0.89793178689427378        1.0875617181167072        1.0392464400512793        1.0533920486557879        1.0110046637881471     
  0.75132804652013907       0.19142998996251481       0.17673963854143218       0.58082405543314952       0.49993734219956282       0.50314350931253626       0.24997189903924866       0.49491936785992929       0.92293735768548890       0.42058101900395756       0.59903714861028445       0.41525587558209959       0.49761052731759364     
  0.92072399199030186        1.1088715518408581       0.90222200208525183       0.84615174242362468       0.84507270900504294        1.0870990299186203       0.96987004148581646       0.84547149355428841       0.94168906476853909       0.89945035044170885       0.93059893324672804        1.0698381677856559       0.95357726024157008     
  0.76453889169309786       0.20353558835388966       0.18498513653116466       0.59687648382893477       0.51569815996422430       0.51883649110144836       0.26079588332833042       0.51813988958382540       0.92610759820359601       0.42780017577728902       0.61224662343649683       0.43406549699239083       0.51134509367958358     
   1.0499334005044756       0.92593081336838112       0.94660320796551300       0.84698719406582146       0.96028759669058872        1.1040894148334652       0.86519423614348401       0.97891882452944656       0.90871888018038371        1.0739461114498741        1.0770775232914120        1.0276748770214752       0.97865578515992757     
  0.77722582164389098       0.21558317956893813       0.19369280443037157       0.61190104302692228       0.53189439377893377       0.53438843076357123       0.27203223555736178       0.54269316151035818       0.92935895832715631       0.43475479682161883       0.62655193782176333       0.45177450689484427       0.52671521611381211     
  0.90187923162372940       0.81325201788999846       0.92497168721001233       0.98397038412436455       0.87981240661423687       0.99786232093143734       0.96210496830263270       0.97835218007640334        1.0531868934386366        1.0300270520445174        1.0010405786582417       0.95938704734742253        1.1981679423808207     
  0.78907566574242705       0.22859960228984749       0.20372387187676713       0.62821399265313360       0.54950865287410910       0.55080983195714106       0.28385121305740474       0.57158380840250245       0.93247098574840093       0.44203531278608205       0.64094260974033168       0.46908979880285750       0.54299298329177570     
  0.91785329910486013       0.88910921078747462       0.83924160100618406        1.2684734393284545        1.1398343702821976        1.0990916084472808       0.99234706949559726        1.0747634993697994       0.87978901768047912        1.0112947750269152       0.83972290892538703        1.0685033807204025        1.0482514711032205     
  0.80051024219272504       0.24420160805547297       0.21410131070479799       0.64498730527533688       0.56707995683398305       0.56819802687699561       0.29628585248928874       0.59834304689774465       0.93552544390151182       0.44969714699679419       0.65469517682148670       0.48641421262279699       0.56006325930007317     
   1.0374769215136324        1.0932506255959582        1.0319113058295624       0.97386482116524653        1.0696814418109306        1.2137186475078583       0.95962538705443279        1.0940915209371718        1.0304531441217106        1.0643031380227959       0.95792003972997697       0.93742368999837900       0.94916125179787858     
  0.81176847075266734       0.26101551368172299       0.22411150810462388       0.66159805698892138       0.58318000617762178       0.58354107047782611       0.30920388590694486       0.62183921683947796       0.93860233599501941       0.45772412281599734       0.66747412858238686       0.50422439952877585       0.57776499524125635     
   1.0868642839859197       0.98062099984852535        1.0476473254047298       0.85696567721301808       0.97063193902586875        1.0658134815205373       0.95983637607186567       0.98878271148670849       0.87043054040748991        1.0359167615495573        1.0138247158404372        1.2321791956616157       0.99960704949709134     
  0.82351936565338635       0.27851308063078228       0.23440129134818760       0.67902823695856040       0.59857752062841285       0.60077335719242508       0.32274008088326128       0.64085672675883232       0.94175431847734725       0.46603610434436571       0.67962213785038927       0.52234808998002757       0.59467624646567785     
  0.94295932451694686        1.0693184701945164        1.0188461273163680       0.96542769551916197        1.1115172592178140        1.0203984711656700        1.2054901583589737       0.98084057286543957       0.94765963880388471        1.0233230929023496        1.0617421748495186        1.1007729600977378        1.1205051170142284     
  0.83475006625243875       0.29675957596281560       0.24471867046456725       0.69587333801073570       0.61358206042849595       0.61813088431308483       0.33713380398184883       0.65667504242418162       0.94491399099417495       0.47448459916301156       0.69237383067350744       0.54014580585173944       0.61046542308648699     
  0.91856646595749780       0.90836014070733173        1.0103086074757097       0.99430335031212058       0.93300188321680910       0.95279477319336858        1.0734711686514231       0.91497965918030977        1.0622914792911471       0.94720429687068308        1.0484951681862373        1.0107208444817506        1.0096716228633540     
  0.84562231256408749       0.31482147757777768       0.25529575072733418       0.71240750719900847       0.62854502101738141       0.63495489478370903       0.35203963084153511       0.67230427877451793       0.94790284399161762       0.48287798773614610       0.70495836841456205       0.55804213464025021       0.62563378054317398     
  0.77875239615133496       0.96347553937322861       0.90086415146871957        1.2021734276574223        1.1326875480313749       0.95603355731916007       0.92127232264464742        1.0437713345597015        1.0041651712616364       0.88620942599498775        1.0170228996561812       0.99866539195203330       0.92199134062694621     
  0.85632644533876390       0.33200488252726579       0.26642392555811972       0.72919175325105601       0.64311287989671695       0.64939991939973007       0.36661657989525376       0.68714282567831886       0.95068361618246922       0.49149606211815111       0.71804597620086374       0.57580287827407528       0.64037782050468572     
   1.0055487535818874        1.0141852971212999       0.93318209878290648        1.1518206926538552       0.85730855310775433       0.86363836028593921        1.0423728830670171       0.84126997313167606        1.0219217076010514        1.1056264547049064        1.2131911892149247       0.86411906525020521       0.88260249652863421     
  0.86644584204564778       0.35068331922632906       0.27825269330683933       0.74504206648650284       0.65675920209086092       0.66447200964709852       0.38188060555869402       0.70290723022163937       0.95325850927839184       0.50007148603056362       0.73115913495349694       0.59386224231917861       0.65524266773782180     
   1.0835885719018763       0.87380640032006929        1.2423913343293260        1.0378682983695813       0.95685765656214594       0.95836651484864399        1.0147064850667136        1.0076050345408911        1.0661937674689841        1.1011663723897220        1.1162436450858810       0.92213019450308609       0.87446469513358249     
  0.87617363718153607       0.37047815405133344       0.29159576846236335       0.76101449781883390       0.67254334476942312       0.67985058242721064       0.39834898701897858       0.71771952116601068       0.95585174478548640       0.50916098547300492       0.74258669942001754       0.61145933743534697       0.67083290453733502     
   1.0106404786908429        1.0948320437952930        1.0740638004898573        1.2685977960635315       0.86375212154378000        1.0894094006326618        1.0246734890050739       0.99331514637777696        1.1259034164227752        1.0780118991491785        1.0897175085453028       0.89391481123352357       0.87428134463861584     
  0.88578460674531445       0.39299327520018390       0.30604919020130716       0.77687760600000100       0.69028724323646018       0.69597422278861365       0.41594033688722754       0.73228730076478343       0.95837493393487871       0.51804906913137128       0.75290857164075031       0.62909467915866668       0.68699914265804218     
  0.99497818587931974       0.88802162637321713       0.94677472022822418        1.1052954255200997        1.1728937714934415       0.98307294094604891        1.2301538534029635       0.96450614714261107        1.1242628082531547        1.0383132849371974       0.99872719480376504       0.96437929005452061       0.90670605566852402     
  0.89523165755488898       0.41828599082492313       0.32042082918350612       0.79189841741112632       0.70782785821933947       0.71070075278969880       0.43409533883432139       0.74720904709125058       0.96091530419077653       0.52606807991247673       0.76301243929763118       0.64664485821429663       0.70388606360591155     
  0.89812437666289779       0.89721137404253448        1.1736803093599506       0.97779904457133515        1.2066092621669580        1.0507534344164542        1.0649081814465686       0.99021504385644610        1.0346154648352233       0.87898053530899989        1.0112436436872938        1.0139649764417016        1.0970677373277884     
  0.90389259368205288       0.44493899106162382       0.33519397580715932       0.80620448786974241       0.72539347005581845       0.72573319044610263       0.45282132693225924       0.76191094088030986       0.96324985717662737       0.53457354046239336       0.77336443542332589       0.66422402313029505       0.72202228986134687     
  0.93126765014262092       0.90138149521748190        1.0582392606431725        1.0200468659180804       0.93925889558760667       0.89881210825893521        1.0165900325599446        1.0448154649123165       0.97247866651202941       0.83653767467151230        1.0058588017340782        1.0886131310818599        1.0948972028270492     
  0.91216595576685489       0.47120881333110687       0.35077060633840479       0.81918897461568596       0.74329030103519333       0.74213748062395979       0.47182029335202730       0.77589927102034306       0.96531813788942589       0.54351476284354605       0.78492441349663522       0.68172092552158348       0.73991357074636854     
  0.98133214772405186       0.96009870143091991        1.1809502504279865       0.91099450777973989        1.1573764267272912        1.0118729832656175        1.0035488000212776        1.0054529757680017       0.99016353361000897       0.94584962233746228       0.88371569167031205        1.0531939922978950        1.0551659309917059     
  0.92061976118189159       0.49861303046751615       0.36761418521367623       0.83139377029157024       0.76145589338777619       0.75851100372324520       0.49165920880966729       0.78966104424743455       0.96742458370163431       0.55347925638660733       0.79785475761235314       0.70023987310178659       0.75701061039456274     
  0.90989563244112159       0.97222476333553298        1.1028703280468657       0.92933612492756534        1.0515115359050609       0.96269894974929360        1.1718389276941119       0.93038319615202913        1.0326877278807658        1.1917402660938434       0.99051228469754671       0.92704881437516506       0.92277030797827442     
  0.92916994366557049       0.52858792759800233       0.38611719533756789       0.84192693087432358       0.77905137209122899       0.77618161663835294       0.51208779688734996       0.80377563305445376       0.96944608901070839       0.56337076365429772       0.81047587326985260       0.71952116814112332       0.77365398716883038     
   1.0877671639099848        1.0133923840945305        1.1091025555801808       0.83681996364859135        1.1227591661031919        1.2547423859661064       0.96789762065631879       0.96568545447548659       0.99920141226600334        1.2309757899955736        1.2976880030086146       0.89288514565543697        1.1071660923992115     
  0.93716932112772622       0.56113954249291964       0.40534468276556179       0.85145089563328391       0.79684100643161393       0.79289974207158309       0.53363423018957035       0.81814437118094319       0.97146946079641905       0.57303082606632938       0.82258760921751517       0.74108304105234957       0.79083974237874854     
   1.0487483137481266       0.87352063375633804        1.0153135542710108       0.91691283352198727       0.96823048015387081       0.98717828805003238       0.97400646036029714        1.1332908074960959        1.1271419860020284        1.0132595610040223       0.93031208884894845        1.1054409544550854        1.0953218075560454     
  0.94396346203714987       0.59573706327843978       0.42528044187300101       0.86112044462988302       0.81391006154921519       0.80880575980523961       0.55687807022474101       0.83195451721678004       0.97359554451241703       0.58355207310660673       0.83492271393111483       0.76092256498303013       0.80894487654536607     
  0.86411555780486726        1.0231115728909492       0.91372548650000551       0.86576186801089883       0.86885562798883953        1.1254397133421536       0.93066637806890462        1.2156974267658933        1.1219727431302264        1.0149404729363511       0.99482892146472190       0.94221533723442741        1.1882666420661556     
  0.95003095716426189       0.63052627101507508       0.44637882948986807       0.87531806239018850       0.83104107013871420       0.82253929224802902       0.58156981041444755       0.84539227115372451       0.97566507357746968       0.59503631407234736       0.84752232976600705       0.77803424265869947       0.82725499935398572     
   1.0174560494436187       0.91246347921350957        1.1406488939311861        1.1812066168501791        1.1162724804674860        1.0318372729096614       0.89236349032530549       0.97189804792602164       0.88608325217718353        1.0628872952170541       0.93892150451160328        1.0214492500605183        1.0762909933322058     
  0.95567684121556218       0.66515464607569552       0.46803566933175339       0.88741070400097677       0.84703048418937310       0.83678197936062715       0.60623362583849216       0.85926321326994826       0.97771693116440361       0.60760107154839116       0.86064068210434197       0.79524612276400142       0.84532461679708770     
  0.99817658437433732       0.92791828463370085       0.89196666726277274       0.94347297179584066        1.1377769480794455       0.87294354880173930       0.84108219199433665        1.3014310447624799        1.0365244547908619        1.0992652275827748        1.0543002014113354        1.0231375259170943       0.99925950334861624     
  0.96132738292051945       0.70045969005334263       0.49192965314145648       0.89821408272838021       0.86194868953370463       0.85120659031657142       0.63206435035485453       0.87274772973463588       0.97974311950352311       0.62024662961327337       0.87468506675122659       0.81399266193821351       0.86274573759930306     
  0.96093453158842534        1.0038196464841307        1.0007489382403103        1.0844244281274777       0.86346146983286021       0.94488804712857843        1.0359130455139951        1.0436093554637038       0.92608352949946726       0.99259573184191285        1.1251374416946003        1.0036551073041831       0.99811528292608498     
  0.96648220164930387       0.73983609664201677       0.51781279306970340       0.90950158028775074       0.87767317551439616       0.86623553028306755       0.65813739798898785       0.88679386170045515       0.98188011193102032       0.63276599206997231       0.88828419212624699       0.83570807148110071       0.88116400333543055     
   1.1728381506382761        1.0207470124766354        1.1557611409626483       0.98619251613461945       0.86186449573714585        1.2098744725290242       0.89534710327998668        1.1034457774647775       0.95703423654211284       0.95983303056808000        1.0284525220232372        1.0091350765517602       0.90417697197501579     
  0.97120215012755073       0.78433950909787831       0.54820546867432796       0.92054739733351221       0.89127650287353188       0.88378486284241042       0.68617806024057415       0.90149926028215643       0.98397347422073433       0.64665164841362754       0.89963354941027052       0.85654791157371157       0.89893458086662414     
   1.1001105584564033        1.0361791523866799        1.0175717541449301       0.99073530322391801       0.90041037355554843        1.0229821505960508       0.89728663141479581        1.0679470337491912        1.1317311005036528        1.0493320780848887       0.86398275027338389       0.85758604504923608       0.94622548829231279     
  0.97583896364316325       0.82274810971028189       0.58281202919996311       0.93174242162903498       0.90519225314618124       0.89995525730113834       0.71759599452359346       0.91714350880117257       0.98598614398773166       0.65993498850612176       0.91084311522090144       0.87706867844537695       0.91511126327733683     
   1.1096046161730557       0.94301872488971639       0.91451985387852408        1.0002104877821747       0.85901836403228493       0.99425464416086395       0.85564490223162126       0.94028679276549787        1.1354731208135951       0.98566763965884174        1.1644281026839665       0.93656401970039771        1.0973382911108382     
  0.98051665768923946       0.85388758023489542       0.62221613061215963       0.94310096078551064       0.91879915948907187       0.91787226320310178       0.75246299864612609       0.93101913219180799       0.98801887229996221       0.67559000769208943       0.92257274390129718       0.89788288718039688       0.93023507610658085     
   1.0642190956641921       0.83717364039838715       0.85247596816497684        1.2526072696619137       0.89554596172629974        1.1368573820478649       0.87899369633856284        1.0129423062062173        1.1518679965389909       0.88889859543942129       0.98256805099872990       0.88003623733235514        1.0464226119176030     
  0.98467322671959934       0.88516040856150235       0.66445201769613160       0.95446478010312141       0.93308941137634394       0.93446543392410841       0.78850013773060623       0.94351284298106508       0.98999398318238685       0.69109618554811103       0.93536148058975366       0.91777261374827734       0.94503208195098942     
   1.1268754659723419       0.89117573786842330        1.0098297576515722        1.0558599601852072       0.94363522203424399       0.89796281550737744       0.98990935249609113       0.97385036150424964       0.94649866317137810        1.0378448416139516       0.88085509252066252       0.94302255007707303       0.93894139849927227     
  0.98858719000696116       0.91454345403958193       0.70839370344256414       0.96598531904030793       0.94956549562563497       0.95070605034549871       0.82554523032028737       0.95526820783344102       0.99189834605754468       0.71583184846265546       0.94971826171317519       0.93647430392114195       0.95909754802943925     
   1.0654383608047184       0.97684430911933307       0.92125224923277504        1.1667642301708849        1.1039560918996356       0.96006640523904341        1.0181951075276874        1.1274101332310948        1.1287142573673303        1.0330102542142612        1.1532878617654714       0.88875957440823972       0.91183005211210000     
  0.99242743165971736       0.94505715848137650       0.75904383097803008       0.97781389699476828       0.96550947567941203       0.96696635386009722       0.86764877503871962       0.96583811200054370       0.99394384357075349       0.74757691475736932       0.96448865869874056       0.95759439043025141       0.97217990896969275     
   1.1227362272653989        1.0198267703954746       0.85538472109521102        1.3172075839514279       0.97261666220098875        1.0545330190554807       0.93086685376537071       0.87340773168150621       0.95464740050809971        1.2476838235806815        1.0562510377659662       0.99757718226386527       0.93777808702179877     
  0.99619460302757923       0.97314353611986215       0.84473012180936335       0.98924370356230806       0.98228761562524292       0.98295275686568706       0.92395254040096075       0.98188557808171029       0.99646935574697104       0.82599399756427605       0.98242488652545346       0.97825042833816056       0.98614509201739353     
   1.2770084999294327       0.95179851360741763       0.95207944582799264        1.2101001963891509       0.96251609621795453       0.92010097490669029        1.0340381299561849        1.1980127542390544        1.0364511161904535        1.2970471157082968       0.94044293954048852        1.0141995411141986       0.97536481954048859     
   1.0000000000000000        1.0000000000000000        1.0000000000000000        1.0000000000000000        1.0000000000000000        1.0000000000000000        1.0000000000000000        1.0000000000000000        1.0000000000000000        1.0000000000000000        1.0000000000000000        1.0000000000000000        1.0000000000000000     
   1.3128356455769530        1.1308231411325438       0.87141935621224909        1.0713999462067221        1.2530081882904998        1.0089943149741232       0.98963688371947156        1.1664900365100466       0.85591879622235534       0.75522866518909704        1.2195641716198349        1.0326890999923615        1.1387295479900210     
   0.0000000000000000        14.923902620481869       -6.5194415484443820        4.8215144211833767       -4.6146102909128199        6.0049452552611875       -5.3439204746682432        4.7286256971377991        0.0000000000000000        3.2355643342870941        9.0820349500398070        10.348118832234967        5.2645535912138470     
   0.0000000000000000        4.9175153666589448        6.8897242601215476        8.1727646905215359        12.514498030902809        10.050896730655772        5.9441735644007112        5.6443253413134213        11.812336220573238       0.30656589319137367        9.0599902644760242        3.0178235339288615        8.1647063535584472     
   11.118530526465058        3.6592082497076079        11.647654568784112        8.7051149268291894        2.3718097135272198        3.6047649188828386        4.8091724163402674        8.6313549652102051        11.747718474879415        5.4774636822477101        8.9593251252585357        5.3000830224431885        3.9401555192654922     
   8.2008261191947494        4.2580221415897155        12.119427163975395        8.8924312709907678        5.4106694817865959       0.65207950326160946        9.6352966139848757        5.6028976723726753        12.247667805967627        4.7673734056638013        5.9895027996483119        12.085817096163948        5.0554825964286394     
   7.2574482483769396       -6.8939173067028010        11.560903859678392       0.16204539047464023        8.0684795672758671        10.513485887759796        6.8265538830804724        5.9394062593953514        9.9902215831674308        9.0096444105155165        7.4579837138702834        4.6728397431003561        2.7681760797288173     
   8.5497612447691385        1.8547999387402196        11.932901384138500       0.16592739006354937        5.3260296042343853        5.8573301086518503        9.2035686836657842        9.7727377345659132        11.687535167188297        5.8784099547615192        1.2317497105081880        8.6782749086005122        9.9721451952575801     
   4.4321155493412228        5.6663978529023007        9.0725443584450858        8.8803786381580032        7.6522219537604022        6.3650542580037008        12.873819566525309        7.1602286500146031        8.7521488316119154        8.3427702655306515        1.3976567871472332       0.31497183551509661        5.1783589785957984     
  -3.4948110966919108        6.6503672213777447        13.542024279926901        11.031563588596857        6.5142117780912017        4.3370005896854762        12.505098267528730        1.8459635246835959       0.26823017464202342        15.909353886120003        6.1082439429034485        5.7959821234752011        4.3811412704558883     
   3.0266739747904441E-002
           1           1           1           1           1           1           1           1           1           1           1           1           1
   2.0723114314688446E-002   8.3981272777687351E-003   1.3361587035693611E-004   7.1550438963447931        6.5731221624172088E-004   5.6343688278029854E-007
   4.5334927348515729E-004   4.2991396424375589E-004   1.0038342398520719E-004  0.54322244803726205        1.0036585966146221E-004   7.6554584698304364E-008
   5.0000000000000001E-003   5.9472166847048307     
