     
 Soft #           8
 ME*wgt:
   1.6572902745634297        3.8292652525366095E-012   2.3105579700244911E-012
   1.0438821264993563        2.4119501671492015E-012   2.3105579700244911E-012
   1.0010463279620574        2.3129755714364821E-012   2.3105579700244911E-012
  0.99999563509154077        2.3105478846504622E-012   2.3105579700244911E-012
  0.99999821163750113        2.3105538379092661E-012   2.3105579700244911E-012
  0.99999980739059757        2.3105575249893012E-012   2.3105579700244911E-012
  0.99999998142444135        2.3105579271045860E-012   2.3105579700244911E-012
   1.0000000179972146        2.3105580116080988E-012   2.3105579700244911E-012
   1.0000000002622791        2.3105579706305023E-012   2.3105579700244911E-012
   1.0000000000262277        2.3105579700850918E-012   2.3105579700244911E-012
 wgt:
   1.1111111111111112       0.84848545807077713       0.76363691226369945     
   1.0101010101010102       0.77135041642797930       0.76363691226369945     
   1.0010010010010011       0.76440131357727681       0.76363691226369945     
   1.0001000100010002       0.76371328359205881       0.76363691226369945     
   1.0000100001000012       0.76364454870918663       0.76363691226369945     
   1.0000010000010000       0.76363767590137532       0.76363691226369945     
   1.0000001000000101       0.76363698862739837       0.76363691226369945     
   1.0000000100000002       0.76363691990006877       0.76363691226369945     
   1.0000000009999999       0.76363691302733627       0.76363691226369945     
   1.0000000001000000       0.76363691234006315       0.76363691226369945     
     
 Soft #          24
 ME*wgt:
   1.0057196937137880        2.5154242542396787E-015   2.5011186217812382E-015
  0.99998081690378871        2.5010706425820807E-015   2.5011186217812382E-015
  0.99999272283510943        2.5011004207286167E-015   2.5011186217812382E-015
  0.99999922547018716        2.5011166845903001E-015   2.5011186217812382E-015
  0.99999994427141792        2.5011184823974439E-015   2.5011186217812382E-015
  0.99999916351028573        2.5011165296212369E-015   2.5011186217812382E-015
  0.99999737127682620        2.5011120470327567E-015   2.5011186217812382E-015
   1.0000721915081900        2.5012991813067071E-015   2.5011186217812382E-015
   1.0000000004997740        2.5011186230312325E-015   2.5011186217812382E-015
   1.0000000000499771        2.5011186219062372E-015   2.5011186217812382E-015
 wgt:
   1.1111111111111112       0.27381225652589453       0.24643103087330506     
   1.0101010101010104       0.24892023320535869       0.24643103087330506     
   1.0010010010010011       0.24667770858188698       0.24643103087330506     
   1.0001000100010002       0.24645567644094921       0.24643103087330506     
   1.0000100001000012       0.24643349520825716       0.24643103087330506     
   1.0000010000010002       0.24643127730458242       0.24643103087330506     
   1.0000001000000101       0.24643105551641062       0.24643103087330506     
   1.0000000100000004       0.24643103333761546       0.24643103087330506     
   1.0000000010000001       0.24643103111973610       0.24643103087330506     
   1.0000000001000000       0.24643103089794818       0.24643103087330506     
     
 Soft #          84
 ME*wgt:
  0.35614625139237960        1.0064925858874975E-011   2.8260653648677806E-011
  0.98093209532539316        2.7721782198862737E-011   2.8260653648677806E-011
  0.99995443477685320        2.8259365945688029E-011   2.8260653648677806E-011
   1.0000146704204322        2.8261068244348520E-011   2.8260653648677806E-011
   1.0000016646127423        2.8260700691721972E-011   2.8260653648677806E-011
   1.0000001621494767        2.8260658231128005E-011   2.8260653648677806E-011
   1.0000003293014068        2.8260662954950809E-011   2.8260653648677806E-011
  0.99999704507492004        2.8260570140563565E-011   2.8260653648677806E-011
   1.0000000011232244        2.8260653680420858E-011   2.8260653648677806E-011
   1.0000000001123224        2.8260653651852111E-011   2.8260653648677806E-011
 wgt:
  0.92125799339624659        11.781060442741978        12.788014353406833     
  0.99309813996535601        12.699753268218601        12.788014353406833     
  0.99931872648702347        12.779302217944293        12.788014353406833     
  0.99993196102100057        12.787144269966797        12.788014353406833     
  0.99999319698507594        12.787927356354338        12.788014353406833     
  0.99999931970733691        12.788005653814492        12.788014353406833     
  0.99999993197082182        12.788013483448726        12.788014353406833     
  0.99999999319708310        12.788014266411034        12.788014353406833     
  0.99999999931970873        12.788014344707259        12.788014353406833     
  0.99999999993197075        12.788014352536875        12.788014353406833     
     
 Collinear #          27
 ME*wgt:
   1.3985738507270484        1.0726986684816308E-018   7.6699465525112491E-019
   1.0408861806838485        7.9835413730926845E-019   7.6699465525112491E-019
   1.0031958287191005        7.6944583879777307E-019   7.6699465525112491E-019
  0.99999423495941153        7.6699023349580621E-019   7.6699465525112491E-019
  0.99989515315054678        7.6691423827797436E-019   7.6699465525112491E-019
  0.99995655233810299        7.6696133112666675E-019   7.6699465525112491E-019
  0.99998496054643848        7.6698312007062535E-019   7.6699465525112491E-019
  0.99999148261673743        7.6698812246368581E-019   7.6699465525112491E-019
   1.0000000004594483        7.6699465560351924E-019   7.6699465525112491E-019
   1.0000000000459432        7.6699465528636307E-019   7.6699465525112491E-019
 wgt:
   1.0003253036519912        9.5923815532409987E-002   9.5892621312498025E-002
   1.0000311711737739        9.5895610398060604E-002   9.5892621312498025E-002
   1.0000031041426767        9.5892918976876226E-002   9.5892621312498025E-002
   1.0000003102851098        9.5892651066550552E-002   9.5892621312498025E-002
   1.0000000310272201        9.5892624287779490E-002   9.5892621312498025E-002
   1.0000000031027090        9.5892621610024917E-002   9.5892621312498025E-002
   1.0000000003102707        9.5892621342250697E-002   9.5892621312498025E-002
   1.0000000000310272        9.5892621315473311E-002   9.5892621312498025E-002
   1.0000000000031031        9.5892621312795578E-002   9.5892621312498025E-002
   1.0000000000003102        9.5892621312527765E-002   9.5892621312498025E-002
     
 Collinear #          63
 ME*wgt:
   1.2781808501017884        4.9223935435488964E-017   3.8510931713277506E-017
   1.0243807497958610        3.9449857103784417E-017   3.8510931713277506E-017
   1.0020529582177073        3.8589993047009849E-017   3.8510931713277506E-017
   1.0000679323722175        3.8513547852225098E-017   3.8510931713277506E-017
  0.99996252153168752        3.8509488382543606E-017   3.8510931713277506E-017
  0.99998228125544741        3.8510249347915996E-017   3.8510931713277506E-017
  0.99999451643336057        3.8510720536017108E-017   3.8510931713277506E-017
   1.0000044525825518        3.8511103186380103E-017   3.8510931713277506E-017
   1.0000000004602492        3.8510931731002132E-017   3.8510931713277506E-017
   1.0000000000460316        3.8510931715050231E-017   3.8510931713277506E-017
 wgt:
   1.0002385701371443       0.98239666254708558       0.98216234794103929     
   1.0000228620066298       0.98218480214314940       0.98216234794103929     
   1.0000022767016064       0.98216458403163465       0.98216234794103929     
   1.0000002275756001       0.98216257145722508       0.98216234794103929     
   1.0000000227566146       0.98216237029172937       0.98216234794103929     
   1.0000000022756517       0.98216235017609865       0.98216234794103929     
   1.0000000002275649       0.98216234816454484       0.98216234794103929     
   1.0000000000227565       0.98216234796338986       0.98216234794103929     
   1.0000000000022753       0.98216234794327395       0.98216234794103929     
   1.0000000000002276       0.98216234794126278       0.98216234794103929     
