   0.0000000000000000        0.0000000000000000        0.0000000000000000        0.0000000000000000        0.0000000000000000        0.0000000000000000        0.0000000000000000        0.0000000000000000        0.0000000000000000        0.0000000000000000        0.0000000000000000        0.0000000000000000        0.0000000000000000     
  0.23565550301380098       0.34620331001496840        4.9383654543287119E-003   1.8999706556610315E-002   1.6427601551293608E-002   6.7290056586004248E-003   1.5909287807462466E-002   1.3703261050340681E-002  0.45145028395900777       0.12918989649170293        7.1466616856753859E-002   1.5780609733418494E-002   1.5187061178924677E-002
  0.69960076458008114       0.81945867459450705        1.0694234819457700       0.82992790279101580       0.91342910357765628       0.84036728029536079        1.0195541670362045       0.88830989094173984       0.77832787129650860       0.72782390822281340       0.74220266753173136       0.98524214288410272       0.90451326191654191     
  0.26603769828355428       0.45344766718798413        9.6962388213599898E-003   3.6839050982303216E-002   3.2681582337480961E-002   1.3138461229999843E-002   3.1151946248218584E-002   2.8328709882194585E-002  0.56442318914238787       0.18429764016059980       0.12116897547063141        3.1978593173953768E-002   3.0869006947296676E-002
   1.1752132267181501       0.83818457513796252        1.1731851133362747       0.81701518854825650       0.95901066342529251       0.94493182631746919       0.87766347183357252       0.87078490317317891        1.1334802699155422       0.82640044094931142       0.90901821455351783        1.0779143273949634       0.86620001087397991     
  0.28177725380705387       0.50777732020954414        1.2954447909925799E-002   5.4247905516880038E-002   5.0095915845167857E-002   2.0391713174849873E-002   4.6002991286342575E-002   4.2452484685910279E-002  0.60698251270790871       0.22106380269486686       0.15760556488679253        4.7576400221477563E-002   4.6436600773259978E-002
  0.95266814759757745       0.85096355305896332        1.0260897698835414       0.77322335227842520       0.96701638967580017       0.88281141104406535       0.92883132678275482        1.0125248827128790       0.86200447955074500       0.83079246796416562       0.97056465432031847        1.0746906082838812       0.92354116714864953     
  0.29520851579563118       0.54830928981117710        1.6178616357540213E-002   7.2504662302300418E-002   6.8469135952185983E-002   2.7820251446073956E-002   6.0193876886880299E-002   5.6914768217553223E-002  0.63900014497858570       0.24241824181414848       0.18747824562401513        6.2156880849567171E-002   6.1731099121368323E-002
  0.96402309195859126        1.0652726585291110       0.95074993774604388       0.91317170321003804        1.1023533046429763        1.2675451761113250       0.92796275464318767       0.80333777869868239       0.85879210350437263        1.1715326624203970       0.91490975440605837       0.91901525084520108        1.1341184627197876     
  0.30795662275252250       0.58287198005932972        1.8949644387538229E-002   9.1051377000338746E-002   8.6120719632932705E-002   3.6721232917231450E-002   7.4736894446355936E-002   7.2444797871750857E-002  0.66532873180922292       0.25802586929423071       0.21441264379430028        7.3639630791321853E-002   7.6453935138040163E-002
  0.93551692767260530       0.87891642073913889       0.88053201002743864       0.92539173105057027        1.0401970196284049        1.0658645662044135       0.93171697987221058        1.1035475462651387       0.90021150846324949       0.92485912653458302       0.78000285979448747       0.88036632080620991       0.83962189090565409     
  0.32070595591962608       0.61534146393982836        2.1621429120154918E-002  0.10898271862570458       0.10184823192945355        4.5952649800689541E-002   9.0499058568843688E-002   8.9046489259947320E-002  0.68777631365201652       0.26854856810197397       0.23686206085914430        8.5647437116971120E-002   9.0796263140763556E-002
  0.95228230278292181       0.95093329747704569       0.98211468124956958       0.85638647370907217       0.89340869089539232        1.0762012757864190       0.96410068808952398        1.1927477012111356        1.0131937139795821       0.85405522959092750       0.83046127943737724       0.91445492783464422       0.93947321346618407     
  0.33379217025738517       0.64092561668800774        2.4533762659601215E-002  0.12695298313888206       0.11642616325566713        5.3342945409774432E-002  0.10622872248868297       0.10641130267320717       0.70634345028821599       0.27921958274117920       0.25706917524580331        9.6617128443618472E-002  0.10466416078392854     
  0.98781649200595811       0.82743243066427341       0.78180397030542470       0.90725374371991319       0.96930532894241539        1.0364750822497051        1.0196827904959846       0.97273588716811044       0.93080904369301576       0.90242943380842333        1.0757976879616180       0.84122862791789688       0.93786128901356269     
  0.34566017470493077       0.66207061390921840        2.7675969303934088E-002  0.14420550336556606       0.13027770823240178        6.1858226658868767E-002  0.12157883750144421       0.12225449958583655       0.71999834794932571       0.28923296057911291       0.27041928804603660       0.10897330345657674       0.11855582526076991     
  0.91370063613676966       0.86765854433093137       0.88906947375791567       0.89913078438256278       0.84771442819955323       0.99759679556318093       0.91795434980114199       0.88371277003369775       0.98064040957768328       0.85742742036173836       0.95197655911120982       0.80261185871337970       0.90943952287656227     
  0.35511879564192900       0.67751260494808196        3.0955624370459050E-002  0.16358991273997084       0.14465213194287702        7.0135132624652249E-002  0.13713472631245929       0.13628002620861437       0.73298590679443543       0.29897540343729989       0.28171592257593303       0.12320149574116865       0.13347685301391771     
  0.93067735717720801       0.99881004021903330       0.86699485232448870        1.1446810099106590       0.94943782707555657        1.0957880143515355       0.91007688869320302       0.82055876263744787       0.92181221966856564       0.92827832863178128       0.88198861961166020        1.0210870804897312        1.0161268839957347     
  0.36529759974540665       0.69276769817471551        3.4507916576325487E-002  0.18466868118181101       0.15972938943953424        7.8272558424642286E-002  0.15248551099630134       0.14963051170954444       0.74571774974247806       0.30830293515463725       0.29255315407902122       0.13756686928454709       0.14952139454975899     
  0.76532767953341496       0.85931518150379727       0.89849398820948723        1.0168740119624153       0.86717213962374151       0.87721844231282275       0.87379534679904458       0.80900437508630840       0.93943999731334016       0.86591425554054113       0.95646990465009296       0.88215269145887865        1.0222521722861386     
  0.37475182592156914       0.70731248607878294        3.8276270914229256E-002  0.20528094261690000       0.17496699542792488        8.6912036619904265E-002  0.16759087278075002       0.16239983280097312       0.75897152463778805       0.31780211463828911       0.30316484686124517       0.15237637919266478       0.16546836343505858     
  0.90677510062099809       0.85020555750262883        1.1092261010725897        1.1339537450393526        1.0676005044045451       0.87879422176338817       0.81253310766934184       0.80853927740867082       0.83548580285302532        1.0360181355721099       0.88919181022536242       0.85475256784222797        1.0495702400777704     
  0.38522930683777934       0.72173049190477157        4.2431948817135773E-002  0.22519128551122211       0.18924160925876607        9.5599663823840372E-002  0.18332690353495709       0.17649703826002830       0.77075143561283721       0.32733975907640755       0.31327941650033692       0.16743014462571068       0.18100216012528916     
  0.92377982783831825       0.95017080649833774        1.0454569083926868       0.91789856689396554       0.74015106374572026       0.96157163195776973        1.1050279410265627       0.73356672701644443       0.92342420792830104       0.88707202812498309        1.0164946006179361       0.87123581872138034        1.0331864627385421     
  0.39581640745925456       0.73519736858061580        4.7242301827998094E-002  0.24454942625330683       0.20355913341638157       0.10469485943418591       0.20012129944708351       0.19096222077630184       0.78131156063156160       0.33624680325066547       0.32339592382973475       0.18274735701703193       0.19700796199963932     
  0.87376694579674152       0.79243351890016545       0.95289445500327863       0.90259799053165979       0.83293095207573609       0.80936772144327818       0.90786239197136209       0.91741784960114159        1.0530059635167393       0.89017068558858958       0.90326414456787851        1.0260623456441960       0.95932333904934164     
  0.40568121807790714       0.74707224416634888        5.2164792176323631E-002  0.26340923460710380       0.21836691579732961       0.11426380665755853       0.21676668120407616       0.20596397516434561       0.79083764933361855       0.34471288538979611       0.33379101103375641       0.19762002821699851       0.21310875583988845     
  0.94596280573381175       0.85450749399891468       0.98277138854441093        1.1384137207409768       0.87669797307409914       0.89867107870427199       0.84312581650665164       0.87866685046291382       0.73367388819655543        1.0984154416588134       0.84685394140960391       0.87539497546196454       0.86175091993728603     
  0.41516366172350389       0.75714211968513001        5.6894675944203443E-002  0.28163957063000006       0.23368130920996250       0.12445252669555477       0.23314886120116152       0.22080977822888082       0.79920299326533839       0.35286060442830103       0.34487377207350822       0.21216138066281831       0.22958629512839390     
  0.91212241685376394       0.77620470122553664        1.0235393237148085       0.86267897441475738       0.92335738480856266       0.97488388788983271       0.90454183330132609       0.89453109311089163       0.90161192263160461       0.99367164899180260       0.98675697677576768       0.93397310499647257       0.89858305362665714     
  0.42449670130010925       0.76577317251332788        6.1669152588319925E-002  0.29946832676230334       0.24983624876899879       0.13514330861017948       0.24866851026357928       0.23641447838020901       0.80712231676791291       0.36149424779920281       0.35592847908906888       0.22702025134217396       0.24586098729952061     
  0.91567127522594949       0.86372276531988257       0.93282136607767097       0.99352150943483886       0.80403279273369888       0.94129378879502368       0.90356157639793044        1.0400465132264518       0.88757299230689102       0.97265227042635993       0.91158873653161943       0.94620052861130655       0.90222480265871519     
  0.43378340726078846       0.77386227092213489        6.7097791769234527E-002  0.31741996739540829       0.26565253398971767       0.14607903593686827       0.26356946151735111       0.25114776928297339       0.81452144753908062       0.36995342365835571       0.36658832808051545       0.24201766489171372       0.26263029611668320     
  0.84679610355749591       0.79197666083115414        1.0035238853900210        1.0302037563707862       0.88633760693302499       0.76908869534701640       0.92828419531391659       0.89478758182293894       0.87091429692613875        1.0652446595986356       0.90988856775713012        1.0759008566062451       0.91757418907407673     
  0.44306357118849204       0.78159114730052892        7.2804724227136589E-002  0.33361713130149034       0.28011720982219784       0.15756878974858951       0.27883675645769901       0.26637231856537325       0.82215288361876138       0.37811431422376773       0.37777365773054333       0.25756105830822035       0.27929704313156728     
   1.0868056090712745       0.84554725370308292       0.85557381021473311       0.92647106349118413       0.86415216437719877       0.89331761813854360       0.98926338926532931       0.96608857024661177       0.94828058054622943       0.86137521699714303       0.96821006702862944       0.85494622923096730        1.0415886454115957     
  0.45214478191526675       0.78950997965122061        7.8044056806442025E-002  0.34819853344686008       0.29413029973707644       0.16935316721844729       0.29371648284842167       0.28234947419645806       0.82956621619279902       0.38592434222897748       0.38869622644372975       0.27354553093535472       0.29584469704968269     
  0.97468939829908374       0.77959687423899982       0.96186518221839212       0.84064108322560649       0.98005391922784368       0.76654088411626298       0.95807920963170978       0.85614740087695285       0.91049713949683453       0.86938983400399750       0.83585564129690126       0.92403836952941332       0.81947068288822389     
  0.46129624242136597       0.79715944675471051        8.3203217873186908E-002  0.36177605112155858       0.30856805594572795       0.18142113817500180       0.30866504215581603       0.29876174257630295       0.83683232262668961       0.39334539351992226       0.39945617811954709       0.28908630241269562       0.31300736639183563     
  0.87890235728154087       0.94624035496364634       0.90649025913235204        1.0019295564259136        1.1159421067679491       0.95802894717693887       0.90225568363793474       0.99999914059877837       0.89907112799235411       0.90820832823876896       0.93816094872033906        1.1555973454347201       0.94284541967470925     
  0.47073991848003560       0.80434555731210144        8.8672452499494819E-002  0.37356837598326009       0.32249663996174571       0.19336364615821264       0.32275647584797523       0.31568260491915801       0.84369464564231533       0.40050468042593335       0.41053822296665698       0.30415969025244205       0.32887473495344077     
  0.88294027007281495        1.0138135235466457       0.86205934781866123       0.96368039334412536       0.89621085451524030       0.82421868724061764       0.99703007503875474        1.0245224854997674       0.96499112735142289       0.91731856815822288       0.81158411159125099        1.1755916389658041        1.0033573535802729     
  0.48064086459763733       0.81170524110057873        9.4401698620162969E-002  0.38574496668437441       0.33647066559069894       0.20531497125860843       0.33655128219386021       0.33256262746491849       0.85041106358025453       0.40775380783180992       0.42202304301256810       0.31939492216400256       0.34437400091455472     
  0.85580397146155152       0.89544445243588811       0.91854619548551242       0.79281270196165199       0.82435722519012755       0.78483656443932859       0.80314833483958581       0.98679436428020617       0.93479776200633768       0.87865672461620570       0.83556225765210390       0.96444409695651967       0.94835942218133973     
  0.49132027354768809       0.81946128251872707        9.9937330355498219E-002  0.39907597710424614       0.35141018704492488       0.21763804137794440       0.35096907005584943       0.34863307519127101       0.85672000932289416       0.41482011900069354       0.43355953534732888       0.33556407745735906       0.35808610817433473     
  0.99391395168820051       0.82225394248295591       0.88890827084254831        1.0119302496655243        1.1158554297553902       0.94995977848046664       0.92185602151382717        1.1109970268635065       0.92711475565544477       0.94622735321982177       0.95338141786884278       0.85577371655728363       0.82306610939868052     
  0.50210826307340151       0.82777785028097584       0.10560138242774156       0.41352328595079307       0.36684713485242693       0.23070837136580649       0.36597778837248490       0.36618074964769315       0.86286516134516922       0.42182269066361150       0.44586740382924689       0.35225965438917867       0.37126328939190684     
  0.82772513922811519       0.85743274859870133       0.98136471972933248       0.86427089979556082       0.91866460309327624       0.85191831812557617       0.98732799763954571        1.0594862505518290       0.89074202523472923       0.76602904296686303        1.0995059016104352       0.86215980302337059       0.83650668300015174     
  0.51419287538031799       0.83545166432095852       0.11140639422816632       0.42796337172230858       0.38187052838205332       0.24406839403486619       0.38239364829696870       0.38464783134202973       0.86826716352905653       0.42842502061259574       0.45988291878021281       0.36686436165328457       0.38683634175926029     
   1.1651179515216010       0.85520280833156204       0.87900376292885252        1.1433477485449315       0.84182370910503479       0.99019248415028549       0.88457418183821257       0.98566940287508109       0.85270718692026026       0.86330380096758630       0.88965485762989371       0.93365876540282533       0.79505425700369114     
  0.52605357650255335       0.84265948665156043       0.11769657377489762       0.44048146837901264       0.39736286786384045       0.25761268608320104       0.39684840750939854       0.39822925735794790       0.87365799394726995       0.43497437912620673       0.47477670068211308       0.38167357824928244       0.40219992217899148     
  0.92381585251140441       0.98996607470663311       0.80822097685209915       0.96335686488950878       0.88005228881294062       0.96620999417805731       0.83899274902638843       0.86591425554054113       0.86541109568427910       0.80368180714834603       0.88091150248374273       0.89849356591446716       0.83102634166033662     
  0.53745004774374772       0.84955972967275450       0.12413491961471974       0.45241733590987865       0.41361897816972720       0.27152981943220755       0.41233909915486744       0.41204977444292779       0.87874731947862661       0.44081359152375460       0.48970516388402696       0.39654369422458813       0.41570878812552309     
  0.80794954670842678       0.91525191940249828        1.0699283554199439       0.95466984678457578       0.88024708407409435        1.1672203686899310        1.1131709458482597       0.84081422554927798       0.83737480546405618       0.92609292022550871       0.88985741473305224       0.90507411700747575       0.89481091563786785     
  0.54910971247278240       0.85637173746113371       0.13103619346748124       0.46540015625312003       0.42944434538222370       0.28539318542579345       0.42853189935521518       0.42581675976024763       0.88358220024899370       0.44643457025848243       0.50432344729179590       0.41417099185998796       0.43017031714563314     
  0.90076691777035567       0.98182402638163857       0.98927577622088347       0.77320930764891005       0.92478099501931121       0.95260622804116946       0.89230731252447970       0.99532457108847927        1.0456163254704485       0.92526432062204955       0.84510830108694357        1.0323539133768387       0.80776418899532487     
  0.55992461338525379       0.86303476045636829       0.13828626354966050       0.47828264842394469       0.44447513967619218       0.29851442469388489       0.44517796621077876       0.43974567253823160       0.88837500274650327       0.45288508334101707       0.51871919177433123       0.43198269853847121       0.44292245352529708     
  0.93288355575010917       0.86718394048703817       0.99141844212031560       0.83021898388958870       0.81005537977120168       0.86758953423814367       0.93041230379936701       0.83821439338074966       0.81794031666116285       0.93924880820804235       0.96461766505659829        1.0376998642329580       0.82085864288956867     
  0.57050296652273402       0.86914141563513148       0.14560029943499858       0.49006464313807058       0.45911074118667006       0.31183721086835114       0.46118852244047664       0.45279976141666550       0.89291289004218255       0.45950503076292804       0.53292754382757179       0.44866995467785653       0.45475618496924808     
  0.87650694860101541       0.91129634090941813       0.89067161060060318        1.0246183127437762        1.0077318574093868       0.83873190620464710       0.88479412448300010       0.83051975179018722       0.91883797411075707       0.99765894527804222       0.85468722439385292       0.91132488141707024       0.81545409498518051     
  0.58205719542558365       0.87535897866014933       0.15293697610443688       0.50100075044550285       0.47314743962399020       0.32487799862856359       0.47770484554894804       0.46674998901057108       0.89705869528561266       0.46617495760355954       0.54741613140507772       0.46501179019515648       0.46661324643688573     
   1.0690580305452242       0.85154600223400101       0.99207543522339947       0.85650870054761596       0.85434674811681643       0.87966993839707674       0.96376232203900314       0.86016037058059802       0.80689253219372525       0.94093464391449111       0.95647571514277363       0.93574367074729858       0.83734083361343092     
  0.59363797770678273       0.88129434218758118       0.16033195220464580       0.51190421560129473       0.48725635004632917       0.33925207933916796       0.49404652279369110       0.48093380920139905       0.90116110648064729       0.47319405895556577       0.56201247373555818       0.48157450761213422       0.47906036197134144     
  0.85062717620680672       0.98364219822046894       0.99548133215452517       0.82690132049450948       0.86543790024348155       0.85949097487264481        1.0791221072288917        1.0577654425101113       0.96532899524505522       0.79520696034735905       0.95201021949908382       0.94502622585671514       0.78714634015783036     
  0.60590348576584463       0.88711090251596414       0.16784197177155097       0.52136834488877215       0.50185404430126346       0.35408627649982793       0.51048484193496935       0.49589646207733412       0.90525700325061542       0.48019316278967172       0.57659819249643196       0.49887493006759898       0.49259311428310870     
  0.90952907407705663       0.89636759005797184       0.99971626892780985       0.75612769047008277       0.78849187811537103       0.79005693384186360        1.1520549926886960        1.0711316971338398       0.90978160905411731        1.0966432870689478        1.0273811162302382       0.86745914223229004       0.89599071244370154     
  0.61743414929003992       0.89288981330466788       0.17573960741096015       0.53364870488045169       0.51650622168609273       0.36870329425164072       0.52727135876923259       0.51175219977406472       0.90902155711185584       0.48634190750047007       0.59127203942150575       0.51523115432052324       0.50674972179741962     
  0.85389172635959554       0.91464650373509582       0.81291312738343946       0.94831801786357239       0.93772067068057852       0.97595540027492989       0.87648086699729677       0.84232851634290762       0.99346801954801789       0.86666347075191763       0.84325908463142085       0.97769224289208523       0.86794135776655845     
  0.63020547476090738       0.89882068008134053       0.18379201427640529       0.54981528769825294       0.53093095095131138       0.38353013646604411       0.54433986086950115       0.52850132295599728       0.91294927193501363       0.49161078636270933       0.60630875744074386       0.53043191731737771       0.52179806649334615     
  0.87657143964927531       0.90946807888928283       0.81592685184013558       0.90884530439200373       0.94061864222294000       0.92476635654831918       0.85612060148381985       0.79135271600019752        1.0120503451914271       0.98310313832982366       0.97427642303235518       0.94230572467186369       0.84526206803623927     
  0.64186034301751083       0.90494438331041094       0.19252376861005249       0.56367461201579527       0.54695363310595135       0.39934100834755404       0.56230205650123599       0.54611020036278157       0.91643473073417892       0.49649760777853963       0.62073913690215055       0.54638975011287050       0.53759665795291312     
  0.85118413381823010       0.97407213581618590       0.94480547307875429       0.88190732399894889        1.1413690034253112        1.0139747175313116        1.0212891701918196       0.93892730378645028       0.89396856595728347       0.95012285748079783        1.0258257607538948        1.0229746980710364       0.92616199679045930     
  0.65508737317389620       0.91034747526795579       0.20161894187170501       0.57554473756870073       0.56054085277019883       0.41533980297296330       0.57922953675317390       0.56354219139606720       0.91985387377959504       0.50078674021243585       0.63643685889720836       0.56251395644190605       0.55414077771728765     
   1.1349757784350880       0.92702057928005099       0.89389677349081609       0.86174629590074014       0.80957088270419586       0.98798723266295418        1.0335785519281551       0.75636926719984121       0.95616379577136312       0.88883511402980608       0.90520720681008771       0.97027646569674308       0.86591425554054113     
  0.66781048515936903       0.91513127024257312       0.21134032431830119       0.58834374096808006       0.57427421979194571       0.43220257351462876       0.59595723661983779       0.58088812036665405       0.92282078374341059       0.50561441098464888       0.65486244512348601       0.57920786347194431       0.57083291279032522     
   1.2349327536427159       0.91096597776614763       0.99610631400935601       0.83191328251977603        1.1149337825772230       0.87907995442399134        1.0321004789211026       0.83302243003728782       0.84148971115615312       0.86148380835195548        1.1008026952334580       0.89938173578189462        1.0073595746721475     
  0.68055509363647027       0.91978741892971971       0.22142645847266498       0.60229281575656402       0.58804894243056860       0.45022506024693654       0.61221264476750648       0.59894741190937284       0.92555182145030468       0.51117352720636533       0.67477064379627372       0.59597285239642306       0.58676347581078836     
  0.97271959416773546       0.80652839358166839       0.93717778937953711       0.99018509950887501       0.87669808875272681       0.82947070470276640       0.84332803342983120        1.1042282752966590        1.0483554980983321       0.93373336338638757       0.88332219335430628       0.99741427820598449       0.95109809332359907     
  0.69343183131749286       0.92420734428815976       0.23167120310150791       0.61611883741400864       0.60172030558174661       0.46878863751061539       0.62893944737985874       0.61744313397079909       0.92842529352471670       0.51698458367089151       0.69252013263364398       0.61187811908836109       0.60266020665742515     
   1.0185834645258462       0.84047537645193315       0.89814299804713016       0.98130692862964575       0.84419891776911371       0.90413700006042652       0.86345196750171826       0.97078079330306843       0.82806144389193848       0.86225618930248660       0.98386600904727095       0.97979319173473456        1.0233259571196893     
  0.70685619792546117       0.92862158302477049       0.24174888388986387       0.62975684956390199       0.61672778392900596       0.48723416006332743       0.64701703820278589       0.63532641389042199       0.93154618051741855       0.52433851793604647       0.70982714303347616       0.62662621834280752       0.61917500709256257     
   1.0767951811228855       0.97310133556674938        1.0967929235370046       0.89672817465214905       0.90276281289026217       0.96362742799840573        1.0386476835385596        1.1549955757897516       0.90075156030201620        1.0926264909411394        1.0835156311520764       0.92793659481410784       0.83304481200150560     
  0.72091011185484011       0.93297324481626809       0.25361044246703313       0.64326532124272418       0.63037308431870775       0.50547423849023476       0.66445443176350694       0.65202723100836291       0.93474341202573630       0.53126035433299090       0.72622539617320292       0.64066709108106590       0.63599647567439466     
   1.1857760538198236       0.87467327462084710       0.93587552811738373       0.84192145520684103       0.85542501907683643       0.99555388800442635       0.83176183265070225       0.98061427564058290       0.93566056380397733        1.0527760641336572       0.94181472592125182       0.84402359436790608       0.94279935128541348     
  0.73470339591075873       0.93726806088750059       0.26527393146287592       0.65637875477101515       0.64196716797386411       0.52333248439070412       0.67966201707608875       0.66771714292192530       0.93770035229522120       0.53775882756966675       0.74252656513373894       0.65428312853497983       0.65239464947205150     
  0.90117739195222901       0.86388978157362240       0.88509393519939761       0.84242897793087057       0.84852946530563100       0.83732208331780766        1.0814221663902801       0.85472979961480777       0.84657050314348314       0.91901987811107955        1.0065608054401713       0.87877787125156825       0.78709249796952530     
  0.74843803825347111       0.94126185918136041       0.27763385156238640       0.66983056952795861       0.65451955354864366       0.54253114550089099       0.69532084768266245       0.68317606776937057       0.94028648221036149       0.54431783940971967       0.75912607709333535       0.66780104928954442       0.67010610831973094     
  0.87182085132979970       0.88984613371639032       0.96464323968719223       0.97510829670867227       0.94816038039678852        1.0918922192047027       0.97632844419818332       0.83778939432740784       0.82718253180069046        1.0280593416135153       0.92844127194555592       0.77832787129650860       0.97703369670914553     
  0.75887702526834411       0.94547870630679831       0.29010070798610860       0.68417918515984910       0.66891961643292730       0.56169328721027578       0.71279181730156649       0.69731178821879214       0.94304254376522290       0.55107085869837047       0.77600290988875853       0.68066328033926060       0.68798217399272443     
  0.90323110891464464        1.1006996619268721       0.93179595151003181       0.83646945392432193       0.93645146965120618       0.84679391713350483       0.98746670719804197        1.0845164310401905       0.93525062658319447       0.88461198522425000       0.87482204850717393       0.85286365270828435       0.87895100407316840     
  0.76882852296400295       0.94939533566229417       0.30354289702980447       0.69872437999876391       0.68498722367456177       0.58132777708622685       0.72787187322485325       0.71393708560340585       0.94653858387285450       0.55802974983811726       0.79262599290469871       0.69354644510864549       0.70532161334843535     
   1.0322731350065779       0.88478720471645766       0.87106170029804353       0.97571232280915388       0.94935479622685437       0.83184741431972042       0.93618102081203203       0.94716760475786166        1.0039954110093905       0.79354919859510720        1.0863278927972964       0.80352393459922211       0.93106432978862519     
  0.77989557970787393       0.95309334916008559       0.31718746489390637       0.71303415814493143       0.70113071872738997       0.60074641698125508       0.73924665057059136       0.73166711585897903       0.94984784683513090       0.56467623100793152       0.80834834244134124       0.70598293238865617       0.72240289300273142     
  0.77832787129650860       0.88392493925098570       0.88042388651205139       0.94077486651859987        1.0225516822302949        1.0741728761338665       0.81638502714941097        1.0598627025419756        1.0226011043125860        1.0898354012057321        1.0618566157949609       0.89472701123832477        1.1273924082539750     
  0.79137473890204935       0.95660131222626787       0.33365366973398919       0.72834959859151105       0.71760601039275529       0.62019753447995818       0.75291183959376196       0.74930201532192120       0.95302966544902923       0.57141412070681585       0.82337269076877595       0.71882885948285957       0.73930516653527845     
  0.80676257838314025       0.93292028593414522       0.88191746961899531       0.96947933418770982        1.0333711499801594       0.97122973735844853       0.78618281491729325       0.93362149636391079        1.0098147722799622       0.82317138245751464       0.83731743907736078       0.75943769724057208       0.94016892996421109     
  0.80344981361481749       0.95997751353126837       0.35066335568065532       0.74590865270017603       0.73403685669605823       0.64036766227856412       0.76748327673542927       0.76536301688912423       0.95604895316476868       0.57836686828172201       0.83793824393493244       0.73320221060457680       0.75614314813479833     
  0.79146274990127430        1.0819244850287906       0.83131972979568525        1.0818180570484470       0.95737419817269387       0.93197489170370340       0.93254435665607716       0.85447970510254023        1.0017620654767956       0.91824239142690411        1.0194754545258959       0.84645924394200234        1.0472824206763449     
  0.81578161801287163       0.96335506014646710       0.36975756677392618       0.76360327617269286       0.74928988293891019       0.66048889964614066       0.78322369342472653       0.78082331419393769       0.95896812007913401       0.58554311377958890       0.85292502217722999       0.74946826456884919       0.77337933974199213     
  0.90992989969342208       0.89625945644970328       0.97252730721319136       0.89259776730053020       0.97782932918754228       0.90525485112597792       0.97193745367712236       0.94884687566881121        1.1195010721154213       0.91074664156049545        1.0095053348867844       0.93192091367587504       0.79537080580077402     
  0.82839585739751598       0.96644229378453017       0.39060032747348683       0.78002938026309088       0.76360418352444481       0.68139302906932442       0.79949668350235337       0.79688803170299327       0.96184645931136725       0.59298105904567111       0.86676972800529772       0.77036232682255501       0.79112592252093139     
  0.98291801304355897       0.90070614485109102       0.92158020180204758       0.94381644230606254       0.86360150435556071       0.91751105315880166       0.94376679481401093       0.90873740356812294        1.0380760100756283        1.1789171918186885        1.1578598309255839        1.0283471049749062        1.0571010411686803     
  0.84090944934756040       0.96972485885920345       0.41213701992574070       0.79550294036068803       0.77842754012042625       0.70252704081442829       0.81575051201360693       0.81410337470553018       0.96471544674725773       0.60081865779236288       0.87972317245740328       0.79073451583468535       0.80863823302466786     
  0.96938131420078122        1.0521693451539187       0.88971585747020376        1.0010592918877490        1.0511777238705415       0.89589928270464814       0.93531935519186504       0.96947003089552131       0.98031002340890838       0.97588350187961936       0.87856168662110912       0.96698629065867070       0.90465664364226250     
  0.85328599412721584       0.97307270250573152       0.43514721848401172       0.81222606449137469       0.79324744813017922       0.72454091155825529       0.83242672275525809       0.83090785834196190       0.96739527962710348       0.60935550103787350       0.89190342602225359       0.80963594743339207       0.82516171683210848     
  0.98659073869731162        1.0428877565303742        1.0095375358615422        1.0131181426872664       0.86740699465276183        1.0303097559145988       0.91477185115285964        1.0856237613670112       0.98212741130142334        1.1212769641503142       0.85600466457405611       0.85098062114856088        1.0114477628891407     
  0.86602082452895413       0.97623896763636542       0.46009870243565731       0.82910325376872596       0.80918900687486972       0.74747267684775565       0.84913687099438262       0.84689586582476106       0.96938725652889413       0.61851153814917814       0.90341480003458785       0.82817808287508854       0.84409475961398672     
   1.0557417248935415       0.95743853371158805       0.82746818498380970       0.94645890223441254       0.85121506259480684       0.92753252570211897       0.88384831329082358       0.99835369416972630       0.84429976335700918        1.0309696794798273        1.1895553666437566       0.84377124933828052        1.3186835539242314     
  0.87811563569095641       0.97921395065321215       0.48573105652959714       0.84553916989309974       0.82897884527267696       0.76982674494043202       0.86507301779441215       0.86523669268880288       0.97149339610864105       0.62770354748600998       0.91437844508551991       0.84522236026017472       0.86471828988103816     
  0.97463067032171902        1.1113574886387776       0.97617850975798204       0.97841637991482444        1.0128751107442218        1.0886042013922546       0.85091705721352318        1.0290278579645951       0.97215473034845501       0.89928436860396843        1.0248785274677286       0.99315309139641383        1.1103106187608756     
  0.89015318487595230       0.98198021937435431       0.51517695006296005       0.86265277934718332       0.85041776367183963       0.79068888404054172       0.88031238593317385       0.88379973597151884       0.97364045934240206       0.63740208178996949       0.92549920947257969       0.86334814108376623       0.88356642741034719     
  0.93443822871804061       0.92294232263726350        1.0009430774136716        1.2175650164052214        1.1627984638244084       0.87737013129220642       0.95254470024798987       0.93757594245991971       0.83518287413799464        1.0556796189860165       0.82134141819005380        1.1884495966967059       0.97951401788426162     
  0.90245961625400539       0.98445271627664688       0.54644991132918785       0.88038929416862499       0.87033196604270802       0.81478885979849780       0.89579233763115063       0.90126590782151494       0.97578867007213499       0.64743488166540963       0.93596260428921718       0.88386468249167871       0.89990178093633988     
  0.86194581055156694        1.2191279344361783       0.88400339668906047       0.95091112890270402        1.0053128816802517        1.0847337587995696       0.91334000230939438       0.91412402523479563       0.81439919481709278       0.94047423792211526        1.0663782881558614        1.0369324609267612       0.98775928964656490     
  0.91454131868977251       0.98686527175978012       0.58339325350118432       0.89781664806872630       0.88966242185295330       0.83935991941027277       0.91157727169430169       0.91793468724486360       0.97833526463856535       0.65924523930751722       0.94416343901848787       0.90306490090512093       0.91578327392141423     
  0.86306755657935486       0.89000307957288727       0.97602597410771774       0.95430010999370529       0.97322343903544573       0.99048575726186938       0.83261428386442105       0.96241122001979362       0.89385939277402038       0.99075930100534038       0.83289279443432618       0.97653599266366453       0.95986283109756088     
  0.92710401607443016       0.98917338508389019       0.62474496636073817       0.91422796925988026       0.90856514380395392       0.86559462931478781       0.92854573499192461       0.93270886387722118       0.98170472215706994       0.67127458543942387       0.95097610857504544       0.91963398204721614       0.93006334557951253     
  0.92905426001976799        1.2616094351576301       0.86214445393552108       0.87745254488248781       0.93514210719178359       0.85478282178192355        1.0358605230644629        1.0222968035583688       0.98226084923246226       0.96742704281455250       0.73940160227257301       0.90734412522748398       0.96313330551354004     
  0.94071316776335423       0.99110519266538433       0.67216414655572998       0.93203358085804122       0.92674684427042975       0.89201449427366208       0.94622924835904854       0.94736477678966236       0.98509085457957779       0.68214392489192932       0.95873093684115296       0.93737688444354106       0.94480342455642297     
  0.87305528781004904        1.0581737548946244        1.0360392948095059       0.97180186070725671        1.0429685371839001       0.82576182950382027        1.1531469228395073       0.84428997444906417        1.1829196112336453       0.83620643323773769       0.86552875304508947       0.88469694136617605        1.0762705819650067     
  0.95461405398704380       0.99301125867304474       0.73451655229981971       0.95044794896100404       0.94489599198506979       0.91792072421845428       0.96125365851017563       0.95867399471815684       0.98760153925681016       0.69181170634406397       0.96746649186970524       0.95432721792473307       0.95942839324780171     
   1.1081283782407476       0.96726559300262616       0.90941636027942352       0.79560514533813897       0.92472778589322657       0.82471477883333377       0.83961393843343002       0.92858156445634610        1.0771830518105734       0.91171384740107320       0.83874194728625817       0.96219936618425039       0.98987949467214609     
  0.96733142199300692       0.99504489014007969       0.81055624627300582       0.96744575075665251       0.96334567066587318       0.94522853172152943       0.97624924818268788       0.96928511691664732       0.99007137161834569       0.72476816762600704       0.97729395629544380       0.97020401470195794       0.97316533969883112     
   1.0174974811568072        1.1533017890485877       0.78699551681422730       0.99627363600739416       0.95422186482372506       0.97226765184857966       0.91659390703913401       0.79834231983022585       0.82076428491677378        1.0587533454520279        1.0197120857561428       0.93363671806035631       0.88891502067931760     
  0.98202551729543108       0.99740559895176972       0.89807910534077251       0.98419698807318234       0.98205564606501061       0.97285631982052945       0.98804896928822761       0.98520289890510315       0.99490348310164134       0.77965007782502271       0.98868050514932049       0.98564764904166224       0.98660908150724280     
  0.87216859189871299        1.1217824126973990       0.86196276232171931       0.89483121091235540       0.83249510736481713        1.0951322139338568       0.82169405740608836       0.81961589836390192        1.3926882680365933        1.0544290174387434       0.94293559301572871       0.87348678399035229       0.97242916045518135     
   1.0000000000000000        1.0000000000000000        1.0000000000000000        1.0000000000000000        1.0000000000000000        1.0000000000000000        1.0000000000000000        1.0000000000000000        1.0000000000000000        1.0000000000000000        1.0000000000000000        1.0000000000000000        1.0000000000000000     
  0.75724495079572740        1.4139682638537969       0.73404292569785412        1.0742677124209035        1.0597583662208117       0.87311606125112773       0.83461280810184468       0.91590466082405098       0.88186438511721565       0.73791515355969239       0.87637199767670604       0.81849611571874892       0.88276444148276323     
   0.0000000000000000       -8.3192314780341619        11.424642161732061        2.4895013578419865        8.1354425732270030        12.924161809596168        5.5447803927830419        8.9823132012363818        0.0000000000000000        6.5793460347751145        8.2989502867050504        5.5492252897623828        7.1730913384709929     
   0.0000000000000000        9.3350135599064874        5.7879757449460660        2.5568297151077743        7.2382450388894837        6.2767402190671326        7.5301109436189870        4.8147762711657718        6.8687903563678558        9.8961710465290658        6.1850328621837471        6.6480930088051791        3.9649744247778669     
   6.9662707464419853        17.296709666448894        3.2048108095569625        10.784096696455091        5.5226449913862128        5.4944840457173925        7.4008396150926146        7.1406328790601465        2.7573253073556918        6.9945695278343596        3.8574480652071959        4.3217409684501460        3.4552860252075370     
   7.0901387823383981        9.5672976618066059        6.2476301143223125        8.9426571448144614        5.7899095518234702        1.8701984096456361        6.2578733683850780        8.9809476774124128        8.0265373619246603        5.2918277918287124        6.2528789352173035        6.1450583505554661        8.6958193058887758     
   7.7346621219872809        8.5257625027136470        5.6303863473212079        6.3974648922294062        6.6122793454035786        10.658776745515643        6.1276882946902678        6.4330101952640373        2.0894100417280717        8.6600612815327249        7.4780789750861860        6.4633649320113022        6.1805078746200959     
   3.9361529099541266        8.1914715883926554        4.1835684670727940        8.3289688002166447        7.3768322706391878        8.2339213984375093        4.0898399419241764        4.3908886614012834        6.6188154295010984        5.3805325313918839        4.9042002552877033        9.7558861024090966        7.4363327192047919     
   6.1596214827438205        8.1097298990567754        5.4303339622221793        7.7513779156428742        4.8165406625299978        3.2472886279343793        4.3555160259780363        7.5851456405243853        6.3387613355317463        7.4029510980192565        7.7334192928241832        2.3552859207607995        4.9292978258632623     
   8.2504924659505736        5.3038679373930595       0.15361920858236303        4.3882705164005973        4.1686068528053886       -14.183965250244530        7.8529510509069711       0.85527109160169557        8.1823496458736784        2.4007360926267789        9.1696949791912257        10.545653224250831        9.5035048687370907     
   4.6786242974328398E-003
           1           1           1           1           1           1           1           1           1           1           1           1           1
   9.5527427073603920E-003   4.7309943102367682E-003  -1.8836577988067812E-006   3.4041144425801497        2.0254822228793699E-004   2.4408260547017520E-007
   2.3503050255135530E-004   1.8962279693442936E-004   3.0572349892125986E-005  0.80278998572155158        3.0562468089739668E-005   3.7550124410582355E-008
   5.0000000000000001E-003   6.4676856681900956     
