   0.0000000000000000        0.0000000000000000        0.0000000000000000        0.0000000000000000        0.0000000000000000        0.0000000000000000        0.0000000000000000        0.0000000000000000        0.0000000000000000        0.0000000000000000        0.0000000000000000        0.0000000000000000        0.0000000000000000     
   1.6038800770280321E-002   9.9298838712626853E-004   2.5011893421072236E-003   1.3615168454254686E-002   1.3658359675568513E-002   1.3607003695100007E-002   3.1381802668053356E-002   1.4269837228535757E-002  0.27939673752757771       0.13092890177634975        5.4831286354033060E-002   1.1034905559903257E-002   1.5677804275808307E-002
   1.0707418834369222        1.0830957244087234        1.2486590340996708        1.4164390928547284       0.95918058782465865        1.0936589040179232       0.87287368225480799       0.94653286714009732       0.91172352227583819       0.91461146384834757        1.0333409769849555        1.2320258378327977       0.92266636829027637     
   3.0691989077529486E-002   1.8637602104564983E-003   4.7755685053206352E-003   2.7631748494383830E-002   2.7942096466313460E-002   2.7496332053709497E-002   5.5158572241671901E-002   2.8909002819806191E-002  0.39016088965589663       0.19320944555873670       0.11223618256044256        2.1545138348234259E-002   2.9386917512520302E-002
   1.0876015929708642        1.2922658787845509        1.1831493028786297        1.3377826411094627        1.0573221367304877        1.0707492770743940        1.0569560723955245       0.96331684537097306        1.5806368709639533        1.0249006441093760        1.0935543199056803        1.2233868520927844       0.83705650376065954     
   4.4485015529484390E-002   2.6541116148817547E-003   7.2568044399870038E-003   4.0867340356987678E-002   4.3024561959284849E-002   4.2015922894373746E-002   7.3267729495719053E-002   4.3848101404318100E-002  0.43418736251550766       0.22468551946774762       0.14996498226073021        3.0299429151536880E-002   4.2034605506057671E-002
   1.1559792446371757        1.4183644036037009        1.0103298661526456        1.0923160424616609       0.86480301472534049       0.99438478079899506        1.0649479533479460        1.1542937835239397        1.4821226714147275        1.0791926994346632        1.0096277404469081        1.1821030969742301       0.86352506818683394     
   5.7331739506302444E-002   3.3420457440819350E-003   9.5035831943404460E-003   5.3782560246522601E-002   5.8599768652694402E-002   5.6439400373649889E-002   8.8758500730042156E-002   6.0175988766595745E-002  0.46856934292750041       0.24240698796733509       0.18120489671437234        3.8251599299422519E-002   5.4310706420200798E-002
   1.0039337616528399        1.1138550136013270        1.0162937704272277       0.90884211289790173       0.93249770565829371        1.1553880618663417        1.1541091003929376        1.1054343844035064        1.1642198133755999        1.1589260460975070        1.0476265856803681        1.1992955853941596        1.0657817056929664     
   6.9953773058220259E-002   4.0180465241888294E-003   1.1991979231884282E-002   6.5763073549158182E-002   7.5126979781241429E-002   7.1081747071050194E-002  0.10477367693890316        7.7590924161757349E-002  0.49324820305396216       0.25436709604719687       0.20357229498930191        4.6286358896989989E-002   6.7332244357491702E-002
  0.96470114522845696       0.94149455152409456        1.1799055571905896        1.1125306775428188       0.94761266664935950       0.93544471163857379       0.91462912827419018        1.0060710128482293        1.1636774113418737       0.86361051483787254        1.0752688677603766        1.2012140429715106       0.98396248413185816     
   8.2678576248168101E-002   4.7092833957484478E-003   1.4796409953898460E-002   7.7727639392871833E-002   9.2160382112099190E-002   8.6945592994805990E-002  0.11839801074040031        9.5089660806939855E-002  0.51424631011418465       0.26591545570396030       0.22301791400023632        5.4402347759443540E-002   8.0891031810282565E-002
   1.2121755602728801        1.1796215241615557       0.97229596324108913        1.0854915713142153       0.83127704800383617        1.0361588633735075        1.2310371341463198        1.1076740620264560        1.5452842846785155        1.0435004379256720        1.1757025016139357        1.0361255510247556        1.0178522722740830     
   9.5174989557117132E-002   5.4723505363837481E-003   1.8221073533052867E-002   8.9722466181773680E-002  0.10798630570948745       0.10254593902588127       0.13090444756313471       0.11214621604946014       0.53036842521016647       0.27545163160964209       0.23876671142132216        6.3103260557820895E-002   9.5126361218789812E-002
  0.86580856947778029        1.0241155144469141        1.0113834315631340        1.2499749863272096        1.0650929527450423        1.0306667349464085        1.4135148611877768        1.0320544603365620        1.0223865827331198        1.1905535861522485        1.0109147968323096        1.0665815119320072        1.0594027237021284     
  0.10709442202218646        6.3891216245561978E-003   2.1932372772505513E-002  0.10206230021734729       0.12362191261858163       0.11797145969539663       0.14290227694169502       0.12774415794832600       0.54368490319990292       0.28397168760245667       0.25204539336688947        7.2664867377567971E-002  0.11038497115362886     
  0.97373354885308527        1.0868875955509321        1.2915064569109200        1.0035104686946874        1.0630849983285595        1.0588760365586809        1.2749540369652199        1.0180916949945562       0.88835768952710736       0.92047846645997844       0.96099542067638988        1.2817037994442262       0.98656450800820161     
  0.12126067221224304        7.4247297156922075E-003   2.6133842564048861E-002  0.11512453370605097       0.13735885177243398       0.13395934370142917       0.15499911957229873       0.14308286508744311       0.55735180238206272       0.29190912463320423       0.26469321306515903        8.1592926598550844E-002  0.12508967733709297     
  0.90652997725200080        1.0825113346311799        1.1417210152338366        1.2095496723425638       0.97480827958532501       0.93568458089084905        1.0522275437005537        1.0373854037298571        1.0736398200236772       0.87017487571723762       0.90373961026733673        1.1224715178985036       0.98641609187778034     
  0.13944347748344157        8.5074802071382974E-003   2.9992161155397434E-002  0.12973250832815844       0.15100095306459688       0.14822503052353198       0.16703480206553184       0.15774373812388914       0.57138384169937417       0.29998540208854707       0.27797862707186394        9.0266969888785242E-002  0.13872913971017406     
   1.2773861762805339        1.3938587304021652       0.93165804789656914        1.0164485434487580       0.97510003583133642        1.0630931565654891        1.0226181382897821        1.0652283313656323        1.2364679692851603        1.1303383336839155        1.2109603194992982        1.1271941432917181        1.0855066282425654     
  0.15852794263010550        9.6297794231456763E-003   3.4026797561628658E-002  0.14378192003253568       0.16510485884120790       0.16082472067192777       0.17849513928923169       0.17226137319865442       0.58562178239730034       0.30817974653644903       0.29198222829809317       0.10003950700779370       0.15432926510843165     
   1.2005953233111624        1.1964991454647906        1.0171364613365963        1.1100766864575586        1.0276812411937719        1.1254256163253475        1.0238659397494640        1.0761041660458950        1.2221097055486878        1.3048782957295169        1.0310282026608129       0.98727555527939581        1.2667656858945913     
  0.17642768202015488        1.0888262720623088E-002   3.8383032121591630E-002  0.15761112352529036       0.18031829031531890       0.17442374938292432       0.19018385557557818       0.18593785588866618       0.59738834556251774       0.31601141967981833       0.30661538992805226       0.10973635048171926       0.17061634725383587     
   1.0208622874903079        1.0593164331720375        1.2499298469326143        1.3879689499231902        1.0748939217384776       0.98731112039964419        1.0453400905199532        1.1256644890260206        1.2568634400812129        1.1075330309117135        1.2196489594087738        1.0227921744756689       0.94063169988042117     
  0.19411786143148807        1.2287013083954509E-002   4.2845217975178325E-002  0.17075678152342721       0.19581578652358347       0.18799178286727000       0.20170104407645675       0.19864893901547162       0.60690400052191229       0.32377829591207880       0.32103348455779657       0.12126258176123700       0.18703042024920682     
   1.3395486900621050        1.0348885670321559        1.0715956255727364        1.0474301784868585       0.88985877004285530        1.0089565251216610        1.1018511991451689        1.0309440045135951       0.94515915783479898        1.1128248464983559        1.1597663698192506        1.2821960749489827        1.0876148437355346     
  0.21088167932767621        1.3702837255102270E-002   4.7350181956612516E-002  0.18275326055812616       0.21156127918248949       0.20140069425974144       0.21308839845803820       0.21111558635171090       0.61621254210349141       0.33128093231122091       0.33463158442054797       0.13327316272835224       0.20373793502017223     
   1.0613611016128752        1.1229487320335487        1.1906247323517778        1.0803188770185292        1.1801205538531718        1.0501079852661108        1.0500215576486889       0.92419258989521325        1.1250125428648459        1.0825849416746254        1.2133049447741489        1.2266541270227316        1.0038437246014109     
  0.22726335925608410        1.5083185007818592E-002   5.1864054514293316E-002  0.19496533195345928       0.22717168516060310       0.21320454197427346       0.22315627803013754       0.22348907894179540       0.62563116468364599       0.33867326361193162       0.34762887518986074       0.14648355362467913       0.22114705134113566     
  0.93889469256236635        1.1047751389308829        1.0175340419299708        1.1009472365339039       0.90701908724470826       0.98159403845052551        1.0569566288991339       0.83946530204983916        1.0382058339438409       0.94892579727679882        1.0904900401063848        1.0636755674234222        1.1181385860767687     
  0.24277041756176265        1.6497368664326557E-002   5.6311232440581470E-002  0.20807916283329389       0.24295582135375787       0.22437572055134808       0.23182284323756061       0.23676910004757840       0.63496065934606771       0.34654219178330853       0.36081745443745938       0.16024415141541412       0.23842610727027153     
   1.1971836039906658        1.0882078789145151       0.94383139802016025       0.98829887980160513        1.1185305814028281       0.93405737917648513        1.0031174205724154        1.0010969677320449        1.2134025752120956        1.1442859132799519        1.0786833061576120        1.1974655827636906        1.0119466206717445     
  0.25857771600475188        1.7973308112536307E-002   6.1369983066204122E-002  0.22195670744338497       0.25881998065011519       0.23752507956475175       0.23959646120924005       0.25236824373108319       0.64550072335104725       0.35429131795244095       0.37529472031575251       0.17304656091214399       0.25410871678288910     
   1.0640237187030226       0.93510138631886663        1.0488911368957714        1.1799832935238106        1.0506925811959587       0.95731338333260185        1.2323998519926205        1.0134742356096227       0.94416034218126399        1.0085324124580928        1.0654449719689676        1.0256562361236981       0.96287374243207857     
  0.27564472997269912        1.9527535902118021E-002   6.6606171938179554E-002  0.23605447395066637       0.27421032735235051       0.25123117066755923       0.24740362203989710       0.26780160942917819       0.65592263930899941       0.36155017231104769       0.39046230272778060       0.18410337836969090       0.26704626587379948     
   1.1065509247814094       0.89353000650200942        1.3053720287608870        1.1924737478395377        1.0557629106919744       0.89684006279973949       0.93817040286501585        1.0577151192882566        1.0373699278142843        1.0427306020910994        1.1114817455434598        1.0828631960675885       0.95889339988165856     
  0.29537790576283451        2.1276575128510236E-002   7.1996997729085938E-002  0.25031912690373753       0.29003399073955499       0.26537901911665246       0.25560869567863986       0.28292485618599827       0.66614276542435513       0.36863560999391110       0.40463323265359091       0.19440825104288206       0.28129909890446597     
   1.1241258983244837       0.93237461135113220        1.0969057611204498        1.0831970564528171        1.0732390443400357        1.1893655649336254       0.94863870497930525       0.94660582234105206       0.95527094831130543       0.96523897659131541        1.1125452606577069       0.99397252271242598       0.99779590299136522     
  0.31508436160793479        2.3277839639105749E-002   7.7714165793548326E-002  0.26364235223024129       0.30432763642460331       0.28276281792738223       0.26370647768589522       0.30083863507490816       0.67604885025036232       0.37558005179312753       0.41678759459251469       0.20489153468467752       0.29801020674230461     
   1.0016980393053418        1.1734548370177891        1.0654049958264074       0.89201109823362146        1.1380508049281970        1.0906994807086350       0.83089296236103805        1.1384056100553726        1.0634216931770899        1.0908894997159531       0.93048246500815279        1.0797904409954053        1.0124985433234417     
  0.33182169377754978        2.5418412339431720E-002   8.3529970563377021E-002  0.27699250635689637       0.31776329065197401       0.30153607526352144       0.27147065610725385       0.32037315081709755       0.68534112138076086       0.38234478898100871       0.42828986618901493       0.21627926663725611       0.31643461798534966     
   1.1872494676232996       0.94866351371671320        1.1219640389737231        1.0134777910082218        1.0129399326840052        1.2193387425448083       0.85047461634860289        1.2557512757657876        1.0691582019296535        1.1341885878215301       0.88973243225080356        1.0009216862521457        1.0633452094461191     
  0.34715034195096972        2.7745268565421085E-002   8.9746118976274741E-002  0.28994124269543214       0.33205344156693278       0.31989597376338225       0.28031305783824279       0.33912137201003689       0.69487500832541937       0.38901364859714754       0.44111183325560011       0.22923478914927442       0.33420841496076081     
   1.1695929096640409        1.1206485435714790        1.4453541972825481       0.98368232529155042        1.1959655430191247        1.3916476782594032       0.95670304251699223       0.89508310877148523       0.87936199462892151        1.1627513554499982        1.3426469996633266        1.1462858739587258        1.0735757186966448     
  0.36032433445272177        3.0362862040044302E-002   9.5955165005359097E-002  0.30336368710352746       0.34727059635359236       0.33812597134962186       0.29075713262254971       0.35788851771284164       0.70395637045434589       0.39581294849779725       0.45551587002501442       0.24380859542543618       0.35121139195877582     
   1.0222498439809615        1.0449228102260717        1.0929514612377098        1.1231218442129736       0.99186009135957243       0.98813841022597004        1.0485855539020457        1.1090379360567406        1.1684766448476556        1.1055652166530772        1.0352146949552448        1.2401186877847064        1.0115057119295603     
  0.37361764776174855        3.3363858921135907E-002  0.10271202879857251       0.31819239893163087       0.36387274115623919       0.35497576556002980       0.30093101613500084       0.37525369373858675       0.71270019120596839       0.40252441537250921       0.47072717064774161       0.25826978881666213       0.36768692867663616     
  0.91290269320695938        1.0368852679352805        1.0650142542935397       0.97727598504448066        1.0978807334659608        1.0047236816599434        1.0447070380709689        1.1218519583322610        1.1782900425289280       0.97636057119193309        1.0611178800141188        1.0755622873307316       0.93222814137888277     
  0.38844037316622426        3.6811985914156568E-002  0.10884876932234744       0.33332528215904722       0.38074114216817734       0.37318865653579797       0.31202979730282654       0.39099227175531648       0.72139890002454277       0.40916214638063980       0.48528624286789585       0.27331193507339457       0.38374826991401284     
   1.1582106373675261        1.1405433278324875        1.0379711251289381       0.86626177467123855        1.1472115515844974        1.1481416725003426        1.0158863389103003        1.0241035760418939       0.90957752326569663        1.2076638694265514        1.1239374903547921        1.2533198651212150        1.2831345813290105     
  0.40432421308041089        4.0265654726987309E-002  0.11512555757509291       0.34748852236792427       0.39590321341571394       0.38991885897186235       0.32396370479961817       0.40565190588107097       0.73039080669661904       0.41569851368866645       0.50107289046208048       0.28775662182513212       0.40087201115885451     
  0.99225981232913363       0.93533300445504652        1.0784671841929345        1.0412643031369755       0.85397689801221743       0.92990265382337789       0.99380469009111916        1.0305524394524372       0.95856947531573578        1.1511258152174486       0.87615306178565799        1.0296193412167709       0.89646756203453126     
  0.42043308530161494        4.3589740821753299E-002  0.12182630150828454       0.36049399366370050       0.40944442652664020       0.40548307001886563       0.33598579513144367       0.41942058028055362       0.73882705590582531       0.42178633944299526       0.51594934757315891       0.30162338372841579       0.41855973222263704     
   1.1486820413897880        1.0547330419241578        1.0437981363640894       0.90743971914093047       0.86279937310937471        1.1292886971705778        1.1051483543402911        1.0632094466742275        1.0409252099204325       0.90397951434810120        1.1587896929034542        1.0996661927556690       0.84797487314535280     
  0.43689249305012612        4.7255620351666423E-002  0.12904578065606762       0.37209547146421962       0.42274442253076822       0.42131438342246025       0.34877775397980237       0.43233272567324443       0.74737594679755048       0.42745571316156800       0.53175733001828140       0.31613732850277754       0.43591198028379780     
   1.1114126177320065       0.87656723641491685        1.1207243232292712       0.94172095659116539        1.1040118168581998       0.97552298926251146        1.0947456437339245       0.94474894664735476        1.1739919710337787       0.91090839778097044       0.92820145068812465       0.83735801823063849        1.3354207131989368     
  0.45433906341175523        5.1302317274056368E-002  0.13640759707103395       0.38572505269251306       0.43656776616021570       0.43636782012269526       0.36192229488264488       0.44477856025655049       0.75505364366556893       0.43314217185623621       0.54815837784519672       0.33243038162217819       0.45178052245432215     
   1.2471137780724511        1.0429667330838666       0.84972903726529836        1.0491244666100790       0.99918088823539020       0.97634752447341799        1.0814286396379464        1.0471157254189178       0.96534868551634845        1.0719860459991430       0.96796232456789000        1.1171050083856622        1.1435941705787864     
  0.47266057105910841        5.6043642222192012E-002  0.14418444573341194       0.40020714389718792       0.45141221651923746       0.45482360028173308       0.37531036403966639       0.45894603623094204       0.76262200929070867       0.43921225850067508       0.56495711410805971       0.35060266919600247       0.46608467402172904     
   1.2572899781191045        1.1668151355942242        1.1356288597757878       0.92918410634597204        1.0225091290167818        1.1841669659513430        1.0362237995705319        1.1804492735482877       0.91483332932401717        1.1402725966164713        1.0292743549310441        1.0270987539934506        1.1059298941973339     
  0.49104004700037773        6.1443457602357331E-002  0.15277044044969573       0.41463013404983773       0.46847102499456428       0.47051228033713827       0.38717780165179233       0.47329510950390252       0.77053497373260793       0.44586307663746155       0.58379685433937334       0.37023206931090247       0.47971578492385308     
   1.2294055357092621        1.2025491777832846        1.0111300314013312       0.92118360271969735        1.2464211997634045        1.2123891695111828       0.90241009678349138       0.94432468731513342       0.91336050445346795       0.90509715190617968        1.1289970795458861        1.2642792806436653       0.95778306585661599     
  0.50960236917764190        6.6578791662537898E-002  0.16133208831613766       0.42834587732659229       0.48865504501239393       0.48556837948834342       0.39909768841708126       0.48745173305477141       0.77825233963185125       0.45236279703256438       0.60277383134040419       0.39018232084518362       0.49305941754161697     
   1.0365166212299763        1.0464996781437406       0.97619613060127364       0.91461146384834757       0.97832825105577303        1.1279202806991269        1.0113724619815836       0.97672910204801999       0.97413006012428638       0.91934621585042342        1.0928616082720548        1.0086402448384983        1.0015056510343567     
  0.52722886955027437        7.1710778657729346E-002  0.17008037947853458       0.44259421551059025       0.50499900902221773       0.50074640251795810       0.41045050656462923       0.50162683366177763       0.78543560551075131       0.45863927177033764       0.62061637272702619       0.40922661300553387       0.50814962562571830     
  0.87091364668205773        1.1402963070283199       0.98327675585077934        1.2825541832019745       0.95701727726170749       0.92666151182761414        1.0041028262679961        1.0134377770054157       0.98035974619460697        1.2240848568584084        1.0348739434257035       0.98018421116861709        1.1402163014917270     
  0.54370412745939600        7.6920322691703652E-002  0.17850255637473772       0.45884122449037473       0.51595785263801941       0.51680003699243993       0.42178452195396043       0.51954255765582003       0.79281240771236872       0.46494971295970411       0.63730753475289081       0.42769095019749698       0.52463233843637513     
   1.2722296972506559       0.94151682559906580       0.97350707541713599        1.0943596209373370       0.96552903367113041       0.98543037819638923       0.99719449984857378        1.0843746437296591        1.0735902979566367        1.0941841947663509        1.0533177942983731        1.0807780661401796       0.91896300915612650     
  0.55935395926558062        8.2542515412439177E-002  0.18754527640842800       0.47849472433444329       0.52986477812787280       0.53439461970815572       0.43331739970475985       0.54004339636874643       0.80023861132352847       0.47081531203069921       0.65469023182440667       0.44651217914175845       0.54107489640823192     
   1.1126295512063711       0.97911139382667356        1.0513072956181353        1.0938807971518805        1.2316547392495059        1.0829010100916379        1.0797347074587580        1.2820477389345437        1.1902990978485437        1.1032568646693166        1.0142033248326232       0.97712752563619687        1.1611232928089890     
  0.57451649801378357        8.8502506340097029E-002  0.19682376196477575       0.49890809051338014       0.54487371026436959       0.55211655299002416       0.44576188661597127       0.55927836208119630       0.80804325027771351       0.47613902759394716       0.66590251100815079       0.46558670105787753       0.55712924850384149     
  0.97862787197588219        1.0351906492197627       0.94057737354593285        1.1406618406052720        1.0289731083114428        1.0605528901585566        1.1482169596810718        1.4966264428809855        1.1716180290922684       0.89099092217196740       0.86688497393965736        1.1716720234385982        1.0738201318158287     
  0.58816976715817826        9.4921033510521141E-002  0.20730826932492935       0.51990129858153311       0.56125639178077746       0.56946769893148874       0.45834734349247597       0.57922366789146751       0.81509297742025100       0.48190699567146222       0.67742851674683813       0.48501491338759328       0.57326974505868245     
   1.0026984469663729        1.0881749934210898        1.2122614161506404        1.0884135616543609        1.1432985911391076       0.99046196859864843        1.1125046163988235        1.1543661830604646       0.90314812706687186       0.97708328106614417        1.0140869693838250        1.0341557580524068       0.94907024164641351     
  0.60058962212447109       0.10137460174515729       0.21869057110729573       0.54144444232551359       0.57725933452708678       0.58645874206891146       0.47086762627203699       0.59841053900357843       0.82166574549344173       0.48846516605888984       0.68945222625562586       0.50447834439087358       0.58882368223630410     
  0.88565291760944453       0.94608146605356991        1.2314389962112089       0.92716725738466332        1.1247507323226191        1.0586090047282897        1.0018186852328792        1.0192421813479802       0.98720464765075311       0.94685386097863711        1.0418919570854508        1.0495150107000504        1.0066507975463388     
  0.61135233874245676       0.10837808330052208       0.23059867975723650       0.56323345390914570       0.59205476538741042       0.60242372506502462       0.48319331398845244       0.61813820701871347       0.82819969975521401       0.49514011370836308       0.70309716407320721       0.52139288780079074       0.60387706576337086     
  0.84286292777388194       0.91296285577050740        1.1891705511487261        1.0222268194913695        1.2946722542020188       0.96947957586684019        1.1398009891930989        1.1779015788480811       0.98325968198848301       0.94690911754912366       0.95504346700158815        1.1079746874555640        1.0095120342419455     
  0.62253091957554441       0.11586757234645496       0.24331864456918420       0.58420746485319375       0.60582280576745595       0.61657767382254236       0.49567180387407450       0.63616080991240287       0.83460579113956890       0.50165863135697275       0.71712374168063497       0.53485610285131813       0.61830496436866089     
   1.0189014055909984        1.0709191950260912       0.95590884118821362       0.97481565756329425        1.0953982565552256        1.1375644653561241       0.94320854061451298       0.96419583897676497        1.0468350567048876       0.93143135591577886       0.93313547791831042       0.85978975088630027       0.99150084112746106     
  0.63519802829162686       0.12478981058755402       0.25673566657888797       0.60395717351153089       0.61951119430815493       0.62970570518404145       0.50872857178348341       0.65152066247818929       0.84097453919907572       0.50783269046194202       0.73101255702243728       0.54933737812786820       0.63300267217614670     
  0.86983939895488371       0.98243471103604407        1.0775547900420506        1.0292285928857299       0.94767953373106018       0.88313901389388205        1.2243379950019542       0.90892824186665355       0.85925463795906432        1.2629691890967756        1.0637704844878759        1.0795784056838760        1.2524277196312974     
  0.64996610832057422       0.13434688399341807       0.27058237274359620       0.62362603910377279       0.63247354002881540       0.64240066921646177       0.52199034895700291       0.66566573843599441       0.84736947658233985       0.51434816710173403       0.74514062684592686       0.56479923476645544       0.64877652384838480     
   1.1518613779893252        1.0415051677289333        1.0054646919588699        1.0005321059600116       0.93002727340807068       0.94240481507766016       0.98833848082416442       0.83862198008601019        1.0781805120742640        1.0615078702762475       0.95487749968133584       0.83196047340526358        1.1690883747222487     
  0.66344312799785987       0.14732101592478450       0.28440359541905486       0.64071269722899560       0.64547424901885930       0.65488531745558898       0.53535287041854751       0.68309800843195190       0.85379152728071106       0.52078965451148318       0.75977084675434392       0.58222559388223383       0.66549466901367871     
   1.0611428630046364        1.0215464564755214       0.96699455603834161       0.92091359992058897       0.83847501399252722        1.0921702264195154       0.88340542796383192       0.92850589411619622        1.0720711589775225        1.1835370062525785       0.95942384617881815        1.0047409854872591        1.1414509048729196     
  0.67867593140994376       0.16057570254979220       0.30009772347554980       0.65491926007776913       0.66039550588499019       0.66918929829762797       0.54832705156508266       0.70103709828870919       0.86027380482574578       0.52673862144342121       0.77456565244404629       0.59854059459511366       0.68331302749757872     
   1.0254553023168000        1.0191459344747544       0.87737589504375091       0.92236682393088987        1.4712218250786362       0.88969813567000178       0.93022533592523982       0.97215469166843438       0.89339712951815808       0.92609773742701706       0.89050288280933609        1.0693930447583213        1.1645988406396131     
  0.69563233134817248       0.17519809960946076       0.31740071761187200       0.66823673312942389       0.67613914563478317       0.68699398816440860       0.56112387957312659       0.71808374843141543       0.86720493404198284       0.53320657515798131       0.78917242370193386       0.61436508000146739       0.70197308482985632     
  0.93099170311564083        1.1590719136601100        1.0704962970859206       0.94737328924521591       0.89002895079984912        1.0174166684803043        1.1000484504893628        1.0475808780573865        1.0013790978627028        1.1068351542450872        1.0274167805903904       0.94093985498652433        1.1029298925006559     
  0.71016906216049080       0.19084549084735303       0.33478980055920071       0.68203391492488730       0.69297144463721694       0.70178125378945122       0.57422489634129448       0.73359760986429412       0.87449103035911824       0.54085461257513079       0.80166781452965852       0.63035991129013957       0.71915085348204411     
   1.2015325280544036       0.92562767025962500       0.94792815760257443       0.95019737330094844        1.1532709024596213        1.0510578654152671        1.0640741746745159        1.1815101192054038        1.2574332088322411        1.4638613073838347        1.0691237460472605        1.1299332899680712       0.93907204631623908     
  0.72670184819154271       0.20945311364440522       0.35237544022441858       0.69744761206272965       0.71114502970858384       0.71740884874363497       0.58759281946329367       0.74791651692217520       0.88131392981048284       0.54901133068129260       0.81371688046870971       0.64534380573827976       0.73560899303054639     
   1.0673383389068205        1.1546139705001714        1.2688730807252286       0.99102060606559983        1.0290290589085700        1.0195344960977801        1.0665051074808698       0.96190142977164539       0.91461146384834757       0.98450097684302373        1.0851650419015813       0.88380131055094391       0.89739825131826989     
  0.74326007860136778       0.22918458637624597       0.37124003698316421       0.71405537376587447       0.72915636125606087       0.73498798959722400       0.60164910498300861       0.76145140034901715       0.88770777232805109       0.55739892865193119       0.82618359502687611       0.66099262012283255       0.75221588908279124     
   1.0477285534588061        1.0491042325084212        1.1076627826827419       0.99607263046821837       0.95874643295615114       0.99001488583593622        1.1460978831146598       0.85470253762725101        1.0320061145774297       0.98624892127867847       0.95969895370678771       0.92463105795917599        1.0364873410330036     
  0.75796592069632152       0.25070818255748456       0.39153989177412174       0.73093735814354510       0.74652819230305145       0.75445432431727621       0.61587657592001033       0.77667476407473601       0.89384224940484225       0.56544317511174413       0.83935435054127949       0.67585155626989102       0.77085557975304708     
   1.0643354317728133       0.87887739632020634       0.83264024122015090       0.92773624267187593        1.2014948335657858        1.2367736648126579        1.1037541967075151        1.0466459974492517       0.97021322132745247       0.82743145422057274        1.0579266616842642       0.92916850530033157        1.1664691115271957     
  0.77331219726893774       0.27341787187412392       0.41344860443524806       0.74869958827596794       0.76292354748224944       0.77369475405539134       0.62904259815091257       0.79274858634140999       0.90031006120323109       0.57360372189244557       0.85249399544477789       0.69067250437962635       0.79147873059204377     
  0.82970400866145111       0.88223968285603482       0.86959886429137723        1.0259209514903675        1.1575716723337852        1.1947870431503571        1.0937621550505761        1.3418578863046657       0.98809927313013857        1.0550826009510668        1.0611854936366640       0.90469338497040919        1.2368952152988002     
  0.78721610065745573       0.29895562212211407       0.43655926235182313       0.76751848255761235       0.77855958631610622       0.79169836576573083       0.64258844834899920       0.81041942890044938       0.90734188210680000       0.58148196821390041       0.86477286016748312       0.70644335352069987       0.80967493066382301     
   1.1356840694400194        1.0200871362524673        1.1789907599244074       0.97190022090468242       0.95732519924111059        1.1696061475619346       0.95108138588632196       0.92537950811081304       0.93153266798835765        1.0288510956501513        1.0483943387035275       0.93685602279718005        1.2507912090423621     
  0.80306258115451690       0.32579165535657262       0.45963555845140941       0.78673984292497112       0.79380356936042540       0.80937506393452385       0.65544068608444050       0.82577923666694875       0.91430630787919687       0.58968261186318871       0.87643096783293306       0.72523350916447893       0.82368647683510043     
   1.0274327056746244        1.1264090423194204        1.1643799865705031        1.0728267136216389       0.95780769800616927        1.1315849102729680        1.0338045869362731        1.0398278044036304       0.94010174733598673       0.97290203846965195        1.0371416431327196        1.0809836864387767       0.99549623014022159     
  0.82020983924956448       0.35365158717933204       0.48405059588085608       0.80601394173580776       0.80935107126127426       0.82710840513026573       0.66873634217942590       0.84006766622286899       0.92117959061663379       0.59841178132275008       0.88806029224286043       0.74634265982076176       0.83766712489550588     
  0.93336343428014390       0.93604224769424738        1.1127447190452497        1.0295613851049759        1.0733062819354102        1.0636007671153562       0.97368303283515734        1.1855449744385556        1.0673335889885083        1.1985009390855019        1.1752968809337581       0.87366774392283753        1.3474853457284728     
  0.83563555572584003       0.38402591534069125       0.51042405434145799       0.82451648553050771       0.82526335523482086       0.84088030925054813       0.68388619837259457       0.85338560611635339       0.92793730496011262       0.60820104698449107       0.90040683412572375       0.77053841108776466       0.85333071167922547     
   1.1021838820720495       0.89877628164564405       0.91513121030875011       0.99635538711368254        1.1104031032932427        1.0011601805579164        1.1032232850456445       0.99353070311161407        1.1011120807997590        1.1265324929662246        1.0241839087824156        1.0156008204169094        1.2913446059278926     
  0.85024536946387541       0.41842653156609960       0.53926114323497731       0.84244505213988630       0.84147984781058416       0.85355444507483136       0.70023804401235423       0.86700003622647803       0.93469722157028035       0.61938904956358964       0.91320513183327601       0.79322786130599854       0.86766497355391881     
  0.97142861799509239        1.0897389994033826       0.98585692665954805       0.95872449344965338        1.0295069961251591       0.96883802699351995        1.0474740592750078        1.0770344077523084        1.0805494091969898        1.2046217258915168        1.2703031119689714       0.97142798767253602       0.97932808092336121     
  0.86828174035612760       0.45425036605662372       0.56975184688072422       0.85984401473716721       0.85804294950578530       0.86619266368310610       0.71715475658424355       0.88180664908307249       0.94082066641840900       0.63112018568094785       0.92555768813070216       0.81409759332725284       0.88115098737453956     
   1.1388594226922906        1.1150750770413644       0.78321868411566853       0.95949741585979553        1.0985383939277085        1.0104784966472382       0.92810838410778740       0.96443808015855603        1.0328096529662179       0.94664526035881080        1.0247848521033225       0.99551508339434580       0.93486960769348404     
  0.88763909620576986       0.49208661730260428       0.60193200628671595       0.87680887304940169       0.87446795567741775       0.87987953089411586       0.73509371026847792       0.89806528923016460       0.94623234766676068       0.64260134628060095       0.93737265727944274       0.83646339136414183       0.89283950272848844     
   1.1043894605643247        1.0001325673758823       0.98630260409202719       0.99719761448627131        1.0550623982926328        1.0175340419299708        1.2037381109576617       0.95717646077956864        1.0081131390004991        1.1272185489211155        1.0372226359109400        1.0059001197991515       0.84677516733796865     
  0.90437209139950792       0.53593053824872761       0.63922068324351589       0.89470720718592345       0.89302209168938751       0.89421050913591027       0.75449235773507184       0.91415940532608386       0.95214236925960749       0.65395715695116263       0.94886626778395133       0.86013811460665879       0.90567330541920599     
  0.95793879224775358       0.91539722873347362        1.1102609765103175        1.0334231843603321        1.2355507146777245       0.95565932120816255        1.1178330246639467        1.2491623654817923        1.2948835848399378        1.2089424115517622        1.0861577385101167        1.0888179780125873        1.0859808129106259     
  0.91874209332854362       0.59145900470573987       0.68074100617887578       0.91386426689250133       0.91308388747821490       0.90946479590598350       0.77591001651914560       0.92950342931820851       0.95762861457786730       0.66639312262389216       0.95900786462475074       0.88438640490824794       0.91846281706708444     
  0.84412317622873412       0.94123806092244211       0.95623533284713247        1.0646495034447461        1.1899491067430124       0.96485846323648550        1.2224097919874064        1.1232868212957534       0.83229367100324869        1.0388857005069463       0.94385601446097844       0.88324595256688820        1.0753953706571433     
  0.93267210769787579       0.65684096735187347       0.72920201240887372       0.93359914238527597       0.93255567276465845       0.92690401757995289       0.80101122058535346       0.94503410124939424       0.96369569026269097       0.67880199996551238       0.96747344352400788       0.91003972937024680       0.93256622059714567     
  0.91478528453294794        1.0794244204726871       0.87302865656587647        1.1422552996371758        1.1756900978865654        1.1773886318628000        1.0108301325800848        1.0593004467434721       0.85755853233473456       0.91464919346991114        1.1331969509420121        1.0238220149443966        1.1370814142585230     
  0.94737740617678734       0.72048850528368202       0.78484629607518497       0.95020096070528104       0.94956872472781428       0.94481647786524237       0.83194169554920627       0.95770133260774570       0.97048210982994487       0.69883313650481460       0.97577607372970088       0.93607089267537347       0.94901403471275780     
   1.0531387602487645       0.91932739010777775       0.94431587144850182        1.0273275646727704        1.0731082543248140        1.1644150247588005        1.2115276179088887       0.91347279362941991        1.0834800784453769       0.99278051191527605        1.0193313277594391       0.98719239458257246        1.0726957719320664     
  0.96426450437412148       0.79006738216441974       0.84439853189803737       0.96691562593486968       0.96677306289156328       0.96351518007377557       0.86912600007861551       0.97161689261332496       0.97744435026574794       0.73260073225047562       0.98351428233780214       0.96022459335047716       0.96717198878100519     
   1.0297306036968721        1.0947489446826739       0.91342153389267466        1.0769013698865617        1.0193455132022091       0.95428797108824548       0.86083031058071613        1.0128180900699526       0.92348584437292458        1.1043168456226893        1.0115549592619424        1.0009678638053394        1.1643281813941220     
  0.98268920685519767       0.88193829516159716       0.91804552735548461       0.98302938937731144       0.98265219765971668       0.98221301796150551       0.92242588278818249       0.98599227886806162       0.98693794236268673       0.80179886178869730       0.99162016664456176       0.98007406807997399       0.98355748377842689     
  0.90676619444012541       0.85973437805448993       0.93044458512589590        1.0931942756215041       0.99139806223036753        1.0135615499203794        1.0436998691761334        1.2075060719610649        1.0074542368263049       0.98674280877935139       0.95414002154528144       0.90927393492295550       0.97242935013817544     
   1.0000000000000000        1.0000000000000000        1.0000000000000000        1.0000000000000000        1.0000000000000000        1.0000000000000000        1.0000000000000000        1.0000000000000000        1.0000000000000000        1.0000000000000000        1.0000000000000000        1.0000000000000000        1.0000000000000000     
  0.91674354891703425        1.2774233603842764       0.96272825774173809        1.3563266711584276        1.2169210128852379        1.1522084089266402        1.0534032257144963        1.1160079176994422       0.93870393139023511       0.89183826893134022        1.1593615337284080       0.81775367569444113       0.96810333184881070     
   17.255035647413418        10.071898689309258        13.069034844968712        7.3662143653948258        3.8845367814962675        10.275991649161741        12.798996065981717        6.7094790689317998        5.1187415402388119        4.2481708503704931        3.7065150332132291        11.355718267614224        8.0923429199181243     
   4.1185931530899014        9.9936892352064941        8.7556830818577556        4.8031292053274148        8.6708679422148478        5.5546348088179984        17.508650217577820        6.4725733533313647        4.8778689758659057        4.4520025355953221        5.1887123133846043       0.10831315861413354        4.1078324174600738     
   7.1703543594025394        10.166915973119334        3.5320597458233012        2.8817493118517117        4.8055159807906289        8.2615158064743461        5.5290436374785603        3.6031949776255194        8.4560449839800746        2.8088005517056462        8.1938873079817363        4.0635177065436672        13.633901798087258     
   9.7263782221100694        6.1772121056216331        3.2140616871765539        1.7272998063476785        13.095747296975837        6.9770721336333228        5.2227592434792935       0.51241104489072187        6.2206636253739997        12.638532859450136        5.0328180710267647        2.3079381642985815        5.8670240579299406     
   7.5593573090942190        7.6580621384524292        4.5554561164921736        14.080770395472445        6.4865672565799786        6.5150307932338638        3.8861821048273781        2.0899002903724710        8.4892725768775499        8.4556638261418318        9.5417376336664770        9.0418193262685485        4.4732383783113185     
 -0.23161860801016965        3.8534420737445800        2.4974783622089829        7.6772424552750902        2.6435138481404383        2.4926121575968265      -0.16311083149389813        6.0000827837792867        4.9569546920976197        5.8184366108059082        13.402813033369041        6.0546250155347012        8.4221725588808969     
   4.7292018788045720        2.5481801797651480        5.0615342278524613        8.0697382055372877        8.8843443909920961        3.5309924529223697      -0.10349797563341587        9.2046209832757580        6.4439354567427047        7.3574842225790116      -0.18854596457110345        15.246002595023180        5.6277239238640790     
   9.2469966067265794        34.241355287005483        1.9810070049723301        9.0591513762360556        7.1540448006321355        1.7973963541716997       -15.636053256504999        11.273033368756472        12.289795087582982      -0.90404634881184764        7.6211144901326628        4.4903432962851273       0.88360596333756936     
   2.1407104274045949E-002
           1           1           1           1           1           1           1           1           1           1           1           1           1
   4.0768615226591781E-002   1.6150247823046956E-002   9.6939370611849682E-005   6.5780489448284838        6.0313655989956009E-004   5.9680735384538170E-007
   1.4529678932463954E-003   1.1662466073200058E-003   8.4760843937117193E-005  0.65864105355498215        8.4754252487533318E-005   9.0951800995585435E-008
   5.0000000000000001E-003   7.2490406920310209     
