   0.0000000000000000        0.0000000000000000        0.0000000000000000        0.0000000000000000        0.0000000000000000        0.0000000000000000        0.0000000000000000        0.0000000000000000        0.0000000000000000        0.0000000000000000        0.0000000000000000        0.0000000000000000        0.0000000000000000     
   3.2586022707708888E-004  0.14910309037604150        1.0628346394182602E-002   1.3637875840683421E-002   2.7201320764708183E-002   1.3591474320487120E-002   1.6594347633058063E-002   1.4424648246461544E-002  0.52130665492099337       0.17700072332408653        6.4032496832330532E-002   1.5260343203525102E-002   1.2401115618930064E-002
   1.0432400584786354       0.73194131619960889        1.1149315298070586       0.96856793803120922       0.85792607087610095       0.81832880422053700        1.4483830850028399       0.92247630061186858       0.77202687030267381       0.75619301436082043       0.84027229935911740       0.90594300636130765       0.89272893100966644     
   6.4854359264278642E-004  0.21836161521425057        2.0560664178664836E-002   2.8632354195480519E-002   5.5321081917371444E-002   2.7909579126781329E-002   3.3264647091849946E-002   2.9486349608326502E-002  0.60088989134047532       0.22378231846430485       0.10768711268543898        2.9833957528481999E-002   2.4829902711407205E-002
   2.1097859848675418        1.3390908378055286       0.95758064435047952       0.94425390057335923       0.93608655949584008       0.99491808659136149        1.1262616922666371       0.83379273021417366       0.90611844417270371       0.81193859196896434       0.83879572356539711        1.0232576734370180        1.0492946699249004     
   9.6674416984765662E-004  0.26725906911909098        2.9989570256138548E-002   4.4607738615398886E-002   8.0702015450613729E-002   4.2396264831186810E-002   4.5414118149413624E-002   4.3439977851356983E-002  0.63773698784311050       0.25204921725658913       0.14487541090308409        4.4695183312755467E-002   3.7213985397400132E-002
   1.7128517608236551        1.5054197339837510        1.0543512300398288        1.1361233248481346       0.92440965589642399       0.87407486783528765        1.1788371848871906       0.91871195609222267        1.1525731236143559       0.95971566613892656       0.88753640711002446       0.96268104763747342       0.98292187691335464     
   1.3029259681788172E-003  0.30359435333455481        3.9280321986803410E-002   6.1471374569474276E-002  0.10595251366495027        5.6375112751466581E-002   5.7165422012538838E-002   5.7656116879828842E-002  0.66449313090391560       0.27373709539416480       0.17595744033183172        6.2086887206105265E-002   4.9620320717243163E-002
   1.5936637230999293        1.0150932187569197       0.96480030309257614        1.1211127350224510       0.86689922851595169       0.96405025357768248        1.0862206170321183       0.98413641069060731        1.0431148812537603       0.95290508753678305       0.90807791624769274        1.2428774444596289       0.96973222195359554     
   1.6529310169009230E-003  0.33952835832680511        4.7743139964122314E-002   7.9288850622200605E-002  0.12937745906407899        6.9601592924058611E-002   6.8694310612389536E-002   7.2423493700067537E-002  0.68633890969866385       0.29153658436339047       0.20228772715725354        8.2664673265834474E-002   6.2742129517029843E-002
   1.4815792289855594       0.86510211200971487       0.93122216700256466       0.96514707954969470        1.1288750575154050       0.97846581710102976       0.88654469029378147       0.97185461553000330       0.91259426263545884       0.86823696208118539       0.93116330066591124        1.1640922266597615       0.91967940946039939     
   2.0406993490011439E-003  0.36935081081480442        5.6445693990162984E-002   9.5526568657824176E-002  0.14650524916007557        8.2076706510213121E-002   8.0568599536824895E-002   8.8736892367466264E-002  0.70811216769688601       0.30346952391216425       0.22320336878611433        9.9843035435145513E-002   7.5940434268438037E-002
   1.2460131166321393        1.0070697885108666       0.88670926216613621        1.0590357574076532       0.87781020433444878       0.94225552990768979        1.0689685049720095       0.78826926101656536        1.0639475196266504        1.0593988522111233       0.96075879584659152        1.0774423003295712        1.1619565473405848     
   2.4863611225241630E-003  0.39538603844078346        6.4579233977743761E-002  0.11204589311020613       0.16394353632286768        9.4177538928093163E-002   9.3005571874526113E-002  0.10612043711125763       0.72825819075851139       0.31570461497832386       0.24192982764939708       0.11392038101084960        8.8681067759287538E-002
   1.1250362203833846       0.88230687127038743       0.95071048286627502        1.2632978543857445       0.94134067593189796       0.81614745065671890       0.98223345772517379        1.0486399680442431       0.86543349570814299       0.84084401035814504        1.0308516763143207        1.1080832584981635       0.96963501504816685     
   2.9751127431312239E-003  0.41608718017616264        7.3509999653408500E-002  0.12756606046884028       0.18011583124538907       0.10704832529360681       0.10486829212520758       0.12228223785298958       0.74502211426242759       0.32630933018607094       0.25763612455650470       0.12843622789645415       0.10252850813462577     
   1.2404205295227695       0.78994352022429815        1.0191857380055185       0.89724586897938496       0.87608067263882794       0.95848914734653423        1.0415270274119344       0.95051978702709239       0.97419563542655163       0.98222501138598306        1.0168036215592102       0.97705989791546866       0.85046647313238033     
   3.5064487411584377E-003  0.43698559610573717        8.3103035129473105E-002  0.14451684697032996       0.19458606921052779       0.12048300208605954       0.11711551328007436       0.13748110406707034       0.75835194528036498       0.33699316483605513       0.27199401569245601       0.14371685390675093       0.11847475715373521     
   1.0681816396437571       0.72882639647836867       0.93112202609663308        1.1026320189950627       0.87079696253293637       0.98063513404341485       0.97224446897115846       0.94779348357249149       0.92904954488223446       0.94911149153325602        1.0139876181532066       0.81187640678220274        1.0017867699503122     
   4.0932113070671888E-003  0.45967939720607148        9.2763201802100806E-002  0.15880046357282818       0.20855617958377520       0.13445418067099960       0.12807881759425974       0.15102073156931423       0.76957107432410310       0.34712786633480369       0.28575330690498657       0.15933604864013790       0.13455670479846440     
   1.0865639525155408       0.83121502894983035       0.91050260726510357       0.91096625637751016       0.99680752537007267       0.94592831852681303       0.94827413720696352       0.82018863018049226        1.1071663403895895        1.1729322222767735       0.99532390466699794       0.94685535251895225        1.0276107547255882     
   4.7644539389329419E-003  0.47968282671515039       0.10242715001199794       0.17286682636025816       0.22233778163150456       0.14763302197398184       0.13965313023214912       0.16265102666121045       0.78076568368628618       0.35638303370205709       0.29891767806177194       0.17479628510367556       0.15109519306481464     
   1.1213206702518863        1.1444456825344589       0.83613462687404649       0.98189152046608186       0.81816797067487235       0.81958801098737688       0.96668979070071892       0.87209217938644679        1.0007608620722912        1.0109802025385910       0.92573737881743356        1.0273012024201531       0.88495112441479840     
   5.5250585612302543E-003  0.49763419604295717       0.11111661190833705       0.18788644531077064       0.23666980126262635       0.15998539828448308       0.14978879938722181       0.17498837453962057       0.79004952137333384       0.36493555039441944       0.31109497942094017       0.18980823736623434       0.16627696338887454     
   1.0320122162220386       0.90952765369610511        1.1160177309357409       0.87677102328154477       0.97743336712729090        1.1087384241323321       0.96502276956265243       0.96736715120887007       0.96110270403520137        1.0302013524429150       0.93801463116771511        1.0807220086942801        1.0107113381535056     
   6.3791487286530384E-003  0.51586161271231479       0.12054413196228493       0.20336568367066776       0.25185487507746962       0.17344215617685577       0.15939501733897779       0.18995309448625924       0.79858640858641128       0.37320405369718951       0.32236745180113119       0.20379067809121165       0.17921991401991474     
   1.0070219567937682       0.87290210239658339       0.85665754284864815        1.1382476623215287        1.0816787996456219       0.98299333452506277       0.90368847915806894       0.98825169885324360       0.87752056005191448        1.0271258857371062        1.0712538455559717        1.0147846667498401       0.89599398788929463     
   7.3040567404275098E-003  0.53418430578378617       0.12976277567689867       0.21765542129211723       0.26461289166070334       0.18788525942731074       0.17027476609300896       0.20403806588838524       0.80653365807681232       0.38092439472935896       0.33319653581391129       0.21782044144843743       0.19068922595976318     
  0.94024145151629557       0.87670782511968215       0.89801261278856670       0.90154988283148996        1.0115034707600665        1.2163208162468384       0.83681816893997696       0.84688525910181822       0.87718063481739772       0.79156921702364691       0.93792736537928356       0.82285017026475515        1.0167909254229615     
   8.2579606004944111E-003  0.55007144558872156       0.13963673332496995       0.23044415207844660       0.27675443899779401       0.20377156118893749       0.18226605421435188       0.21862037088336606       0.81438692075734276       0.38953378692850343       0.34384653390189773       0.23403611280219222       0.20202632636167467     
   1.0806841176871338       0.93636650425954504       0.87002471517878299       0.94369773194141948        1.0721397408568480       0.76361831083028342        1.0167417010245350       0.87558969085068494       0.98564793126323480        1.4249471477241062       0.96665077818283385       0.88526742811189763       0.88439452765444515     
   9.2280356707194582E-003  0.56302963933568961       0.15075389625634161       0.24245264116891013       0.28801020945099509       0.22067093918040395       0.19414899307032585       0.23308660534328424       0.82209167790009152       0.39832497526722782       0.35462803805708260       0.25013571152830200       0.21559273068277993     
  0.99840274985126487       0.86241176947352793       0.83172374242834335       0.83173161440857646        1.2397364055303310       0.99143978864045124       0.88502871465369948        1.0219309739294196       0.99952928239689676       0.88001239434575063       0.94153321643773669       0.86041146794112655       0.98128714680318185     
   1.0421663014944699E-002  0.57525527211288274       0.16276359315495142       0.25519803882734943       0.29859794428058739       0.23857646305384292       0.20594389189826462       0.24704058368840892       0.82995369789668394       0.40667998610317185       0.36606986782923540       0.26545678064545758       0.23065737305105388     
   1.0601875926855187       0.96145646058707634       0.94363559144575582       0.80814994842511989        1.0043697773733071       0.90156158100397377        1.0455533324000206       0.77145807075683170       0.94292433616372717        1.1114157891886480       0.81620819239629949       0.86507064464742989        1.1095397103755167     
   1.2263603591214752E-002  0.58815120027159051       0.17481748226320060       0.26988160127911304       0.30958094302309519       0.25664342348706887       0.21701923720336333       0.26025378860211312       0.83752229126277489       0.41576149373239246       0.37792831975441871       0.28054149977839266       0.24752665943099916     
  0.98384383237807183       0.90807712964007825       0.89245018710080271       0.84963465607784505       0.94025050763845741       0.96121972144483181       0.78593641223209265        1.0001458632021749       0.96378913750143869        1.2091214245637285       0.86883122047429440       0.85971011873516201        1.1261638737098854     
   1.4102157718689680E-002  0.60267440922602800       0.18701577260946803       0.28474208917424737       0.32166918310705223       0.27288003044911407       0.22939105693576009       0.27297119691231353       0.84510520900287833       0.42327780686348537       0.38939573049165549       0.29529942583032254       0.26455233177847459     
   1.1827191922630795        1.0572393055047531       0.89007146945285931       0.90128556056166953       0.80093007248730430        1.0325862111397794       0.89172512179460950       0.91559163360686879       0.89534614900534393        1.1018879108976967       0.98040239566375109       0.85890419360398473       0.90660244599432038     
   1.6105425057091879E-002  0.61702568842993299       0.19922277342858191       0.29909857980630328       0.33374602544859261       0.28948408184794794       0.24152417826165701       0.28618848158489368       0.85180102911015076       0.43003997737002608       0.40070525841190652       0.31047364881703560       0.28072318844122129     
  0.97375200681185392        1.2554019950063120       0.88040375397882131       0.90142506273903189       0.96973809761794716       0.95269804270560565       0.86460755195886629        1.1483818838311171       0.90976536380542217       0.87032653457297726       0.93380966074089067       0.88335137673369157       0.91615191303012666     
   1.7960672469235640E-002  0.63091401167300132       0.21000027695337486       0.31274167639907924       0.34501443889192707       0.30692198057384051       0.25429991597152535       0.29951132573182321       0.85786928284019670       0.43705539748198324       0.41230250772954263       0.32654989869923573       0.29592167663182972     
  0.92306291293919707       0.92042400370179667        1.0746754662787634       0.83238666380013493       0.85941174021773048       0.85619102685766291        1.0052483360965905       0.91064616811120769        1.0764176955108484       0.83189486583749428       0.88753911033443122        1.0452885306481630       0.88414962532621921     
   1.9920274836930093E-002  0.64209655126667864       0.22049292369149529       0.32627947274815428       0.35580910470402355       0.32459596643128347       0.26700930433969944       0.31309767224689955       0.86364510725637789       0.44425626336411494       0.42514532424354967       0.34263190922347370       0.31003947794289538     
  0.98575886256710399       0.93806303407534652       0.99441732063008181       0.90214462016782870       0.95560479669653942       0.98843892116902687       0.96055810321519874       0.83090558205137965       0.99598013442425193        1.0544913027555600        1.0054921093591258       0.96083538777031618       0.83544956636258327     
   2.2189555378611309E-002  0.65265288621549666       0.23146995116157454       0.33910767908195477       0.36659656400691870       0.34113777301203546       0.27832407592622982       0.32735233911388256       0.86963226346313571       0.45145914653881541       0.43883440638063848       0.35783825659119367       0.32437363154709975     
  0.99082668884640346       0.80270380304346933       0.93510800439568542       0.94333313449783962        1.0686201536900726        1.0942313236311441       0.89648643736350819       0.73227800353456596       0.91184293343731437       0.99943384938350577       0.99196412757473995       0.97659492613352061       0.89609453403186778     
   2.4923086907134011E-002  0.66476869328066668       0.24436257213007848       0.35216765736514100       0.37799020867069083       0.35792172574321734       0.28992282095187399       0.34023208875967220       0.87526935070133105       0.45897556820732932       0.45159472643206727       0.37343863147561362       0.33840574562941717     
  0.91139566775242142       0.95769822807693761       0.95924918516690794       0.81688327725301524       0.98588191107935652        1.0079349727526266       0.99603243069705094        1.0245781312255493        1.0226624979930365       0.99743982535219455       0.89634069942506378       0.97629551973409223        1.0138378102794261     
   2.8282105078338875E-002  0.67749240017890133       0.25900386028837663       0.36505952646692480       0.38858192686865328       0.36894820010904239       0.30213153821163241       0.35284883023175506       0.87942964258382006       0.46655410677067782       0.46413343533242463       0.38980240852451814       0.35210933195798327     
  0.94818550387060041       0.94471970737171940       0.97325575780665630       0.86601326125764999       0.88489649263209769       0.91035330944370518       0.91259280782386154       0.92068117762932877       0.91120585059411452       0.94060174106298322       0.89740869490023112        1.0311082251717558       0.93244219207230927     
   3.1805144145432514E-002  0.69022401408480072       0.27347805588663815       0.37979359525391809       0.39902080218027663       0.38122924469477243       0.31526276395572994       0.36584042743772671       0.88338696611847822       0.47377425801001738       0.47609056625833757       0.40644435349343166       0.36839886113254100     
   1.2119527345739820        1.1676807239151386       0.95909194052929170       0.92664666651531202       0.83614870786676632       0.88743095920221171       0.91577853794058028       0.82816929003107442       0.88509000828646267       0.96444607092707901       0.82328616492840845        1.1658956204734128       0.98154844054835022     
   3.5361888628136488E-002  0.70260469421526128       0.28782450456715597       0.39428079846493058       0.40844191041055378       0.39257805681176028       0.32928616475799566       0.37930867572548294       0.88722242965083165       0.48097900077635014       0.48751702337979225       0.42203364317327186       0.38374109891049935     
  0.98959994938921780       0.91422864281046934       0.99578161953523192        1.1855723034181196       0.85896295647506871       0.89763567595351978        1.2068200939694576        1.1435984582847525       0.97917177521772658       0.79583108752683085       0.96054817349155586       0.84675177904604870       0.83332057705955076     
   3.9137230084544845E-002  0.71385838890655451       0.30264475505988153       0.40915824705276049       0.41724444455458487       0.40384644886742249       0.34367232601914616       0.39393031377029442       0.89116504221896198       0.48828462748318624       0.49952179152970372       0.43679447993410914       0.40018389442956620     
  0.84904065805447848       0.99184946824364173       0.84838777655245157       0.89003094099682833        1.0701330528773576       0.83506267408857282       0.82314750961788508        1.1046952892741406       0.94333000312397219        1.0431334816311850       0.95093069606716574       0.97052206170202326       0.83612920204592567     
   4.3031907387825995E-002  0.72429950801069565       0.31901840257570413       0.42294047600960544       0.42670301337970684       0.41566478719582961       0.35834372826999278       0.40805915438861617       0.89550171160871439       0.49500581949418088       0.51101583939465922       0.45145450100072837       0.41676265625468467     
  0.95052934020159052        1.0094842454894677       0.96696048683455860       0.83612150070385294        1.0178405965190831       0.98267797877108265       0.89884923201143685       0.95426135770254095        1.0171825403201435       0.93783215784649543       0.91762841932534389       0.93624725563158406       0.88183373693814049     
   4.7343874894261631E-002  0.73494696578967189       0.33610836015472506       0.43523063147456209       0.43730792790665357       0.42936711767195923       0.37255459424992599       0.42182962337079971       0.89948262609656093       0.50159473642110330       0.52276603293735069       0.46658624899082790       0.43300724320591555     
  0.89677529999820882       0.93550689814554078       0.97168154480943070       0.83752565807272261       0.86958420289194138       0.96143097757282192       0.90415384583420400       0.94534151651466047        1.0398376860489036       0.88574730627694331       0.99039557326984151        1.0041979726621917        1.1230302499136910     
   5.1679300643624061E-002  0.74521408035872261       0.35476294927124385       0.45255117028895475       0.44855566643103711       0.44264627955692809       0.38642292604730416       0.43666401152451795       0.90299978135606607       0.50726425308570844       0.53422748808320752       0.48070781352945707       0.45027426048982655     
  0.92748051516650087        1.0809923404536841       0.93747093496934908        1.0409529945856903       0.95557700337059992        1.0752678612481017       0.91886220849926759       0.88565180202883398        1.0412961581495455       0.95530268078026659       0.88240229325138597        1.0137905139268677       0.99065351901444665     
   5.6344008867655303E-002  0.75451408257435182       0.37441645931249351       0.47136726576290611       0.45968745831498870       0.45750286702257020       0.39882812889875308       0.45260379646291721       0.90625216101709138       0.51260589843376025       0.54914865433196303       0.49386576446392411       0.46739896813854109     
  0.90189346864667230       0.78529754955090969        1.0608387005777744       0.90286183478594395        1.2698291211815176        1.0931740480488394        1.0782841150183720        1.0528889239151598       0.96467953768307479       0.90505046274415490       0.99477996026364068       0.99785012216753466       0.99562306739756479     
   6.1335371449918227E-002  0.76526369497771496       0.39311371652815141       0.48723965476100278       0.47035261121346267       0.47294491005000860       0.41025258797987352       0.46924551529236858       0.90984381472300668       0.51869052742213706       0.56698762639387223       0.50728046109654235       0.48427391322993490     
  0.85857326470347406        1.0024511197136878        1.1273876708795174       0.95897080198994200       0.94528402075621010       0.93247230750955501       0.88085545797338360       0.94673519203901846        1.0533044648979468        1.0036474999402720        1.0196579038059066        1.0498210747954460       0.96069916888918194     
   6.6731749915163022E-002  0.77609728334771599       0.41319976991632767       0.50082194124216539       0.48121054536583135       0.48640907364932290       0.42164109478655920       0.48583749719268676       0.91352941522421827       0.52486067113287127       0.58386961178912733       0.52198670893986476       0.50111247976799522     
  0.87370211406926723        1.1208496983099998       0.98455036885093605       0.80662095210528417        1.0969597526474588       0.96900214615339164       0.84332110193404985       0.93922987836149241       0.83002507322551367       0.91644714067106858        1.1180969825583533        1.0579065621077595       0.95896841625497720     
   7.2653270322022553E-002  0.78627121126691524       0.43438352588757412       0.51390194733823658       0.49260768808626815       0.49925163070362133       0.43513280341563909       0.50123020400833196       0.91684845002250270       0.53201486234412454       0.59753248952411320       0.53647171221047651       0.51848303838216991     
  0.88624072398242715        1.2090542089921592        1.0329710691037541        1.1568341927935022       0.84430098905117101       0.97643987641088736       0.95006256091757646       0.86221405005096097       0.82158684457635212       0.98135985599167075       0.93557641304293038       0.88975581413361660        1.0842159649129133     
   7.8753506669048401E-002  0.79525614924739252       0.45501732790980887       0.52723623250596041       0.50432374012932280       0.51144792271440542       0.44838941300572827       0.51611378949213815       0.92007765268905650       0.53854594500724473       0.61071926004490473       0.54927998558306457       0.53515091815454074     
  0.85147507893713781        1.1365243607579483        1.1208921538556744       0.93422543407484293       0.97198532919403513       0.89969734922809796       0.85890419360398473       0.83836051230656283       0.95980302647990956        1.0810978843951420        1.0566105219554203        1.0056360284257673       0.81994714522563217     
   8.5451682893948000E-002  0.80305338391060943       0.47539969486714284       0.54216442533876885       0.51633849355853256       0.52423797673578765       0.46571665347224261       0.53156586395095207       0.92364230017875804       0.54504365749728112       0.62424061846142764       0.56162614016585399       0.55197349084609904     
  0.83065261919520605       0.84918228568841203        1.1240624786972646       0.90604385262643228       0.95520360015344674       0.91965968273812593       0.96393902419910793        1.0133585835347405        1.0368106909311428       0.92211875702405655       0.96037421504227982       0.95374888245601297       0.94735975931984329     
   9.2167862815544760E-002  0.81039742240471657       0.49500966902649701       0.55943994388813034       0.52984564288258973       0.53986046287139977       0.48363258490751304       0.54672815020810794       0.92733616028921817       0.55145893652315103       0.63860780035355225       0.57440757811552579       0.56852704873480953     
  0.83905753019874274        1.1275429755439341       0.99641443231303106        1.1758926542360628       0.94648024823756127       0.99334886114671783        1.0831652083932677        1.2006827511015803       0.98500966318874439       0.92592814127673984        1.0388893473190219        1.1671675667048267        1.0078901101264346     
   9.9314786279224743E-002  0.81844188090024073       0.51586346005419725       0.57862308060716061       0.54379068445429912       0.55651781328052863       0.50239102722657947       0.56059248377677506       0.93073242208527507       0.55821412198027343       0.65316651821721683       0.58565332764501965       0.58512843745544574     
  0.73264905681230152       0.93812074761246089        1.1221822100207048        1.0638845173485707        1.2638695462430751        1.0407784317578346       0.96738343687582840       0.84107672257109678        1.0966118076011586       0.96666529618568819        1.1025503928988620       0.98389093836567276       0.95618280805807654     
  0.10692536417430436       0.82708139936826630       0.53777773031097231       0.60051406359087933       0.55698592501404409       0.57732874559708269       0.52271962462922750       0.57423896186379830       0.93374707790363798       0.56538777420227238       0.66790798993014056       0.59693454538181712       0.60051589507897329     
   1.0532620498183936       0.82091112526834387        1.0024399098518002        1.0580548460805770       0.86155460951038088        1.0599481251939507        1.2396109501872834        1.1647314381701763       0.99559114585734154       0.97795077893757665       0.90202975932498786       0.95620270712696498       0.95680959904059837     
  0.11529110929415522       0.83527799337251785       0.55927142672413366       0.62076791207662041       0.56996005359346891       0.59599406620316542       0.54159505063547220       0.59029506345632043       0.93677719163072137       0.57207733513183234       0.68293994432197536       0.61261571751208121       0.61579390683346902     
  0.84140786160944181        1.1506608351630772        1.1607485783955738        1.2314201533536362        1.0174627279427819       0.97824467091369771       0.95871619807569197       0.98025712074447802       0.99186873354760174        1.1228169364652576        1.0122303566500195       0.80859264574446810        1.0071942920350121     
  0.12350767242986549       0.84291109249429408       0.58060223029450875       0.63967862240944895       0.58352979635986724       0.61229370593994636       0.55717579163695241       0.60700096892023558       0.93977344987754052       0.57797723746214758       0.69825640490687080       0.62757521908998659       0.63069285457249580     
  0.85778059235013515        1.1131739831897247        1.0498971480707282        1.2583839710574265        1.0845697197191608       0.92357838068007203       0.96075496755452983       0.99697280660834853        1.1341999377643770       0.95008970316852193       0.89929960816379984       0.88628029918601403       0.81430775292755631     
  0.13610699393173939       0.85053339673612127       0.60087644091547454       0.65798356209579922       0.59645274255958292       0.62945751581777865       0.57351763614713203       0.62518888774279091       0.94258063681174842       0.58435834187627300       0.71416208054756658       0.64265905812165103       0.64501441456338426     
  0.93239660219639586       0.99190631859914846       0.98863287703240654       0.99670815880616814       0.96436717795867788       0.93373591239111187       0.90112175980849374        1.0301486439546905       0.88032126740648287       0.93204941849814826       0.90881835507120801        1.0418053307609993       0.92973855672476491     
  0.14891820174091647       0.85832477779824490       0.61956448703643008       0.67581613617387526       0.60934574052502011       0.64503036145091475       0.59352053297847795       0.64374387658112997       0.94554856340875415       0.59148129028476681       0.73036141041996783       0.65787987798979253       0.66258141441391949     
  0.79668330132089704       0.95555795033570390        1.1832090430889988        1.0641887494820457       0.91128888493968840        1.0277199489043103        1.1503605828990584        1.0952446096289123        1.0642098382483172       0.98498523654124071       0.97863183431189316        1.0683665043563935       0.94573583562342678     
  0.16502406875998879       0.86609387620244971       0.63747774702974003       0.69268422178221556       0.62337312792630417       0.65963704093965803       0.61276605944490459       0.66284895193927251       0.94838533786913126       0.59941489484032939       0.74518188518331185       0.67353585872765087       0.68023414804422500     
  0.82084120174720698       0.99776541823359199       0.82258152619654112       0.88705044327838167       0.95002153428366942       0.99542256411112506        1.0117136170135121       0.90923265518238205        1.0515038552923979       0.89556878910528726       0.97047397165920668        1.0123593833674753       0.88841747364487778     
  0.18205848584200554       0.87359115842811430       0.65438055704074449       0.71062039609057259       0.63738925705351746       0.67797510402433536       0.62923561124563421       0.68231459955336404       0.95110446994228259       0.60731087942933071       0.75823835817466179       0.68846385212003813       0.69774399049114233     
   1.0134318562490847       0.87380688270749307       0.99509085231563654       0.93276617923919936       0.98756543523305418       0.83605593223744357       0.89084121589473608       0.92891338402051904       0.97506836072589065        1.0780797415097456       0.93631066523934903       0.89488941634361840        1.0574346565860058     
  0.20019660840248374       0.88063702703819446       0.67304437646979198       0.72791716784578930       0.65170323869777669       0.69598763010584586       0.64510219445819783       0.70256162889679763       0.95371326852943961       0.61481372075977225       0.77043347753126312       0.70331348096586688       0.71606822110478741     
  0.96757672488852919       0.91632985405341516       0.94744193827278034        1.0993333021760057       0.87707024583374305        1.1070415227671100       0.93774800549794568       0.87417322396286379       0.94424427385628118        1.0249464765110232       0.84104119678159828       0.98583385621386010       0.91931669431971608     
  0.22065667949450077       0.88792357384739640       0.69481186381351157       0.74422336094567954       0.66843542048955651       0.71336877302555191       0.66062217527048728       0.72299404993959893       0.95620297707007973       0.62183069569328286       0.78464039920246020       0.71964136745351859       0.73444380670318199     
  0.89303178053752763       0.95013509370474802       0.97050437471230477        1.1196474802800329       0.98853071767215672       0.90170121026839367       0.79917094723341764        1.0669847581156464        1.0398675760241483       0.87888745686552605        1.1077590985992563        1.0607849772187579        1.1998504016722995     
  0.25136281397454685       0.89474771479503445       0.71652919778076851       0.75795576001476661       0.68519807396468613       0.73081095532597229       0.67788641440377040       0.74232180772786405       0.95879100864019173       0.62904950063844400       0.80059816327856781       0.73625613686660607       0.75310756069780527     
   1.0552556668056132       0.99275545462498938       0.83458142564109417        1.0606784537912541        1.0211604124556102        1.1666372472825808        1.0713024423844788       0.97776437709368391        1.0385430110737739        1.1973864522528346       0.80830461109905294       0.98723039424734715        1.1259158045463911     
  0.30490302014426657       0.90127899750974871       0.73966265537455000       0.77091166862171023       0.70483429915927309       0.74869110132417971       0.69637046138338832       0.76027781511689452       0.96142394969600065       0.63527695275207763       0.81655746815428076       0.75494188899739112       0.77195464400520741     
  0.80711790918802317       0.99385696249864453       0.95990573945100421       0.91881973848600240        1.1146041631527082       0.88534157153280646       0.93516625672750986        1.1249026725810174       0.98315050575769480        1.0515295550517456       0.93115048363942110        1.0582154125217820       0.95554727604136391     
  0.36683454679816457       0.90742457847233771       0.76167812308795402       0.78607148471244748       0.72463998822740261       0.76713791554835431       0.71488075575226073       0.77740231031746565       0.96387040578612371       0.64213635149551473       0.82992052436757158       0.77430182647752555       0.79023158398331339     
   1.0066455614707301       0.99046700711691615        1.0976340091409287       0.90632202871997980        1.1663551322709225        1.0637990342927661       0.98006615727479007       0.87773509224843038       0.97323498511772844       0.86908979259535757       0.92687762329739753        1.0405799466468533       0.88389425947066402     
  0.42740025696859618       0.91300605403377733       0.78210964783119408       0.80227753707081051       0.74411582851984737       0.78601874517702408       0.73436035093379948       0.79415144794532844       0.96624668819906046       0.64980000702536000       0.84274832866160876       0.79222302695050606       0.80851529278717160     
  0.83503090026887627       0.86327636666522400       0.95036514282930828       0.94688932143368743        1.2931840005086555        1.1035979082710565        1.0523332426276755        1.0787738415223009       0.85604703374782409       0.88297265521557744        1.1172839407924839        1.0914344085216987        1.0465490160200706     
  0.48681611403586433       0.91842223747022933       0.80427439279998214       0.81940704265760678       0.76477712319293611       0.80242184589474519       0.75350397100435063       0.81105361055283698       0.96862854901419948       0.65784792535412850       0.85746368368421000       0.80863977375309892       0.82763546929334098     
  0.86510460966713099       0.99160657067589408        1.2011204777066911        1.1545977418630065        1.3511190007306380        1.0759049809882595       0.93759175827401742        1.0952442435205003       0.87366624821971084        1.0837980060882813        1.3909502405350593       0.86384075237660585        1.0944130581838483     
  0.53681841655056861       0.92417781516318032       0.82608737077129413       0.83719430334394995       0.78374830616644797       0.81676531094291105       0.77107345495401725       0.82871253827532143       0.97109354969274064       0.66670206983654579       0.87125385252255116       0.82488711816808435       0.84607013210383675     
  0.84227397340810095       0.96633908193944618       0.94566112600194763        1.0045913707881482       0.92440194763944972       0.81969792599156144       0.88043611289638746        1.2512340856576605       0.89276947685361863        1.0483830285035034       0.92561191401846843       0.94799039564213061       0.88918525738012666     
  0.58244321283688605       0.93032494339647021       0.84913942750559745       0.85433748791108566       0.80180954825478590       0.83372882360197631       0.78750922430238568       0.84591826029414130       0.97352874098886599       0.67622153554997322       0.88468206584094478       0.84200456344155317       0.86279912086101651     
  0.82855179565451531       0.96397612346712847        1.0630803276916330       0.86725528705679744       0.79032527607737979       0.98632229972482932       0.91757903826638831       0.99790532112129660       0.96785255167592654       0.98042392824491142       0.96127931538340639       0.88932803588836018        1.0213547513550958     
  0.62553850251243537       0.93682934396656958       0.86812993278113382       0.87084416438110068       0.81826491353465636       0.85010881123729831       0.80532434208165871       0.86315662222842959       0.97593537510294104       0.68629350003753653       0.89716391540595164       0.86009964895817981       0.87897640482178030     
  0.97223068827539838        1.0225009136617238       0.86701316229559877       0.82471166219746794       0.77905779628657179        1.0426073410339805       0.97257987666415602        1.0143708123319291       0.86438881134843137       0.90952651452654809       0.91283082297943441       0.87250004948068027        1.0361674235922556     
  0.66682966160277246       0.94297532910319215       0.88522489819054184       0.88681454416952465       0.83465875199376560       0.86733617255097895       0.82359697703067614       0.87995358329838735       0.97838933043506415       0.69725030692336754       0.90940788502730208       0.87887143886791919       0.89358718964472394     
  0.90342788679302388       0.92815948433973594       0.80695128235218594       0.93890601456919398       0.93665573165384353        1.0348622086252639       0.86994897772828694        1.1178410205781240       0.96022345889942973        1.1297943204129575       0.91664553207026978        1.0264009657565136        1.0288302792486232     
  0.70510129168199942       0.94923930597722883       0.90129595983480426       0.90411316241351636       0.85244959678266408       0.88501469653924147       0.84518699885781379       0.89604561510154501       0.98083458544444468       0.70790918600642816       0.92163041479634988       0.89783621482893705       0.90778079072735041     
  0.73337738652195961        1.0380848007358843       0.99459929812203918        1.0533187919771232       0.93497550756432979        1.0006816535780110       0.86727495711305502        1.2325571125288595        1.0781649659902302       0.89875945118884948       0.94849669633535549        1.1273985153492077       0.86949894411409079     
  0.74057674978634802       0.95629313577248098       0.91730406679503151       0.92242656114582955       0.87422670986301310       0.90263442894158485       0.87147582531919088       0.91183056099587467       0.98325668924783982       0.71811075183517137       0.93393162057488466       0.91644557371818536       0.92253426950298023     
  0.94541041045517971        1.1095430291575918       0.91480438408640630        1.0259839351809796       0.95769271751268281       0.94085128415350183       0.88718338812447917       0.96889752508952187        1.0510552623144804       0.93572057922131557        1.1643184783078311       0.79242281679221194        1.1033461159914359     
  0.77749760491859654       0.96336779504879122       0.93426284298731510       0.93870242576960594       0.89725450935282069       0.92052836454318077       0.89713310544543201       0.92790969005607515       0.98578207974843235       0.73240098572912582       0.94652355753502915       0.93441474515915857       0.93754513573251441     
  0.87749803134371729       0.90530022128223175       0.84917515798300303       0.97220597401364539        1.0277465814139468        1.0387203093996413        1.0689094265442891       0.98205857103446614        1.1468852193994725        1.1134634929855234       0.99297884649417678       0.83846418890221486        1.1398351873957686     
  0.82565300235714134       0.97088157129157104       0.95225843070123373       0.95319459475494328       0.92384730857415753       0.94080019450061969       0.92295115515560933       0.94445917799106405       0.98845023232461482       0.75074847651588239       0.95992373676755316       0.95160210059284234       0.95188215757313233     
  0.83842999791467276        1.0797884505649993        1.1004133143108419        1.0691477281041775       0.99542972665652907       0.99049616777959948        1.1471551260317201        1.0369876063466499       0.95555795033570390       0.95455052369341997        1.1443989394935363       0.94906164829289241        1.2480918009933908     
  0.87356354285112281       0.97800538774723156       0.96919507103956992       0.96875144503111943       0.95154609374957699       0.96098187189596995       0.95024548607182435       0.96153602201059796       0.99142478171176440       0.77551460589722276       0.97434621896839924       0.96812679748138430       0.96734840427485491     
  0.74055689903577115       0.90969340095147166       0.83100219437885081       0.87426990223850765       0.95642705922117144        1.0383008899154158       0.97982494746461690        1.0706154458824066       0.98683061156598573        1.0088852144607430        1.0079525097393949       0.87885892355118822       0.93531911033148407     
  0.93019803520945632       0.98841257672159777       0.98460354609184719       0.98458752575124853       0.97639946878940742       0.98090467453226637       0.97418050810656087       0.98158987610532444       0.99547254548663389       0.82869689164305427       0.98699296981501117       0.98389649060888495       0.98325591081831865     
  0.78679742966255228        1.0246166044394251        1.0171943174020419       0.86916335557318725       0.80644199009887019       0.97994782704185202        1.1694250323316238        1.1649125793277724        1.1284471350501746       0.96929963331696023        1.3420285501447022        1.0123017714055460       0.88121826910743140     
   1.0000000000000000        1.0000000000000000        1.0000000000000000        1.0000000000000000        1.0000000000000000        1.0000000000000000        1.0000000000000000        1.0000000000000000        1.0000000000000000        1.0000000000000000        1.0000000000000000        1.0000000000000000        1.0000000000000000     
  0.78080263776534864       0.83806150517500821       0.94876422482721512       0.94529339344234520        1.0498245615426103        1.1425496089761715       0.98370871309208541       0.94030062950449056       0.82012859020938134       0.74833010202815609        1.1997764412400365       0.93370837960891795       0.94660510009158727     
   4.6515820433070987        0.0000000000000000        4.7274873853587511        5.3147383851377681        1.1580587162066105        6.4698848786585073        10.631685347514985        7.3388662607671691        0.0000000000000000        3.8048117886319495        3.0745640838983634        2.1929238714518546        4.5840748930738497     
   6.5367442947986838        6.1184743193620683        7.9314361889437190        10.189726450651571        4.6193111259122350        7.4088033011035659        8.7231305942598318        5.5169874146119460        0.0000000000000000        7.9481192393107163        4.4278132649034383        2.7622743343370475        12.106808657085793     
   2.8626811285688309      -0.63137082955977986        12.914327657572384        3.7368300595144524        5.4886547724516781        6.7244490246053195        3.7956210404873181        2.9655944014680542        15.154181070944817        1.7073273805845053        3.0418029595544600        2.1096415070219767        2.6962003274207511     
   4.7056825775691564        1.8328288739158962        2.4094825194246043        4.6286032777224904        7.9283060356589488        10.572131583520434        5.2465301998369478        6.7059407548123051       -1.4568233389747043        4.3041680003908596        5.0616802717453666        5.5597000806925401        2.9717828335014733     
   5.5296780102832050        9.2107035965354171        5.9066481091452783        5.3155987937258837        6.9805629330910017        1.3682137429648429        5.5260737451983175        5.7618657156512567        10.532946835521296        4.8262920488473640        5.9463899426707059        7.9231993669075225        5.9700707730230551     
   7.8226706898702325        9.6215340075731763        8.3110555483884063        5.7306478212440473        6.6527634727861358        6.0861308208346427        4.2217756420979278        6.4186119370725860        9.5067971137474334        7.7264635881336696        7.7082767924416462        3.7554342924306399        9.5777831365650847     
   7.9628890332047444        5.9125047593226077        2.1036780906735353        7.9978063951444129        4.6006326007902949        5.4357687739343454        3.6762636156769393        7.3984431103896533        7.8096937315137804        9.1620996514922997        6.7201537400641032        9.4993877034325056        2.8025567985908308     
   3.9424398091822273        5.8693323553205543        2.7457017025920916        7.4461083197643703        3.8628113808147968        4.9478340681205122       -1.2030220097453521        3.1082738817102546        5.3502256825963403        25.090056551500094        7.6085362835796708        4.7837471547476120        4.7846301286432391     
   1.9050190421012043E-002
           1           1           1           1           1           1           1           1           1           1           1           1           1
   8.8390404770513561E-003   4.0706990417340872E-003  -2.3373226800290880E-005   5.2969997882981046        1.3876207754770018E-004   2.2558304208886708E-007
   2.1640199188389684E-004   2.1195416292209057E-004   1.8477562175759333E-005  0.38883579643788235        1.8474329607632539E-005   2.9257704007739414E-008
   5.0000000000000001E-003   5.2310196157469013     
