   0.0000000000000000        0.0000000000000000        0.0000000000000000        0.0000000000000000        0.0000000000000000        0.0000000000000000        0.0000000000000000        0.0000000000000000        0.0000000000000000        0.0000000000000000        0.0000000000000000        0.0000000000000000        0.0000000000000000     
   1.9756950642315745E-002   1.7557818153907910E-003   3.0126398063025396E-003   1.3257371029310221E-002   1.8363348434062756E-002   1.6910982691682855E-002   7.7518580037189394E-002   1.6280800129689250E-002  0.25107736482104931       0.11429067123810878        6.7279866927704990E-002   1.2435729424359965E-002   1.1033482338958088E-002
   1.0331473693081128        1.2815182007465173        1.3170429766842846        1.0035483858221026        1.0210724953207495        1.2009193344720033        1.0596121098217850        1.0813159303061566       0.99126385429933250        1.0413431018503128       0.96578925813034089        1.1499051650435577        1.1348540797865061     
   3.7851884738086601E-002   3.6445263799888151E-003   6.2189001521078709E-003   2.7413943234037744E-002   3.6194930120609745E-002   3.2800441356105922E-002  0.12128763399463550        3.2300033638261678E-002  0.35232513038906799       0.14587040509007460       0.12426698277845560        2.3502058719832904E-002   2.2342255503765333E-002
   1.1589658984254394        1.4149382866573881        1.2662261033129740       0.96715758694463450        1.2428458374552542        1.1173045751217217        1.0666966355031204        1.1539297594359843        1.4645877701426355        1.4727873780514937        1.1577672489573554        1.1065069271958363        1.0685788874708531     
   5.5212222299672500E-002   5.5528348869611031E-003   9.4304877847174694E-003   4.2698110195100135E-002   5.3315692070757995E-002   4.8557286979891909E-002  0.15138903448422186        4.6347836079528262E-002  0.38681339487844052       0.16395691851490685       0.16853979537377112        3.2590696509913572E-002   3.5202157993782915E-002
  0.95837579420090113        1.2477902438436739        1.0758520676748271        1.0181992386318488        1.1690953005823894        1.1286931220595526        1.4196165567934254        1.0542549248867377        1.1986629408690719        1.1632089384520536        1.1785828281084099        1.0647691897820628        1.0408448075836054     
   7.2384995716508499E-002   7.5004214624643543E-003   1.2344639626591479E-002   5.7394237522151684E-002   7.1036824679416077E-002   6.4949141901719784E-002  0.17794144082465080        6.0129250012437067E-002  0.41283385501150716       0.17893911428708140       0.20170847911278172        4.0263013768041284E-002   4.9273040245356906E-002
  0.97935928657047966        1.2382244638088815        1.4483460472520868        1.1101440417341553        1.0466440901304059        1.3029838268418064        1.1024851010589924        1.2081720283879382        1.3034994388068040        1.3214376928041265        1.0835075291028098        1.0080480872709763        1.1255895954998940     
   8.9008244781487042E-002   9.4673491468853337E-003   1.5917051957761962E-002   7.1254248111212629E-002   8.7228688380477051E-002   8.3560283992876447E-002  0.20114794539332553        7.3564025120919752E-002  0.43375633857055218       0.19242250227051524       0.22778657161133192        4.8465610140917562E-002   6.2670200895874981E-002
   1.2957802500125821        1.5279601833758609        1.3338423692100529        1.2017784339139157        1.2667697797461248        1.3272039832871589        1.3582115817106826        1.2586371966344136        1.2758376960187443        1.1032545711912138        1.1988147015746389        1.3220456165154937        1.0929310062317878     
  0.10472019255855883        1.1430285507635685E-002   1.9487089610476772E-002   8.5215854291682769E-002  0.10189243116176921       0.10061122535200852       0.22181486238516879        8.8343319124612463E-002  0.45259748840717379       0.20584438033772318       0.24886794145625990        5.5140134340113570E-002   7.7742826601196441E-002
  0.98180273072139124        1.1727929108657857        1.2496016988495184        1.0403885072907582        1.0792151087716286        1.0713918064236949        1.2017151770859034        1.1152264534438021        1.1104470637471151        1.2236564105859677        1.1394142656169717        1.3844578546618362        1.1309718334898968     
  0.12022471614202068        1.3354205642751370E-002   2.3089084532167650E-002  0.10139750055854352       0.11694637083127371       0.11818861141994719       0.24091106802083601       0.10244782630119721       0.46973838307447952       0.21828185921252435       0.26567968714390661        6.2415558686847228E-002   9.2715159151740376E-002
   1.2850658639543306        1.2251978925699780        1.2270618435812912        1.3116944277275344        1.2071057586584575        1.1289168485621428        1.1986289130229777        1.0857767853010352        1.2169434435321682        1.2795730613722287        1.2909494972046229        1.3719854143155557        1.1689865290994608     
  0.13459750766164943        1.5480644575424271E-002   2.6160379549441219E-002  0.11933212931215063       0.13140998469318732       0.13775836237918748       0.25949026478737330       0.11573099367851136       0.48591382938418409       0.23001694506605441       0.28022638362006275        7.0741586726392261E-002  0.10864688472616388     
   1.2932254513864945        1.3392911454186101        1.0964613599120310        1.1636861451792571        1.0580219339881130        1.4345536181697478        1.1038958636736373        1.2774307919962447        1.1221579973016280        1.2389159826991916        1.0288110547541849        1.2918238066197367        1.1251328243134990     
  0.14909482987888031        1.7798117693899492E-002   2.9072843282397974E-002  0.13708493982861072       0.14691055905542907       0.15529720937480601       0.27872555165727497       0.12988306547193998       0.50082609597070193       0.24015821148296015       0.29349228241173941        7.9555832399936771E-002  0.12586151363715425     
   1.0865439127760386        1.3951378894124649        1.1260281413661897        1.0809390402171235        1.0446734467626393        1.0362855841120748        1.0882196343130432        1.1008068895588285        1.0436793360626688        1.2392308362526800        1.1631540855985703        1.1441157856927873       0.98169447552569511     
  0.16408843189850159        2.0235252382607385E-002   3.2016328879267607E-002  0.15374665722432712       0.16334331627564436       0.17100619115460577       0.29738749119648344       0.14482016157135280       0.51434248431395879       0.24924360955369493       0.30650456330477305        8.8584193917322696E-002  0.14400454859204520     
   1.3570815096270918        1.2766290485664984        1.1113127340653315       0.92655415091698223        1.0856792998224161        1.0435020325929927        1.3117729174473183        1.0875871281323677        1.1771177490426878        1.1029943793043939        1.0459080112290213        1.1200450283473922        1.1547541292174675     
  0.17933613138550766        2.2604566880852411E-002   3.5055343090138358E-002  0.16925854771102489       0.18008847308214970       0.18484769358258368       0.31408250230833445       0.15922398289974155       0.52717159063036079       0.25805170584648363       0.32054237137410513        9.8202742993231756E-002  0.16208321595952127     
   1.0818170227958812        1.1632515467854163        1.0690833814979881       0.97496439604456664        1.3142327111254879        1.0989491016708028        1.1119147245831622        1.1980831730175658        1.0993504730530335        1.1747604669878171        1.1369653052124278        1.1848996080958174        1.1279412550454664     
  0.19468104764281999        2.4888171617825208E-002   3.8803185559686745E-002  0.18680470481264930       0.19742531204115824       0.19817561099219799       0.32974982892519572       0.17330160973857869       0.53902604523874198       0.26640935456834081       0.33574524710051179       0.10788628206584958       0.17999319490679627     
   1.1516213444310373        1.1020999013374859        1.0979267366440464        1.0516101450486146        1.2027479490942259        1.1267582080800820        1.2646956245023309        1.0254070099368311        1.2168180627481711        1.0135032562141686        1.4987380223581623        1.2225811028705960        1.4080777873967882     
  0.21024409412199990        2.7103262491457118E-002   4.2671133755958733E-002  0.20729321679921087       0.21529027483154345       0.21321531601345847       0.34523379757049510       0.18682029191744481       0.55034717331938943       0.27499286160378184       0.35090187786628879       0.11717732234802090       0.19877358477925708     
   1.1910174145893053       0.96600550749406078        1.0368858978588404        1.0346455665197904        1.1866636193930946        1.0826620236626590        1.2087638077697909        1.1744037049887814        1.1181849530697057        1.1102725922354444        1.5521753964936322        1.2072869693509272        1.2990444644935957     
  0.22534739746941879        2.9123076406512530E-002   4.6789561471205526E-002  0.22859991325674101       0.23255081428330882       0.22709671047757327       0.36005379575123347       0.19966227478352222       0.56067964498238210       0.28330282921651789       0.36421315520196373       0.12710601459414228       0.21717737097277548     
   1.1716868423751070        1.0081913276805119        1.2247350621607240        1.0893191124653938        1.0771591729947561       0.94768236988972576        1.2033056277709104        1.1972444075283097        1.1254479302401534        1.1473131398618275       0.91005244162635812        1.1054087560888948        1.0943675751683717     
  0.24045132443114786        3.1260109261459258E-002   5.1063852426089719E-002  0.24919013853427535       0.24748102172255321       0.24097289718767395       0.37339275036462499       0.21256739479577488       0.57142629663328393       0.29070854910702087       0.37732669680842368       0.13769032479405241       0.23369460598708724     
   1.0165511264371101        1.1143930569660143        1.2165453682379261        1.1859637107608059       0.97927884577069146        1.1117433088411293        1.1463825034016273        1.0685614272715749        1.2236682659857525        1.4067509235793205        1.2416766600900608        1.2604167099720744        1.2802956431765484     
  0.25662335390649754        3.3565718540211564E-002   5.5510340295376874E-002  0.27037169468897843       0.25982717855889931       0.25373297200781747       0.38530039718496067       0.22569838974736856       0.58269373508788969       0.29742626174054870       0.39123932506246512       0.14908822840804289       0.25094604501445955     
  0.95644535348106363        1.0243434834413703        1.1001817467277124        1.2629766434453029        1.0028544410486477        1.0217655479113137        1.0199628558598191        1.0649239652420071        1.2293139423611661        1.1089284809030902        1.2584214378976257        1.1181169240154081        1.2546362711580259     
  0.27449636832167112        3.6196900201781033E-002   5.9993989317408923E-002  0.28975861345038434       0.27166495565693344       0.26715650750529413       0.39706584382696780       0.24138917051679087       0.59433546269395643       0.30498196280943907       0.40454544693465144       0.16119788410605393       0.26773016759358348     
   1.3866372943875851        1.0529735485297083        1.1552271515293913        1.2865773269086105        1.0004880503204465        1.1060206444295679        1.0064858506906449        1.1548207953840814        1.1898993098989998        1.2468724597651344        1.0748434661860808        1.0691775198465949        1.0601474775033519     
  0.29271415212953195        3.9156554857643223E-002   6.4771278749039110E-002  0.30799617522646244       0.28359248418044469       0.28170983162247470       0.40942990810693408       0.25574766853608460       0.60518454169335567       0.31090840825589783       0.41741752779001484       0.17363623177102624       0.28359738695524800     
   1.0468945225938395        1.0271889622614605       0.91821333301393215        1.0801978463307582        1.0586114926816663        1.0834512689521842        1.2168138181607764        1.0899325275849796        1.0819956202078502       0.89975431640384429        1.0664699598756318        1.2269133281394538        1.2533857967023618     
  0.30783540742168347        4.2415582393398037E-002   6.9722086463602312E-002  0.32594321435516715       0.29573353792556850       0.29604234986901462       0.42232621803505077       0.26931784866879321       0.61553230635213707       0.31841420501276702       0.43045559409480133       0.18604430756247459       0.29969448121525172     
   1.1656276038948479        1.0843964208481147        1.0107573456531942        1.0453106617576411       0.94875852801976757       0.99413999388095808        1.4141459251547572        1.0535424979877046        1.1071157478914118        1.0001192876638254        1.0851273867673881        1.1431325500554446        1.1067629008488502     
  0.32195825637013653        4.5978580178378671E-002   7.4791235471144524E-002  0.34346621482008660       0.30689020612459406       0.30944485610664935       0.43538939748767608       0.28421119235955805       0.62537902383560307       0.32551408800877979       0.44276670431066784       0.19812812620289125       0.31541228463880455     
   1.3672473620480750        1.2205782224404143        1.1031120553055589        1.1662022327216663       0.94565783097062805        1.1172105690315786        1.0280516463491622        1.1684713688661683        1.0964275567544000       0.96330094013766776        1.1347407815933128        1.3459443626883434       0.99446869348273415     
  0.33441377421828805        5.0193970134377132E-002   7.9963795326640996E-002  0.36226387103109159       0.31875327085569544       0.32160756924991024       0.44877956718813766       0.29840046578850765       0.63459786680626296       0.33247169574010321       0.45614183365978433       0.20908246394917007       0.33111396340988164     
   1.0223785371536773        1.1159158127607758        1.2007463888807279        1.3276481171097476        1.1582047575132037        1.0848159718667965       0.93339623913530623        1.1072518205777455        1.0134444496853761        1.2603650072688324        1.1062146354435627        1.1227247380525363        1.1959171583670736     
  0.34756756426562996        5.4703453351430682E-002   8.5667333167234044E-002  0.38041115853460561       0.33041825562202443       0.33607152195314161       0.46170243614780010       0.31356352014625333       0.64394630674763453       0.33947051919859667       0.47075521085003036       0.22109680730595199       0.34557228191405504     
   1.1130267026784451        1.5351547725905315        1.2455282582982747        1.2726825083585163        1.1926969833652317        1.2674244315238639        1.5138149037520925        1.0639605929132137        1.2154944380513306        1.0605183422073716        1.0587949096761173        1.2743660436595439        1.0477577800093063     
  0.36285409033420568        5.9117860509941889E-002   9.1800815971783467E-002  0.39915303358928900       0.34390981692154499       0.35029436548721732       0.47352800862148148       0.32886088012374970       0.65313457596375024       0.34670507343710172       0.48492625976008208       0.23847128175352555       0.35962630607585749     
   1.0664032729875284        1.1117621477795627        1.1986337430620047        1.1145516177679171       0.98027487043933581       0.95149108907341884        1.1817807033545187        1.0004377383597343        1.0050171615304522       0.98939615805101266        1.1515186725007778        1.4768745012955504        1.0187310127901446     
  0.37906163638890172        6.3755757747977315E-002   9.7884905395300079E-002  0.41570683106660705       0.35891000831264197       0.36779375786486174       0.48455754013091412       0.34661651101785951       0.66140752385688806       0.35322051089877371       0.49751942414627021       0.25520405406564017       0.37327535575302379     
   1.2061456270608155        1.1576781039316930        1.1886394437510657        1.0699893598997474        1.2942543396508441        1.1779064523728286        1.1976960552463056        1.1449427164267676        1.1291031805234419       0.90570194251986014        1.0151005028039535        1.1681383632372995       0.86611162116645979     
  0.39567407079267919        6.8649651386939653E-002  0.10404675484934645       0.43348987978406761       0.37358958283869476       0.38590051007854365       0.49536090746331829       0.36600277686566646       0.66980112400902470       0.35843963094966202       0.51028887507140053       0.26831448460711482       0.38868547581565993     
   1.1617407368817398        1.0497039207119496        1.1572284210800927        1.2376887697770227       0.92763342728247999        1.2544297958412864        1.0686756318125923        1.2120793422644824        1.2105561668348377        1.0707523420806682       0.84924485491924773        1.1461759544787229        1.0374126701176221     
  0.41203828117372343        7.3632317941706216E-002  0.11062231960635600       0.45210815983565411       0.38825346440569780       0.40337787755073051       0.50600263952614843       0.38644643261393008       0.67755676098108975       0.36408721528537846       0.52333732593598437       0.27951934360846753       0.40571613664573347     
   1.0777949504399624       0.98758023740969569        1.1887514337029077       0.99858926152950134        1.0084878503800729        1.1510856292919558        1.1041823124786490        1.2796676420957969        1.0441505520468433        1.1100582617734813        1.1959428127656841       0.92998802490712074        1.2710336829827369     
  0.42748053787261092        7.8736802254773863E-002  0.11778008119033623       0.47073290442510102       0.40338014586759746       0.42043761218972181       0.51716469011752575       0.40712280659943795       0.68488369538660221       0.37024797212982369       0.53644159929577429       0.29127957614010214       0.42143546866689230     
   1.2006697197451097        1.1129879125475031        1.1168812991520689        1.2044790851114178        1.1587839304483940        1.2184369513152811        1.0144517188876079        1.2229476957054408       0.98115736406658460       0.90792533560166000        1.0574493437078099        1.0687818251321464        1.1640397852857562     
  0.44203774687265668        8.3989536485861854E-002  0.12548203140844802       0.48933047092759496       0.41958789374238603       0.43810768233317243       0.52766782711185234       0.42702876412412777       0.69192547414548711       0.37772989337474061       0.54994796575920946       0.30431171050891270       0.43514004916301807     
  0.95196867393606888        1.1990061553991245        1.1005244050674658        1.0042507456120604        1.3023312091966441        1.0641597062987893        1.0411358853087496        1.1326559140660397       0.94173390107392951        1.1066672390941854        1.0961960047873243       0.96826365853418717        1.0256326765154176     
  0.45759168839612080        8.8957607604808017E-002  0.13382372080861304       0.50838676104803737       0.43625935088860102       0.45668174782691923       0.53687240985603302       0.44591204436537618       0.69946885960032446       0.38519715751355260       0.56463572542334983       0.31808914134102639       0.45003981050426139     
  0.98830920555147328        1.1158878201740643        1.1000993410150741        1.1133061161786750        1.1128045948263379        1.3328277000216637        1.1596796636556519        1.1923586001595814        1.3378414553794720        1.1104538516082096        1.1502338680729263        1.1307254771839010        1.1700688759742242     
  0.47450765118169064        9.3862731585105830E-002  0.14178623722043526       0.52802361243624318       0.45295319019957980       0.47361182450307687       0.54631004143812900       0.46407049267774697       0.70840462098598778       0.39198769295362179       0.58012766839895702       0.33703516487938140       0.46413302901303066     
   1.1139299631621780        1.1372306715227072        1.3935968048409351        1.1489790714783483        1.0315578499046207        1.2870645166498669        1.0001971022052119       0.97845742297666105        1.1567564774618833        1.1970803122151914        1.4332630844564160        1.1947067421139006        1.1870876643725237     
  0.49182354903276287        9.9020734885829090E-002  0.14877454955578154       0.54829364294812988       0.47039351324991002       0.48882481976313091       0.55600194254798418       0.48234725831147213       0.71742654405617079       0.39858409031936015       0.59497199079192487       0.35491242176557786       0.47877874585637398     
   1.2769595597120549        1.0461540094075945        1.0716922284795287        1.2198756833842783        1.1116987829662133        1.2325177629396245       0.90977048687927409        1.2251802981797828        1.2376406113569656        1.0383856052824054        1.1507344730951492        1.1309386869906843        1.0359897548385926     
  0.50824407953320883       0.10533647828551938       0.15645169169385201       0.56870885334973131       0.48798079128109589       0.50333787493874216       0.56678461766086019       0.50116202978645052       0.72601777736134065       0.40543332334150090       0.60878213012944038       0.37044719283992666       0.49104049150213414     
   1.0112426112970032        1.0930504291722913        1.0696405298196845        1.3890261842010843        1.2792079572291946        1.1121643605213498        1.1315710038782496        1.5168299389085949        1.3209292231512706        1.0760803558165797        1.1064266535961063        1.0681765136405186        1.3200259628051543     
  0.52429639117857152       0.11241589013120391       0.16522833362580214       0.58864454621995266       0.50419304390118413       0.51719933689142605       0.57820458391765284       0.52067824204895352       0.73420018111867635       0.41248469681251859       0.62192480447804332       0.38474064212958242       0.50308754143285461     
   1.1986447599106664        1.0420942104595243        1.0838678792594527       0.97248391987647431        1.0712744126247971        1.1848117485165572       0.95976377079455000        1.3774335308962258        1.1439410576087328        1.3180955568825610        1.0930879375363249        1.1663405893825882        1.0763105399293820     
  0.54016329331372537       0.11959842714648762       0.17440891482567114       0.60808723273344567       0.51899229310199846       0.53191570777673980       0.58943027141543891       0.54023839238823634       0.74240711111004543       0.41971515657766184       0.63471378110923016       0.39962986874060213       0.51532273900163972     
   1.0538041934108928        1.0099018222684659        1.1832340430729265        1.3708341359153955        1.1214558476862768        1.1579327769753442        1.1637785436256398        1.0359705627223330        1.3127569354059794        1.2282491526061630        1.3919000950968141        1.1474503805235008       0.95769449782741289     
  0.55651787401630770       0.12721903884987948       0.18342058406623774       0.62686321359049813       0.53399525500772971       0.54777189136595672       0.60061459411474694       0.56052854847230549       0.75033190583205578       0.42702355070801790       0.64806767001046961       0.41569681276386672       0.52918144958046354     
   1.1387359180780741        1.1230260213662511        1.0328477059728782        1.1083749781783967        1.3573882523462757        1.2558300903692206       0.99197261973467332        1.1003279747996466        1.0458444945657206       0.88938017421154014        1.1314101043114670        1.0024046050347450        1.0465131882919625     
  0.57264006539078316       0.13538070844361846       0.19301581368663884       0.64413994598381819       0.54831014891107455       0.56288257623665561       0.61167894695512459       0.58251872755724798       0.75849473871001061       0.43458301279329298       0.66209892324003128       0.43479501836558510       0.54465883469840026     
   1.4155972648247324        1.0548949035262634        1.0205919181917926       0.98873414411862970        1.1375161306815125       0.99657559084660197       0.96992067215642652        1.2097898226072692        1.2001255593052305        1.1026948119470847        1.0277682101702712        1.0752499822480568        1.1778297757178671     
  0.58793312240259865       0.14359561279524372       0.20299324145221889       0.66052176572679211       0.56250047814725723       0.57750836554589924       0.62283146244183285       0.60368247757071170       0.76687806707389272       0.44227657206687532       0.67637089083834945       0.45336942311717743       0.56008887628679582     
   1.1887050211983958        1.0369748348846317        1.2920988623848770        1.2758043156355314        1.2321493055436534       0.96163809405116540        1.1508247679952481        1.1555525493362986        1.0612713093512618        1.0655214098841594        1.4941517401365261        1.0882493316352984        1.1487509391826578     
  0.60259656733107614       0.15223711841790383       0.21330624509005094       0.67744277406374076       0.57630842057544063       0.59207544283674918       0.63408330169893146       0.62194730370373508       0.77568914646791876       0.45004886120741316       0.68954199098457081       0.47115370125106537       0.57679751196245344     
   1.0290231229487043        1.2149188496194709        1.1212151535598438        1.0497648017702583        1.2900073989044887        1.3919431643982059        1.1393085168812318        1.2605714614543073        1.1192462097648468        1.2088828474810749       0.96257538289730959        1.2843758102146201        1.1605281955073150     
  0.61723424057098764       0.16125255478924688       0.22414756177725145       0.69443634658457998       0.59299773140030010       0.60683851438726943       0.64544655574940901       0.63817971511626437       0.78414369082491564       0.45780675334468590       0.70122782338658851       0.48901666930205595       0.59389616767455777     
   1.1144604552881208        1.0635243973390334        1.0846742108288900        1.1677963408174687        1.0814590467833944        1.0674947548644882        1.0851531601942561        1.0957783153026157        1.1721581020593757        1.2298606391116655        1.0908307352423978        1.1331114410789453        1.3653654217771560     
  0.63085073734558506       0.17092851683650001       0.23513735468885960       0.71028757974456980       0.60984377897844022       0.62161291535997010       0.65677978586082997       0.65393470935288878       0.79205029262517901       0.46563564705994737       0.71210643994188549       0.50637791513583774       0.60980657458248488     
   1.0301497088531495        1.1908416635822805        1.1972665847082149        1.0947140442900820        1.2233178675303784        1.0339042687608231        1.1110182274788230        1.0999343866171558        1.2285028967942409        1.2107116352852338        1.1756319487514648        1.0021932415669617        1.1244156622565178     
  0.64401513820392942       0.18093058686130689       0.24631469581704843       0.72538000597121366       0.62441545722275482       0.63630699934324952       0.66797825052818582       0.66915149357785553       0.79972269006795216       0.47365168691603349       0.72252142311240120       0.52401928504565942       0.62479658761163293     
   1.0882348266613684        1.0419893789719135       0.93162049470494590        1.0806709516785977       0.95933256720177884       0.92500661633187653        1.2554010302444150        1.1723722904591829        1.0927877724130770        1.0481800362545588        1.1899221083783635        1.2603791832520910        1.2231351642414741     
  0.65749721997221489       0.19117020200899790       0.25747855456109159       0.73996182885368023       0.63960096861436400       0.65172707939963992       0.67926019999753651       0.68359148810943626       0.80737432959202426       0.48203407916952923       0.73315794184261818       0.54063062782494664       0.64023113175536184     
   1.0474576107864808        1.2061965471996046       0.98972667633459699        1.2258979622811541        1.1269846898851177        1.1995889829450650        1.0797345101637537        1.0466697220750738        1.1930044185138586        1.0557628191899993        1.0737714091077031       0.98398788017195182        1.2327206448630224     
  0.67264362527589772       0.20192960573175001       0.26922221153101383       0.75436852174466351       0.65514913221078219       0.66742104317768025       0.69020645631967092       0.69792375317214894       0.81537707263042003       0.49010646233409860       0.74401348451194593       0.55816241812518375       0.65646290758587345     
   1.2014747593190056        1.2389208636347446        1.0297269974300514        1.1731196899270011        1.1025352440543918        1.2239901365074815        1.0063201033072013        1.1733050926707824       0.94764835916845302        1.1179499117943614        1.0395265550939017        1.3549188093873892        1.1028122390247292     
  0.68796623050066863       0.21330950101565388       0.28216959881552223       0.76897037863239381       0.67036441888747145       0.68343760060403824       0.70133131379188929       0.71362906070227283       0.82342807254649564       0.49815951373013506       0.75482629660137435       0.57601594650434451       0.67234929298029078     
   1.1547707034816430        1.1081858384820753        1.0358326007835406        1.0826710737970324        1.0500782604000465        1.2141806675914799        1.0646523568771822        1.0695347956514734        1.0666244014887949        1.0958395991503556        1.0385965401432111        1.0204771740079090        1.0924577459790241     
  0.70339594880529777       0.22460341504193165       0.29650704397373290       0.78293704510203044       0.68545198211883662       0.69904707707680425       0.71306580470989478       0.72958453706143156       0.83062614408878577       0.50523836357504714       0.76552662863753829       0.59369055119326075       0.68956255038050784     
   1.3412954084291562        1.1079313684153789        1.1101609189363426        1.0645819707036432        1.0811747698300009        1.0857885044632483       0.92199193485349551        1.1226440352370066        1.1135460059387328        1.0195527859513049        1.0124125807456845        1.0034016723459716        1.1285109755522531     
  0.71687147803333173       0.23594175083071459       0.31241670417328676       0.79692159545202546       0.70055722282365929       0.71450202380943517       0.72528263952626604       0.74548188232246249       0.83786669409826542       0.51291386468630129       0.77569772125858882       0.61220972592705658       0.70721931780640435     
   1.0370158430153713        1.1703437645491597        1.2338903034233077        1.0793343707396923        1.1721038634372167        1.0220952616490744        1.1209153494434800        1.0556304463688173        1.0521421416489083        1.1078150478372757        1.0884345831250317        1.1137211437577696       0.97907735595761525     
  0.72980682293739640       0.24823776905441949       0.32948504749969021       0.81083859707337780       0.71572169824413501       0.72980601373030207       0.73743206663296135       0.76116501476296416       0.84520752284491663       0.52111956233444257       0.78574617082539422       0.63063488260172185       0.72311012629024329     
   1.2288154172973149       0.99294158187324011        1.0669568421182729        1.3596926964922751        1.1409853662630711        1.0529217540214202        1.1148623915251321        1.1881469656761197        1.1260052034718691        1.1847701701444664        1.2836798033573007        1.0103511500708451       0.97051916582516606     
  0.74224998993329550       0.26180421403764359       0.34753974606373261       0.82465390967936714       0.73210945328207500       0.74518274026756526       0.74981966401296429       0.77618328691593685       0.85354579024798705       0.52959938651391592       0.79474606499364764       0.64986384900477290       0.74050106859481502     
   1.0021904415989666        1.0866016747000411        1.3200770089875562        1.0279361552488044        1.3331292185996984        1.0153494910380185        1.0190700465670877        1.1640483931820422        1.0067833365524113        1.1584591245337374        1.1010736695293561        1.2195563695398435        1.2674664152477804     
  0.75581839210177126       0.27377664718890982       0.36682129028974325       0.83830606946791186       0.74986535389953368       0.76156921057455451       0.76252181745379510       0.79086214897222895       0.86180165273143106       0.53858927978024107       0.80393388603682603       0.66884064505471619       0.75706124543548314     
   1.0513342013417988       0.96954736441210254       0.98683403265496594        1.3373556137163503        1.2641948119160646        1.0791341038520352        1.2575248902846825        1.1170706738852514        1.0179157134633219        1.0136895464634146        1.0710727200615857        1.0038372092515955        1.0735816081908089     
  0.77015543976219436       0.28415844739603113       0.38717512470706689       0.85130890228984413       0.76737028664668760       0.77848135171323307       0.77576225014704225       0.80458371609977763       0.87008256588470201       0.54755486487807548       0.81480011064136471       0.68834887824214486       0.77455507242432342     
   1.1441591232464086       0.94468006102320567        1.3369386841842335        1.1503000127791869        1.1750640894425213        1.5740933211209207        1.0578514957399732        1.2869646321094999       0.94258411307927803        1.0548013225279720        1.1138912446530298        1.0883941597634432        1.1760877973383879     
  0.78515136081377690       0.29510300210254714       0.40839512049362386       0.86231409405007409       0.78345244400516056       0.79605575634923142       0.78937707907363097       0.81713131546884554       0.87803196004519857       0.55696834548847052       0.82632165547388603       0.70851874381855684       0.79146850256622359     
   1.0270279633924799        1.2305524070920686        1.2273874806007243        1.1825848426557428        1.0645639627504273        1.0349690256450197        1.0660030230076460        1.2363482247862569        1.2354125118267092        1.2042679150946700        1.3859887821972345        1.2222369588558748        1.1391236856162805     
  0.80140503943323693       0.30903013517344158       0.43101071942764274       0.87294628511630201       0.79926645365276106       0.81318780032182181       0.80304612765981320       0.83009335235006876       0.88522179642532572       0.56727317891780771       0.83916916882264447       0.73036824741484407       0.80754371360779609     
  0.99898534449836685        1.0023106428987796        1.1898017544685993        1.1392779146468948       0.97057138940387022        1.0875611922145396        1.1739212306697917        1.1044205483645457        1.1501260959704223        1.2946690421719860        1.0996198658013081        1.0706672825077099        1.1692992527795378     
  0.81785818632982410       0.32788450420579268       0.45438584790871805       0.88379162378032394       0.81470828820876318       0.82918732551788155       0.81702902214335493       0.84416549491709281       0.89276703319216388       0.57791970488950917       0.85139509932279300       0.75316050216461838       0.82276553129574537     
   1.1840549537473968        1.0218813375798272        1.0470196385671993        1.0550064887969079        1.2434043743068406        1.0196919611269835        1.1727776629677693        1.0285986601250181        1.1595579370180846        1.1458552166238283        1.0160452580715604        1.0149889136947023        1.1482496381057108     
  0.83416237028515883       0.34949696034544686       0.47820723498006545       0.89463654514964930       0.83018809077424160       0.84288448927998583       0.83151637468199058       0.85916544644575632       0.90220539070826444       0.58873224296580240       0.86388877906941930       0.77492136090274399       0.83751458885821850     
   1.0232548728060344        1.1452068865631171        1.0211867794720912        1.0039987267567243        1.1916248048182332       0.95230489722725242        1.1541670767085823        1.0132499330101985        1.3876621872078574        1.2044287442181114       0.95116599709393712        1.0435510408522861       0.94883959315688227     
  0.84989899898399257       0.37328497174394892       0.50430648607027129       0.90705026118193532       0.84560519807026968       0.85814252719107009       0.84454320030588015       0.87392587740170657       0.91098255260432737       0.59960487365158954       0.87669171484903530       0.79593843512438034       0.85320620006396353     
   1.0665683202164944        1.2406983629648010        1.0077927459554257        1.0619137601678730        1.0523611795411800        1.2874592979299644        1.0505202656183146       0.99126385429933250        1.1238780611253001        1.1453454458306451        1.2464579607846884        1.1647225152937020        1.0769442246426477     
  0.86755454322002012       0.39835715090041007       0.53391283071113405       0.91889253645237945       0.86176288822536762       0.87180454455798162       0.85621762327945283       0.88882126284108509       0.91825728551576669       0.61066592620097604       0.89103984186891505       0.81794277241196955       0.86974462804458852     
   1.3680347426017436        1.0765726765249799        1.0528929388353592        1.0111340497675936        1.3644549954546183        1.2033868780748158        1.1906558572788721        1.0445313451939777        1.1754914310262941        1.1082134983200342        1.2844368455249970       0.98034159787517550        1.2437601284516944     
  0.88656228120429392       0.42367446603411069       0.56857130862376215       0.93018554158701816       0.87885096527717410       0.88514906018463035       0.86854418532980171       0.90305203427497494       0.92562416906037281       0.62178757769286042       0.90552222261700410       0.84106805526161288       0.88622404579274139     
   1.3125600014471834       0.98359055325984501        1.1290738147872672        1.0789384577235721        1.1456897673455873        1.0669192928485118        1.1730349561297748        1.0940283069140515       0.85768967133533147        1.1110114848871480        1.1396389423600513        1.2491915143521508        1.1118480020041877     
  0.90398980409428342       0.44935552065951634       0.60902733244837715       0.94096122430950013       0.89627055009491408       0.89807751713133532       0.88209685246369207       0.91590958212848206       0.93272605059970748       0.63427244146040285       0.91935553951323223       0.86327222897376510       0.90277890902285196     
   1.2514840621930279        1.1928338177987619        1.1263508698962972        1.2477963031283548        1.3111850603325459        1.0593655762801195        1.0460265960429231        1.0512878767872365        1.1700859978397817        1.0879499768217373        1.2428756426764973       0.96578925813034089        1.1795212865650393     
  0.92096295409578521       0.47706525671124950       0.65705185219203521       0.95155318496546148       0.91379902906603727       0.91202550179020725       0.89744355181531676       0.92931734190976722       0.94073228993637403       0.64799276497092628       0.93247636024768399       0.88599888940715876       0.91924471611526370     
  0.96765273941710472        1.0815189365058659       0.98115888623714143        1.1513053857028668       0.98406585772757738       0.95092909675763204        1.2941065573046908        1.0836534055033515        1.0121307467797811        1.2945894757845002        1.1817026310260150        1.0547238802824854        1.2734473735048479     
  0.93815384692612513       0.51088912872600678       0.71206982112840667       0.96076802342275625       0.93183732823483678       0.92924258948765859       0.91644080803990857       0.94302114608358467       0.95003978898924502       0.66358379666550560       0.94702260880860101       0.90819170700528928       0.93542994487396647     
   1.2597111745006737        1.0186817465062599        1.1977563393439976        1.0888057359236478        1.2499115933645857        1.0086726260870718        1.2917361266510503        1.1632089384520536       0.98677698334499309       0.96264550485264622        1.0775683167588590        1.0899909955509854        1.0587800192820973     
  0.95522242609811314       0.55545997761916321       0.77467897800631458       0.96984886410106996       0.94903306262395337       0.94787858718992091       0.93753164854805360       0.95946982046071239       0.96005227702562890       0.68203458808213180       0.95966867875611617       0.93096798204772657       0.95151985789018201     
   1.1192553209474714       0.92641078186019366        1.0399566514817347        1.1823308903342691        1.1682249183003925        1.0524121530238821        1.3386767353577926       0.93870725451456105        1.0917557842974381        1.0976678364029979        1.1264372241951675        1.0211989868873137        1.0050888669385081     
  0.97151997789515099       0.61961869133876857       0.84254303019162158       0.97890146377462850       0.96591211194679383       0.96567178400587639       0.95783598767139444       0.97543590574865058       0.97084310672235974       0.70679987907179975       0.97222677147558867       0.95307588333023696       0.96775963451472546     
   1.2269133281394538        1.2230250357147623        1.0108101338142486        1.0961681381162047        1.1517226015988919        1.4484314973068515        1.2312811293023294        1.2141301579032453        1.1876298891043215        1.2519527838915525       0.99747842641236995        1.0435668088428474        1.2051425659800885     
  0.98598624776970223       0.73877964649259198       0.91844192414524484       0.98836573123013738       0.98330260267857250       0.98340562414541799       0.97955055476930875       0.98798617461407290       0.98417276825925315       0.77822831684238603       0.98572235377590744       0.97628224573108735       0.98345832798557709     
  0.95597931420407445        1.2432878966279677        1.0554727652466533        1.2186115293933462        1.0663647576022539        1.3863393575161471        1.2488676379957546        1.0225646998768194        1.0754302224789680        1.5416223961090165        1.0345529158936146        1.0046291012834658        1.2396702030836289     
   1.0000000000000000        1.0000000000000000        1.0000000000000000        1.0000000000000000        1.0000000000000000        1.0000000000000000        1.0000000000000000        1.0000000000000000        1.0000000000000000        1.0000000000000000        1.0000000000000000        1.0000000000000000        1.0000000000000000     
   1.2467594717521431        1.1044633098566099        1.1858551862513884        1.3253384797352969        1.1843716835146367        1.0790813710956293       0.94849401342435258        1.0577247734149819        1.1219236004716711        1.0112426112970032       0.96551761483893062        1.1736308678960472        1.1764356361829493     
   2.7711286025506570        9.5633513936031989        13.019850545614672        9.4383765125539512        2.8381655600274991        7.1197256642888327        11.487160012830264        7.4089955377810899        9.0139970664352713        2.5716780856687056E-002   5.0938032099261532        6.2129270970487820        4.6485924207270699     
   5.4914089594279467        4.6069298260933849        4.2836828575178645        4.2759386132148576        3.1089521564336304        9.3065656940672721        15.645884811686489        4.2885506500317456        3.8363773934603644        8.6962038233896184        3.0864369737089836        6.4201366825599404        5.3939730434854765     
   5.9813982044130052        3.4233368922492011        2.7557103292082932        3.1694637358432760        3.9392301172073192        4.2570256702246523        10.522565541207907        8.0278420142436531        3.9148626738521926        6.2491596017998194        5.4170078535810875        9.4138854290604375        7.8522720042913416     
   6.9786642721271894        3.7590373602977376      -0.69612540464169193       0.82470361398376579        4.2656385728249910        6.0879869620201923        8.3840236404952098      -0.78483114318422886        4.6716041975591605        3.4352836071761361        5.3619126482026997        4.7313696235066924        7.3164386528904402     
   3.7227058114969824        3.3106813456324962       -1.7754702126400594        1.4905559667905734        7.5915171177022964        6.7902412204487668        3.1559385049377058       0.64543395331630471        5.9920705671945367        5.4012295605398304        6.4308060411953569        3.3856295870533271        4.1188170747137294     
   5.2530326066814821        2.7277396984291173      -0.31532185205494406        2.3803895903838219        6.8382488509946118        7.0061686780278887        3.9332525008997807        7.9582088020694277        4.9305811420672843        3.6889308060086923        5.4574735568635298        4.3555399920463920        4.4333940079689365     
   5.0444325577141136        2.2006783270395793        2.5290040728537275        7.8922232419787930        8.9031932677039212        4.3824241562882076       -7.3461810839633408        2.6226119468596942        5.4196744359552715        6.6212647820604058        6.4640005545338690        5.5615071558638212        4.9308047500928192     
   6.6738713755856436        4.4850094813703603        5.3230536532392332        10.653444119257447        2.7137337526671765        4.9709323737310758       -15.292290637671892        7.7644044465828497        4.3760215039578174        6.6903035759371781        5.8714259983288191        3.1028800314784735        2.2876982152094292     
   7.5273953932043378E-002
           1           1           1           1           1           1           1           1           1           1           1           1           1
  0.10910702607203586        4.4214121114207056E-002  -4.2336194556551922E-005   6.4191720931786538        1.8291933298861687E-003   2.5297308995657749E-006
   2.2218014304849591E-003   2.1056437985040358E-003   2.5171068916558906E-004  0.56865630491827313        2.5162772884653969E-004   3.7624033033917848E-007
   5.0000000000000001E-003   4.6030250240842792     
