   0.0000000000000000        0.0000000000000000        0.0000000000000000        0.0000000000000000        0.0000000000000000        0.0000000000000000        0.0000000000000000        0.0000000000000000        0.0000000000000000        0.0000000000000000        0.0000000000000000        0.0000000000000000        0.0000000000000000     
   3.6865964292951304E-004   2.0209747211072538E-002   1.3983774812186996E-002   1.2480178285334546E-002   2.9888097605929115E-002   1.7874337524168584E-002   1.9392105449415602E-002   1.4848660809192947E-002  0.18087801929930789        9.3404789533792526E-002   6.5828045509836036E-002   1.8572126336667213E-002   1.4793164228898571E-002
   1.3890780078328129        1.0409673751135522        1.1442176694546560        1.0711109580843539        1.3310822999481891        1.1552706681649947        1.2324229944712246        1.3728880343344838       0.92165977417745770       0.92165977417745770        1.0815313025740394        1.3194338124023410        1.2044013667467852     
   7.3737072527142906E-004   3.9009136949715875E-002   2.8336460500027409E-002   2.5382939447887776E-002   5.7304519344817645E-002   3.5344614929919499E-002   3.8322099313844546E-002   2.9544432012516119E-002  0.34879566066047607       0.17530133792532790       0.11894202553448052        3.5916569319614781E-002   2.8881612251522082E-002
   2.0983136271027818        1.3799887567688554        1.2288381718312893        1.0731777870870771        1.2777608198277721        1.5894232211813115       0.99409298577770433        1.1621373593480058        1.7906492605454833        1.8446956714939695        1.2420266380326510        1.7071968373892823        1.3491545023570197     
   1.1068409097394131E-003   5.6074602751326953E-002   4.2844865033028381E-002   3.9819580268615949E-002   8.1227236756174132E-002   5.3138731404522001E-002   5.4069657818634834E-002   4.6451000519412852E-002  0.39054803535640381       0.19135213203860085       0.15396184893093645        5.1458126638378898E-002   4.3658234221192173E-002
   2.2948123510078280        1.2786380110897371        1.4493009390877072        1.2584267079345848        1.1982748484489378        1.1930937412877696        1.0815313025740394        1.2684967613687983        1.1759290933747031        1.3999222472172301        1.3001479376964520        1.5079273392632526        1.3510185673947732     
   1.4819917214936485E-003   7.2489968611007621E-002   5.7908586858080500E-002   5.4281182833691828E-002  0.10358448152182596        7.1337959377368587E-002   6.9774404188930370E-002   6.2982698698717587E-002  0.43188260267477901       0.20749386353740143       0.18232005542713189        6.8204716862156206E-002   5.8135016158225056E-002
   1.7311274963399217        1.2924223635521923        1.5387631390590166        1.2655285858491205        1.4354330349864757        1.2155182099436510        1.2735673083655554        1.3668159744161008        1.5811022527261991        1.2424081595892156        1.1098063425006397        1.3303722838448984        1.1449873126609349     
   1.8947678199884932E-003   8.8805458854361405E-002   7.4100336515163054E-002   7.1347374799036883E-002  0.12113927228443247        8.8536185346447041E-002   9.0007425623535614E-002   8.0000965775885960E-002  0.45738776171608808       0.22052016824671872       0.20404676312032224        8.6677910306890427E-002   7.4389700632770644E-002
   1.5834597996156785        1.4763853091514405        1.3781256696485227        1.1191184995574999        1.3092012794248811        1.2922716390188203        1.2127857229813472        1.2636389662096663        1.5395496105725295        1.5336211328188081        1.1065302328750721        1.6396228887748205        1.1416736053072800     
   2.3224672333752123E-003  0.10406785951168783        9.0815304696436353E-002   8.8058326359460343E-002  0.13711284911833230       0.10613540997335424       0.11083405940363726        9.6458439035009946E-002  0.47755274707839568       0.23240513538765370       0.22397367110940219       0.10443953984401351        9.0612526067956403E-002
   1.8877101938720664        1.2120467204777865        1.2846626091276308        1.3502839317244917        1.2521476071298665        1.3841794546518587        1.2477223508739179        1.0878223234203082        1.1934598551605085        1.2032376164972522        1.3402072925658233        1.3307931307290226        1.4638598996020948     
   2.7724020971837725E-003  0.11836269461755318       0.10670164116715614       0.10403672336743659       0.15148471290197768       0.12207667768230947       0.13136377981829597       0.11049713349624786       0.49574157558711457       0.24253567156417563       0.24098140653231001       0.12178275724936309       0.10796519894979845     
   1.3567411550541211        1.0815313025740394        1.3691728278243618        1.3562661184471461        1.4589799808256709        1.3040272594235509        1.1790626283794208        1.2836653936940341        1.0296600101044158        1.2914545557040977        1.2631671791855168        1.3313728076386009        1.3787449319651561     
   3.3856160021022200E-003  0.13368462852899246       0.12198276028509022       0.11994099727538710       0.16620206546971336       0.13724395286652377       0.15121071858259333       0.12489421803344716       0.51030053797949604       0.25208813093874533       0.25604391120197301       0.14085189826295177       0.12515455915456145     
   1.6798198361402015        1.1169055130942378        1.2631470779874479        1.3819849928263903        1.2155408909485157        1.0517153042074723        1.1839567465671246        1.3644634972448113        1.1447838939982424        1.5456092227321165        1.3357283272385418        1.4208948850999341        1.3207972209344454     
   4.0409885584728111E-003  0.15107126919097763       0.13852070683645207       0.13653597617948099       0.17767700734690597       0.15265411529382805       0.16811245502556799       0.14026068322839780       0.52533423347952712       0.25986474730238757       0.26871114327756479       0.15571888677768919       0.14255734522338429     
   1.4898183333857860        1.3817421814917399        1.1674912642853876        1.4100261354747214        1.2346944884034798        1.1330169950924620       0.96821567723833879        1.3477924517838704        1.2604687467029498        1.1611989049273339        1.2284662316836186        1.4481580334190320        1.2195327486265306     
   4.7398704303195155E-003  0.16928205694022466       0.15521130519848397       0.15351364030780543       0.18909278744998620       0.16775416014253433       0.18543392425235516       0.15522212822942899       0.54000370572610756       0.26744572703153485       0.28105162810476364       0.17239738836688201       0.15948203923201201     
   1.5692815861271308        1.1202227579648785        1.2524564518210088        1.4870585557847917        1.0989433954652905        1.4296513759694456        1.0724511746712804        1.2025681128417249        1.3271352956659757        1.4037242768982208        1.1739650398989743        1.3554163296509694        1.2347496986357820     
   5.7036331673555648E-003  0.18753525433601795       0.16782076749308886       0.17273896652495355       0.20263192228002008       0.18144145464360165       0.20492322871933627       0.16953862821852733       0.55422834917317876       0.27439761898681952       0.29323562623353888       0.18906924908169254       0.17647486413750324     
   1.4763362665431958        1.1232405809438515        1.0324360296159902        1.4288592592574410        1.2651814495499580        1.0633553065749395        1.3733198335015040        1.2261465106901792        1.2555822680816662        1.2861281315082911        1.2261047655727086        1.1420582373625798        1.4246466971769201     
   6.6959512357351644E-003  0.20617433815636224       0.17956869930260203       0.19176116283581596       0.21551834790755245       0.19548445361045377       0.22467370404524689       0.18546122104711862       0.56815333186657058       0.28143375780739743       0.30430503330575098       0.20542993060331077       0.19350083186138486     
   1.3752266700078686        1.2401182114265006        1.1481189004870063        1.3212699991430783        1.2246811121355861        1.0823361249309993        1.2853023599489555        1.2667125902899179        1.0842291446918093        1.1204012391620244        1.3520873616248252        1.2788496640318940        1.2804847817996423     
   7.8366253213099195E-003  0.22486085961867444       0.19360679179591653       0.21083594925618812       0.22706808836717954       0.20957260447978326       0.24445021267600689       0.20149966359786256       0.57988760905547110       0.28781814056341515       0.31464136234576917       0.22168333376953259       0.21028258906642988     
   1.3714988821589060        1.1933055835815787        1.1664341814914378        1.4498783338627335        1.2523378428256684        1.1925195683506871        1.1615259578801946        1.0815967506936015        1.2493164580015310        1.1408359337918457        1.1074373919901088        1.1801940916399130        1.1392097848953633     
   9.0445650859566334E-003  0.24294118340716264       0.20913936709026207       0.22931763450610138       0.23882625939887467       0.22448676632054082       0.26525634010888560       0.21797406538252728       0.59084467926737583       0.29438329760955911       0.32713793362645827       0.23871709915218789       0.22731165073288892     
   1.3404341123686523        1.3074156002368180        1.4560497783933268        1.3926508874202488        1.3756257585407270        1.1257250657258100        1.2802075466657663        1.1189463882947299        1.0253755090244017        1.3450626946639970        1.6322396936242323        1.3120519130527153        1.2276000949669690     
   1.0339552242679550E-002  0.25988470556740501       0.22555716364648565       0.24634528709034886       0.24997959756024601       0.24174997870924092       0.28483689559201270       0.23557292426196869       0.60201897205605148       0.30140659768835543       0.34056929703816374       0.25556193412332529       0.24299970025492298     
   1.2280063336292852        1.4543374476287732        1.3143223701139020        1.4877859552630393        1.2593828864986483        1.2504263929962178        1.6211050984836142        1.2429998729363299        1.3313293604282268        1.2914531667594018        1.3311571404782760        1.2376291935791996        1.1253771476354399     
   1.1707103745641621E-002  0.27624784850686840       0.24229979290634876       0.26406866270284185       0.26178342439253893       0.25866883665619061       0.30282738466927900       0.25386452448040220       0.61348583614766705       0.30832341962372123       0.35215628435469526       0.27274137673257481       0.25843605192829033     
   1.1888799170985211        1.1918429046413397        1.3469917083453584        1.4868394689998659        1.3372912796743246        1.4136769501946946        1.1456112359749702        1.3446006622629645        1.4517607214305528        1.1585727166711277        1.1708721033981420        1.5121714554841643        1.2909281485146080     
   1.3134629617093340E-002  0.29261317429151273       0.25836138009452464       0.28252843183236231       0.27371409838978217       0.27499063916601768       0.32050204252177761       0.27232240007453468       0.62499879036574657       0.31457413694019276       0.36300110485073445       0.29053762792794252       0.27541642369147340     
   1.5355785825225712        1.0710813261454375        1.1782048734031416        1.2353498836127761        1.2459683641936163        1.4408648918295879        1.1125508916580680        1.4965926658830719        1.5272116787478698        1.2098762357681874        1.2966556826614490        1.0811631445587657        1.1611492879692529     
   1.4674454593795832E-002  0.30911603704556700       0.27396532010132524       0.29978486094460360       0.28532104593103008       0.29124772037656266       0.33866451666601460       0.29094588510819164       0.63696215574560688       0.32067338805791379       0.37527840964732528       0.30709408051085096       0.29304333145421524     
   1.1561826834602906        1.4175511437611781        1.1337167865666133        1.1377693925270382        1.3546634499366856        1.2834808925927694        1.4382190776095394        1.5421860630682565        1.1955149218876298        1.0494431080704563        1.1505159385648536        1.0047847088945645        1.1088877102549757     
   1.6311718780224152E-002  0.32671510271642729       0.28981479435171187       0.31462295219843500       0.29825194689308598       0.30631058679629697       0.35568639068675145       0.30668597832255534       0.64683325755484999       0.32640207545388855       0.38887392113517766       0.32229497620276321       0.31005170829750806     
   1.3215563716802863        1.4204916376244188        1.2748480175897099        1.2128278870720504        1.7612037262682685        1.1803460346877832        1.3187398476991889        1.1212186938233171        1.1926129138133512        1.1965289069959537        1.2728051564406810        1.1825589991573018        1.3635056442761038     
   1.8128517588721207E-002  0.34376697438558623       0.30633401558520285       0.32965091313350214       0.31064576432845042       0.32268247254464583       0.37045090549154913       0.32106997158802753       0.65582045607144801       0.33255329360682578       0.40172647765595110       0.33721109689015732       0.32708242148980360     
   1.4372823864715503        1.4173815083572487        1.2446780057297204        1.0973325605751065        1.1644944867126539        1.3561143116089345        1.2078983560579317        1.2960657332772247        1.4176278322579869        1.1843235808324311        1.1814693044402911        1.1371778832090562        1.2531361476846947     
   2.0144392034140736E-002  0.36025926142576281       0.32339582295809344       0.34413725204381840       0.32208935783328640       0.33863331880587766       0.38571508303098279       0.33585470119405925       0.66276320395467481       0.34028608153018791       0.41385500577874623       0.35120882915956519       0.34349071006738824     
   1.1350266049258679        1.2720127805846229        1.5905124464930760        1.0705621846282345        1.1203161583513050        1.3997991693566836        1.2492183997930972        1.1514064553898149       0.97456046645896810        1.3555973173654534        1.3072109415333708        1.1251517536638274        1.3255660091891199     
   2.2552451561184288E-002  0.37592742259945183       0.33962898621292126       0.35849907315589441       0.33314223724062980       0.35485966638109545       0.40130167545773843       0.35059816960175666       0.66988241553333283       0.34770468623116951       0.42690246327886905       0.36691373625541412       0.35947335394679075     
   1.2572009679267171        1.4832383415440593        1.3445900905740678        1.1449811381151942        1.2765345848940925        1.4004539259960944        1.4891377337611020        1.2732701619820519        1.1719001859315055        1.3801941246833092        1.4127845528960874        1.3864469331280291        1.2970898814918210     
   2.5085269655649649E-002  0.39091052227908607       0.35594749449644192       0.37503965434526304       0.34353310339068599       0.36969681523488485       0.41905373595167061       0.36535328351095719       0.67721271410861983       0.35468383459989722       0.44096261315187346       0.38331409543517164       0.37547246660801709     
   1.2172968236032391        1.1141983790633352        1.3397489652733423        1.2121309630190782        1.1942644104214037        1.2638689975066963        1.2942970420219391        1.3820295787673165        1.2701702806713187        1.0212306536876745        1.4141920006742823        1.2645105028844665        1.1228300393074759     
   2.8018241968902364E-002  0.40559387838839739       0.37459109556706643       0.39076387192295114       0.35375830291157723       0.38414859602942170       0.43816324804548407       0.38027247834063987       0.68435136978942557       0.36174353437863715       0.45350030705249639       0.39952334032278503       0.39218558843433193     
   1.5745518864129526        1.2257338802363584        1.4707167206736091       0.95605881861856201        1.4041860248357576        1.3137408440407272        1.2338218174184199        1.1524364393026838        1.1764485314463247        1.3059540836335177        1.3600425487487551        1.1607067134375642        1.2934263779408175     
   3.1163059541262379E-002  0.42065126557594684       0.39308997517805172       0.40672257779236759       0.36458338129983225       0.39644671950912075       0.45612590429987210       0.39448160829997247       0.69199414868405629       0.36875762741450391       0.46510632462206003       0.41700974096306065       0.40904115000838531     
   1.1981046663944375        1.1408585076124567        1.3216007015251574        1.3719272511349787        1.1105528774670521        1.2204425383612409        1.1731895456064367        1.1915184096557612        1.1267537896101174        1.2169100695278123        1.2047098974713131        1.7136793489723179        1.3550284141822742     
   3.4995832694741387E-002  0.43581267271319363       0.40913167327481959       0.42239829113698102       0.37563073509154882       0.40919527717175352       0.47297186774059036       0.40813746802643869       0.69968693837270890       0.37538573612945619       0.47759085504270954       0.43456684487777936       0.42531337539836217     
   1.3920844390311282        1.3174677819479950        1.1592068034469001        1.5643919400719739        1.4583681839895162        1.3172946377028789        1.3860494802272652        1.2539316085217342        1.1899856623889074        1.1959952608337601        1.4500760825952637        1.4226126066919711        1.1800147411780109     
   3.9086484862541744E-002  0.45123594582777399       0.42508070060543746       0.43468940647660798       0.38556920264318323       0.42210632544009896       0.48918580010529200       0.42281743105656427       0.70765543596684932       0.38200055928926330       0.49024193932416676       0.45031216313108835       0.44174853988690993     
   1.1817251270833846        1.3225737028469959        1.2233251064335349        1.0232750788623917        1.2820780073036153        1.4339256949503918        1.3971875852141753        1.4138304179791465        1.2828251481736710        1.2117868768394116        1.3993782078940764        1.2492051218864024        1.2790522778637181     
   4.3698251281413338E-002  0.46632047714207037       0.44285754600782062       0.44801339415270441       0.39464505648241616       0.43609953371140447       0.50460876745399685       0.43808762955348102       0.71539059025213358       0.38872521554702960       0.50386969702357287       0.46592033280097339       0.45783787635971041     
   1.0981610450612496        1.1960815574324997        1.2006715584780006        1.2766595055029639        1.2915829995697021        1.1016495890642628        1.1109065163848291        1.2203988490678208        1.1813010696603941        1.3249315972484288        1.1983454493342582        1.0683660861925222        1.3914391624048119     
   4.8204264694753571E-002  0.48235616797236408       0.46093096737357497       0.46195633768383465       0.40415145690937831       0.45101460893970557       0.51740930952735120       0.45305333896382377       0.72231893335803155       0.39542870247867085       0.51796943615636382       0.48186343345805233       0.47439646297585730     
   1.2706053140514899        1.3894200010334401        1.2572845856401249        1.0976169197018266        1.1693371313904120        1.2880074547784814        1.2691342198279350        1.2350333620436220        1.0923964683767686        1.3376654140043172        1.2607396333378955        1.1132421131015973        1.3994108064852202     
   5.3070561956129358E-002  0.49558917644062073       0.48007773715394519       0.47532440058033293       0.41365962445089216       0.46539967323518733       0.53019263008378492       0.46817651941277094       0.72919666702000174       0.40198649053037883       0.53150523599979627       0.49769553019964391       0.49050785332518132     
   1.2607628307078811        1.2131423907259342        1.3603911804346569        1.2141339247264760        1.1660860497310812        1.3731516939322659        1.1899257032352732        1.2862813352336377        1.1675126620316796        1.1846119030493942        1.2267376901144478        1.2854511364329577        1.3464395417966566     
   5.8087062338001712E-002  0.50917328668622130       0.50017131179958108       0.49032121760463421       0.42386054450552296       0.47869615912801411       0.54637693407784482       0.48273652115429766       0.73626278971915049       0.40860722254389342       0.54547795876103500       0.51397406278048730       0.50539758958779235     
   1.1432685038003947        1.2238061300426195        1.2408912207781064        1.2822608370005950        1.1056122898466614        1.1853200103172308        1.3019758706264235        1.0699362970340720        1.0967284011959104        1.3395459113190553        1.1667237148184311        1.3161188099561592        1.1212415929460466     
   6.3481206425790054E-002  0.52301502904052355       0.51886451242964948       0.50599150145312100       0.43445223502804220       0.49240785052569297       0.56166950566095997       0.49701785604838172       0.74391552303676689       0.41564515410395275       0.55929733567709261       0.52969619923941447       0.51922752840076547     
   1.0704984653913452        1.3570243039002905        1.2510227111115575        1.2472746094764802        1.1635930222811721        1.1445452515314432        1.3753748786996707        1.2954099479020893        1.0756313923904581        1.2878731221352602        1.1342235571838057        1.3126561859418500        1.1852077266120771     
   6.9268847654010660E-002  0.53773470494196607       0.53837536837859712       0.52269018859085337       0.44578762377723552       0.50608067359676789       0.57738657945498928       0.51050714557602606       0.75178988419750992       0.42281455681702701       0.57327578977987326       0.54498100550432604       0.53304265172921195     
   1.1540811651728060        1.2373614607582619        1.1636023990742861        1.4731298484903776        1.0705638257341463        1.1876732364578493        1.1646163851677522        1.1958813332841998        1.2362818814213701        1.3478936812112070        1.2619517530621418        1.2529490197171496        1.2122082977892061     
   7.5812820539323353E-002  0.55457381131057759       0.55346788751771170       0.53966829939780947       0.45683849672717231       0.52102562523459706       0.59276618088503574       0.52405751125473066       0.75890808615344163       0.43002450293843530       0.58816472124180508       0.55982411060696224       0.54647246156363738     
   1.2888285096400467        1.4249816100603139        1.2009926973117728        1.4222603600674864        1.3010418721908883        1.3496025412775328        1.2680643253307182        1.1543464566202566        1.3846325227808569        1.3215940452127226        1.1575891723301555        1.2571459517709109        1.3890747338660796     
   8.2908873653202236E-002  0.57002170414607212       0.56915183510188294       0.55644377006966872       0.46900168145028254       0.53663681976746191       0.60824765383563117       0.53846065335531501       0.76565696047655707       0.43772373421313671       0.60387815369981057       0.57437481855403949       0.56086419919242014     
   1.1949336231535206        1.0995951776154353        1.0768782673864628        1.2005997367245682        1.2842760901652295        1.2016042499233748        1.1754845985383235        1.3281186446604438        1.1424180717883208        1.3266635896209991        1.3575256544604093        1.1264308078197807        1.5389775962745729     
   9.0719967365304743E-002  0.58463692601002237       0.58665835539221511       0.57289335019802556       0.48139227588901823       0.55211432039666886       0.62420130927410833       0.55352458710160313       0.77268147627736250       0.44612808624299721       0.61986955928017762       0.58963035192290192       0.57409442436446723     
   1.0037707450492257        1.1482283318314930        1.3383091657766406        1.1419566721597518        1.1830930959113761        1.1881085782601117        1.3540847373980927        1.1307539509869275        1.2754029859484124        1.3060711909398219        1.2245682040371479        1.2226629889232896        1.2863868705224888     
   9.8871424403928029E-002  0.59926924849640861       0.60436610396435386       0.58839243810032904       0.49346143418887084       0.56685371077750990       0.64037816905474987       0.56765043255237968       0.77979494876672895       0.45447123065805239       0.63625672219248397       0.60380209351440428       0.58775922552078019     
   1.2281252386596684        1.2549236246478135        1.2637213105015603        1.1920722698039157        1.2128515354563525        1.1948877140028045        1.1781754994561107        1.2843370662266551        1.2863136783133493        1.2753506074079359        1.2218713966830121        1.1647328929878096        1.0831935183625521     
  0.10699684077288708       0.61423049578745503       0.62238488713694240       0.60435509334178850       0.50502853894929023       0.58221650009836490       0.65674622403055993       0.58143449655506807       0.78745115151945411       0.46241632757442264       0.65246219659639626       0.61722600347561696       0.60137043734972506     
   1.1156222397740103        1.3151507661763508        1.2875890337572728        1.2097588707068552        1.1682526004828020        1.1941809281582199        1.2273529252777597        1.1926999094187198        1.1754104227051687        1.2329319530620670        1.3092255273332372        1.1464179765394491        1.2663006023744714     
  0.11664440450390499       0.62902246922314975       0.64050876011651370       0.61973458897173683       0.51556202469986367       0.59908987810018677       0.67202963121845039       0.59425685521240112       0.79530301055467567       0.47027989740069892       0.66771012812240316       0.62980979728572783       0.61389955233290994     
   1.1501673327938640        1.3516246650085402        1.1710697272431381        1.2517635415324544        1.1493650735075878        1.2751897525961489        1.2514434046995786        1.2499393367635567        1.2855386067600170        1.3310723144061556        1.2088445526108080        1.2028784782311270        1.1507854655255723     
  0.12659099771756666       0.64369573221748011       0.65733003706533166       0.63471728202155087       0.52582073778196847       0.61484138147360312       0.68624090931867110       0.60581566287805455       0.80281783011211127       0.47815031370840616       0.68193672408861783       0.64251366639750818       0.62813722753606538     
   1.2109621445638861        1.0248032740259110        1.3696066839804155        1.2362375892312254        1.1413790358590954        1.3190916822518055        1.2466750574126029       0.97768287588694158        1.4851750998110462        1.2038078969192698        1.2435948957211589        1.2023060748097609        1.1489436810098148     
  0.13689111640749180       0.65785991776595321       0.67254796607036715       0.64972831447709811       0.53758840236907868       0.62891630036037849       0.70055469116335523       0.61976233170955131       0.81019778479489368       0.48607869136990417       0.69517937972226906       0.65406662181628339       0.64210128392961285     
   1.0551546010296446        1.2748465642512674        1.3661274364549323        1.2515716301951600        1.0964737721981497        1.1297641731549986        1.2705540350412163        1.2252457212332664        1.1769574251844956        1.5757091670743077        1.0579761898302986        1.2428330243863257        1.2594144770781686     
  0.14795788881885155       0.67321488793758810       0.68592495339146131       0.66536679197392756       0.54945162192803276       0.64218462870280613       0.71378925413264560       0.63397056908455474       0.81751230854759105       0.49392386072617511       0.70816233924515271       0.66534920039469569       0.65653398350514902     
   1.0764215105540609        1.3647525771351454        1.1724037713864035        1.1455844127529446        1.0825705250008066        1.3147604666562522        1.3492852949093241        1.0924995500126977        1.4705292283546540        1.2654990269976998        1.0645581363508727        1.2875551054281762        1.3297741285639730     
  0.16093851753600402       0.68866602039987423       0.70072607160322631       0.68148724649895909       0.56238191777532320       0.65541128955991723       0.72747692520382423       0.64781682478511016       0.82412844086271231       0.50200232869911199       0.72194937218098243       0.67575776630821094       0.67096178676569707     
   1.2129056301492780        1.2793582184083783        1.1220482096942197        1.1740060263676668        1.2992742882750263        1.2260457918611498        1.2815104593258424        1.2793851103516023        1.2969608543296389        1.1201931850001248        1.1592439898530436        1.1279580264074474        1.1945158174267210     
  0.17582607982107579       0.70454202772786467       0.71598218493451904       0.69697256347782988       0.57476012472246907       0.67066249640699127       0.74067976992415852       0.66156246695213661       0.83093181477903200       0.51071538585362597       0.73589176792103494       0.68535472650588780       0.68584507742852097     
   1.0712452471616087        1.1557363508601337        1.2609442385724163        1.3039538337338350        1.2113104347418080        1.3826400277433850        1.3294240874188075        1.1656887072654329        1.2948557295127698        1.1478058317109217        1.2515053596707066        1.0657266418772429        1.2167058687211703     
  0.19210263735208660       0.72087221997387041       0.73183705684847400       0.71113610026466745       0.58837866207877820       0.68639834310617331       0.75508877482098813       0.67635067481461064       0.83770285926667887       0.51963201885436106       0.74983610970639281       0.69846650417718981       0.70069801566974421     
   1.1180426497233185        1.3160784036581603        1.2697420701221125        1.3465448837757756        1.2391300824281690        1.4461324103041078        1.1816951545955181        1.2804655998192986        1.1717334122021981        1.2605426446962418        1.0721272184614508        1.0934206632012027        1.0675394311499466     
  0.21008670514873254       0.73743749576866591       0.74880079859799031       0.72496349061639065       0.60238995563505027       0.70306125097024685       0.76974819671271022       0.69136898351012943       0.84465483017997445       0.52953433264562921       0.76364374486802145       0.71117976877065237       0.71901641312807052     
   1.3169220221071021        1.3519820490093073        1.2372239192490355        1.1115026687907086        1.2613205704668664        1.1576870366358951        1.3621421508172202        1.0536397999114246        1.1307551334461079        1.1693285960482838        1.1626454791219223        1.1492482126763568        1.1837248949023933     
  0.22782349591207846       0.75475624566026867       0.76643387800035223       0.73861296792474007       0.61701196904434097       0.72047743671895537       0.78226242990587991       0.70924623717865853       0.85233670819589291       0.53926618069115650       0.77775759130091626       0.72580022099394459       0.73781495216171900     
   1.0253755090244017        1.2542532432604643        1.3817373660299492        1.1472323173427834        1.3428485420802139        1.1852601546994559        1.1029151624453752        1.2398135986146057        1.4699253629984723        1.1478550983347422        1.1425070557694628        1.0624995012236311        1.6254942849275740     
  0.26233991324310396       0.77044945893696692       0.78592841026903626       0.75281784357394055       0.63213385639517816       0.73654714402558519       0.79448635330215245       0.72621847061468936       0.85960928131978587       0.54826303859229308       0.79260234711101618       0.74073459674125497       0.75520110681928032     
   1.7032984480905564        1.3599701168185201        1.1144401319941186        1.2083447914279777        1.3261341505976587        1.1097616403252795        1.2984481539450654        1.2040199414580348        1.2498241113723121        1.3667613625979138        1.1499019906023755        1.2341417488079673        1.2072136542888638     
  0.29996699042899350       0.78625746272935815       0.80419613173087523       0.76790284968670253       0.64764826629552708       0.75196553828125590       0.80561076554611599       0.74183059053008127       0.86696338960335684       0.55729730655725906       0.80827997352759740       0.75610872107172356       0.77277145962436566     
   1.1089693148357334        1.1101384903082274        1.2740506082827050        1.2874589667067584        1.3019479642221699        1.1770864032818225        1.2257984454354189        1.1955539413310867        1.2636137150722782        1.1583917568179982        1.1345868808545521        1.2477243671348883        1.1268016760235346     
  0.34623557547301215       0.80074943819446853       0.81880850242004244       0.78434185131713752       0.66344169744044390       0.76621200456620664       0.81713832649153650       0.75821129028680845       0.87446558284295473       0.56596788799851860       0.82312343578549374       0.77178681964277884       0.78976330808244399     
   1.0542718735009149        1.2628180808335892        1.2247799423091903        1.3272316269784625        1.4248171783337304        1.1428228770412407        1.2515870569617877        1.3894047047949141        1.4612237762309948        1.1436899995667742        1.2925055295706611        1.1936040508525687        1.1119363004479812     
  0.39178139563107567       0.81507977223282013       0.83399989544127162       0.80142172117228261       0.67940364702413181       0.78026148794802819       0.83038188028780036       0.77694746133036996       0.88164975317759053       0.57524992487607018       0.83709137463304828       0.78836909071933958       0.80592445410958458     
   1.1339443228974246        1.1922773177576622        1.2691342198279350        1.2381928805543261        1.2350197447872957        1.1412384054099238        1.1863018845003594        1.1851581134696862        1.1270591709865370        1.4090991081705355        1.2091839866484768        1.0834574836965460        1.3171664798375378     
  0.43512770814357776       0.82824214708690613       0.85052660455126305       0.81771019776349452       0.69537485983629310       0.79542123417306621       0.84376889588701831       0.79477645814036646       0.88901747520395746       0.58511536215382032       0.85152987618419995       0.80565315163622264       0.82176832532852417     
   1.0719284704648444        1.1978381103361999        1.3743845356049305        1.4576974568359644        1.2325794560129952        1.1325277761341490        1.2814969042340081        1.1800695125210103        1.3466762536999004        1.2191050909361447        1.2049100018297492        1.2371540383764379        1.2275613438798161     
  0.47708108443703423       0.84134600477803245       0.86611785063776936       0.83338385045647179       0.71118972323085483       0.81074921804538735       0.85678443117137604       0.81188148253705816       0.89566432971841659       0.59482364263731158       0.86465629317658865       0.82345572220876651       0.83611114310033829     
   1.2924639147223285        1.2614906263229841        1.1560904613693948        1.2136400280837780        1.0816039302310669        1.1666078701730853        1.1476334327496116        1.3573396177124952        1.2090473775242232        1.1838051138276267        1.2139638879089123        1.3618539355029329        1.2688186148005196     
  0.51808535777056075       0.85402350455777076       0.87996876912445998       0.84854863987084772       0.72858633429987107       0.82651247309109133       0.86952690624659068       0.82851514597190268       0.90209365419220500       0.60451274903994900       0.87742909131177960       0.84073837803294682       0.84943928261474100     
  0.95565982838672048        1.1568343979835802        1.2089301244420343        1.1437395178210077        1.3393503642563998        1.2133296381569720        1.3072851765268403        1.1832474138872564        1.2270498490673649        1.0418229247623014        1.5083381762333128        1.2880334122130359        1.1925974356550630     
  0.55821854346877642       0.86847422027772936       0.89327385511194946       0.86315475523404195       0.74739058683243587       0.84318552765909716       0.88138668842316348       0.84412486738299186       0.90964982348429213       0.61383584346207842       0.89039766466452341       0.85709864896860644       0.86478758960214475     
   1.1722407657918239        1.1187984498703831        1.2653120831456151        1.1659681363390377        1.0453251297106663        1.1523067849345203        1.1934397349020527        1.2584034030266533        1.4724046865200400        1.2203782340304492        1.0307713375686052        1.2718887407912995        1.1323692760593242     
  0.59331543538950204       0.88225514809880834       0.90649626021846930       0.87796568525361962       0.76849759442283239       0.86019201447071025       0.89346453444057528       0.85943780924964586       0.91720715281167664       0.62317489699021367       0.90353828489637122       0.87408040369070272       0.88178515908168087     
   1.0127425428864265        1.1078714526321423        1.0846196801552574        1.2335365627305552        1.3263662028094552        1.4701099068871326        1.2362224046624799        1.3644133469095789        1.1807579537012185        1.0442848381067258        1.5409242973061656        1.2757987901512116        1.3818202297081610     
  0.62236927512670626       0.89831321274639819       0.91897996124174619       0.89324981908952872       0.78961304040220981       0.87768598182621538       0.90483662032360912       0.87454705159636070       0.92514808165524842       0.63471387349649466       0.91696289483153604       0.89150402501657600       0.89812550769960653     
   1.0684894203595225        1.1526874131958060        1.2039516395162178        1.1656209741751298        1.2884286822570890        1.2038238863255428        1.0330489221131460        1.2253300386899797        1.3915680190878248        1.0649394543175614        1.5573449508304256        1.2523283571685266        1.2925334566018472     
  0.65719003066700354       0.91430452219766001       0.93110176016839585       0.90897928462790378       0.81212236134387350       0.89492627049676621       0.91658548042695076       0.89071294919291188       0.93281185798055466       0.64611916125100588       0.93018055618040318       0.90847205395811292       0.91398598893530247     
   1.0623327023199471        1.2292311907246933        1.3356816711675015        1.3375814369514107        1.1238425861088626        1.5013912641602030        1.2715760440823838        1.1587164448669141        1.1547380863474948        1.3013571619779185        1.2203189973950062        1.3938441950056266        1.2542425153271464     
  0.69272690851439056       0.92932266953105047       0.94334363812581501       0.92614585090713630       0.83528556673135501       0.91033380196928937       0.92887815929380857       0.90777872774204571       0.94100095855412247       0.66113482981760774       0.94333082947608116       0.92463666149846069       0.92874090682128607     
  0.98929202231207425        1.3566397513657238        1.0394919276254346        1.2162171917848528        1.2461387253869776        1.2306631093277747        1.2031265524375507        1.3525982246426105        1.2961696138411187        1.2354727625189228        1.2113948364800067        1.0524652563779633        1.3617228096942355     
  0.73056322349226666       0.94493348996314497       0.95500138696129000       0.94328092095887262       0.86014790033258581       0.92740632408192591       0.94198565689104374       0.92442187105558404       0.94893848649688728       0.67503262622874061       0.95669256820919468       0.94062973430941654       0.94285389626575478     
  0.99431579298864792        1.3727229015633640        1.1065295821872749        1.4316845577963400        1.3046762866275128        1.3138234112474643        1.2112297381644657        1.4132742574072612        1.4593700149138182        1.0386019779121514        1.4757022534332116        1.2090598020770242        1.1770869134123136     
  0.76980078402421581       0.95750930892526587       0.96710023235857889       0.95843627487244276       0.88944897089619646       0.94615586084300352       0.95638327687396141       0.94205903107256506       0.95936183316715407       0.70890856586058359       0.96811849997694066       0.95533482714935203       0.95896963380144828     
  0.95013128661278001        1.1325937039952803        1.1658714599467142        1.2890877217421703        1.3581797670886520        1.2721154203575755        1.4147893422509066        1.2874763783884231        1.3028654714625034        1.6677248858717932        1.4089257707807625        1.1167344576300298        1.1966309098900199     
  0.81101343820625693       0.97021218389153685       0.97907159881271499       0.97331585489275985       0.92436379694614379       0.96415516111701827       0.97021412085976699       0.95939324800983505       0.96955974749032436       0.74451055789105647       0.97993618181744135       0.97015930451084387       0.97450739743511794     
   1.0883477417796388        1.0499019528880957        1.2863671461434911        1.2828262768465644        1.4328703030107253        1.3980615867858470        1.3991015641723947        1.2559654437228838        1.2011094697316753        1.2262187761970362        1.3915092350584735        1.2893079106062386        1.2920054312385172     
  0.89334417431194713       0.98530679915539354       0.98961891010970615       0.98700559734607607       0.96123499160326742       0.98234524542947121       0.98515912781503645       0.97936998328066327       0.98457507198898231       0.85113065755572581       0.98974916397100332       0.98548399468784176       0.98721735053100790     
   1.3478342625753466        1.4568922875126498        1.1374008361700378        1.1982038630431917        1.3145330334332366        1.1491505829985260        1.7098350770444930        1.5610729447151093        1.4023331970346991        1.6309734171204395        1.2884291722728591        1.2933943803904833        1.1393553548011863     
   1.0000000000000000        1.0000000000000000        1.0000000000000000        1.0000000000000000        1.0000000000000000        1.0000000000000000        1.0000000000000000        1.0000000000000000        1.0000000000000000        1.0000000000000000        1.0000000000000000        1.0000000000000000        1.0000000000000000     
  0.92165977417745770        1.4720153787466135        1.1985193898425608        1.0790612920886626        1.0729279132600211        1.1804075390253761        1.3640612268714047        1.4712191239588737        1.0248450199860388       0.92165977417745770        1.1678088523548731        1.1673095459520220        1.1344108650302518     
   7.0041124261877092        11.424247662736594       0.80783040969414721        4.0210869675297953        3.2418093009694542        5.5844718795966948       -1.7859447747551644        5.7233762359343068        2.9274677140548668      -0.59609776384374535        6.5702625769559990        9.3800813233163947        6.1272450721640022     
   3.3329359312549265        4.9475636571403818        9.4702265692749297        5.0074194220511341        10.035923099865963        2.5027015693908754        1.3504682472962477        10.846781794615168       0.30784971178421006        1.8823019541663850        4.4444004331552307        7.6497590506231861        4.3513539439096363     
   5.6616332530879818        4.3932089030035248        3.6096417456666159        7.2510032600750636        7.6794936051434224        4.4352179454426803        6.5620223708121843        6.2416142683873348        7.2145072061594124        9.0626523574966473        3.5950802962803028        6.5440097282361913        4.6209880021615790     
   6.4299766439346087        2.4726828104644527        5.9266714726113632        4.5769437046650312        4.0386456783633866        10.185247537685814        5.3825689838021411        6.1599991071289644        4.3487305680006649        5.5222961777623079        4.2481356566186914        2.6636419909167652        2.9615467441604526     
   5.8634866369894780        6.5546643803898146        6.2509867214326933        3.1289363838195636        5.5568308958430412        7.3357182870324049        4.4008579350952184        1.9632513102158722        4.6446917672985117        6.5162962304091989        5.0139038814005170        4.7252617709678910        4.4582156580772194     
   4.2310833114878115        6.0012514031068500        4.9873113025844553        12.104297430549119        4.6364016986908432        5.8524993027242740        7.8096793295626314        5.6337931746456391        8.4184334653176141        4.4890181246053951        8.1588193777693707        9.8544185746709552        4.1362524648951418     
   3.9375083946953935        2.7968176688329915        1.8924235112258236        4.3401304297297756        4.7274673070754334        2.0435190806249341        10.450464153308578        2.1708233988723755        4.3839760065462778        3.5960756051217926        4.7511134337292225        5.0703856150955504        11.429902915936236     
   19.284166965913503        3.4023967139554712        6.7680645386424274        4.5348110962568740        2.0126836518483580        3.9207342572143058        7.7804179635250215        3.4359649685120108        5.4154799930274322        6.1824670985982495        6.3496615938556991        4.3145040724509256        4.6269137144133143     
  0.42017035065693570     
           1           1           1           1           1           1           1           1           1           1           1           1           1
  0.34838523010608019       0.16627469932609543        1.6178534391911162E-003   5.6112059552025926        7.5143530941143297E-003   1.2105348073443530E-005
   4.6200785248253573E-003   3.1145041195284385E-003   9.5753010501447428E-004  0.37826944151570413        9.5726908211090972E-004   1.4637621745895467E-006
   5.0000000000000001E-003   6.0604300660764201     
