   0.0000000000000000        0.0000000000000000        0.0000000000000000        0.0000000000000000        0.0000000000000000        0.0000000000000000        0.0000000000000000        0.0000000000000000        0.0000000000000000        0.0000000000000000        0.0000000000000000        0.0000000000000000        0.0000000000000000     
  0.24274574004666477        4.9104689514253971E-003   2.7612736928982911E-003   7.9335030985525582E-003   1.4277818525289830E-002   1.6255196268474097E-002   4.8453733768927691E-002   1.5753526514534211E-002  0.39324008269640232       0.14557820620784420        5.7424235636065607E-002   1.1207016367653509E-002   1.3813562519946570E-002
  0.65872687599462776       0.85997564220682565        1.0342025764742253       0.91259491149649696       0.81303097077274722       0.85915977554179124       0.93281567455186909       0.82105139333403343       0.65872687599462776       0.65872687599462776       0.69480276246586570       0.82333886003289969       0.97854553424694146     
  0.27488027021656825        9.6235778707546814E-003   5.3313553989633548E-003   1.5996545259337063E-002   2.7688327047104618E-002   3.2939988042626378E-002   7.5530505125369712E-002   3.1175731413379360E-002  0.53418314296292047       0.19433759966938075        9.8343597383529088E-002   2.2139532002310978E-002   2.8087599472049647E-002
   1.2500606372051037        1.0791412803345948        1.0608899805808185       0.91995184108217742       0.84253302021924026       0.78040348904190027       0.87914684780845442       0.97305598930204729        1.2124455857522121       0.75852912492502300       0.79213358788588872        1.0187221851014681       0.89676069951387394     
  0.29694562381326123        1.3704467442134501E-002   7.6976264071882822E-003   2.4635585808262882E-002   4.1671161442853981E-002   4.7675446342547806E-002   9.6810452666955579E-002   4.7106076391037054E-002  0.56766959329748845       0.22634777509680343       0.13400913137038514        3.1352974129383773E-002   4.3154918063488083E-002
   1.1045605588985554        1.1556858426418326       0.93921366515833804       0.82539716035454158       0.89131787337932644       0.85043414698967124       0.89653524969419707       0.93428002787954600       0.87922998913022266        1.0316677621074553       0.78300158817445020        1.0785644575775655        1.0408741161667734     
  0.31379106167674509        1.7432072654436033E-002   1.0009940382193399E-002   3.3449953921549057E-002   5.4855363710186532E-002   6.2135664983638761E-002  0.11726972435820412        6.2280222389055659E-002  0.59690385757835618       0.24410621253281958       0.16602738871985517        3.9329215351682961E-002   5.8108784205102612E-002
  0.86293131630564357        1.0133503978478420        1.0975775185962371        1.0097916306945234       0.81864824190243857       0.93523435485109441       0.92901058220862431       0.74148324434365531       0.89338954660598546       0.96959120442560620       0.77131810582413107        1.0400744316603736       0.96590795377731531     
  0.33106709197396095        2.1221567389083675E-002   1.2363239345142564E-002   4.3028092881705747E-002   6.9684086874548565E-002   7.6472324861523472E-002  0.13559103943625733        7.6759750634778884E-002  0.62053275155617238       0.25853321905720056       0.19337471284546751        4.6503786325938698E-002   7.3011090815038343E-002
  0.99377508589245667       0.92852020396423984        1.0138653439548464       0.97664420637295479       0.92275479531533788       0.73433562169012745       0.90800203211021002       0.81496029287617366       0.74865590572654328       0.93376442091582412       0.92107974531392733       0.86831235189527523       0.84378790516821001     
  0.34813971853396397        2.5497423209676750E-002   1.4663049138214127E-002   5.2397233446171337E-002   8.3788702442124385E-002   9.0606013280496736E-002  0.15269802148137038        9.0146253881568716E-002  0.64155478716944780       0.27061009536562380       0.21531011627475444        5.5074144419183180E-002   8.8659889976812054E-002
  0.86279432198413886        1.0544942682240741       0.86305873844138603       0.94376430395788691       0.78044726375846907       0.83369189171326208        1.0076449338694038       0.90776821400773933       0.96924019556632612       0.70353307946334720       0.85227853091783956       0.97307086865991910       0.86050029925504112     
  0.36364461411882404        2.9981926392056317E-002   1.6614145730974122E-002   6.2027025683700117E-002  0.10001593475839252       0.10471528213714848       0.16752270276665701       0.10327097434759629       0.66131427444112345       0.28203550499035746       0.23287676236391380        6.5423775064960457E-002  0.10100971599639273     
  0.87785902315122988       0.96468028942584849       0.80872279625099230       0.91446850652578859       0.94153316938887077       0.85978767166209447       0.77933454545721004       0.84187958339693181       0.98446856964316387       0.82412607236534519       0.94424006084526990        1.1691871120804533       0.89697841285584023     
  0.37874346560327543        3.4139869969384229E-002   1.9654794878747876E-002   7.1579213748788922E-002  0.11575382888858288       0.11901176645461618       0.18165473165641463       0.11627936121657910       0.68132470283268320       0.29285357340313334       0.24744763762319474        7.7467346692573880E-002  0.11409046120261115     
  0.93312132968807593       0.83431501901599325       0.99399471766826364       0.76506809263205855       0.86677731822568005       0.77893575626276590       0.88950900067926664       0.89467731449015409        1.0534538079427436       0.73766367285999712       0.87334354342172293       0.85867428044240490       0.96505307465951617     
  0.39093803337276650        3.8393511150868885E-002   2.2910080664914147E-002   8.1491654347307943E-002  0.12966835875603205       0.13440126402196736       0.19528054788108962       0.13111804908858971       0.69507043809412317       0.30307894972842714       0.26080411385524865        8.9037587892316000E-002  0.12919067409195284     
  0.83365721083694089       0.89666442732468954        1.0506935270309270       0.87325232492703164       0.77984401851272289       0.87395016667228609       0.88892856421257627       0.84975550874538630       0.79702777817413517       0.78272474087115196       0.78987932867698751       0.95938596731440651       0.89362423829633153     
  0.40230414480041993        4.2669570872823234E-002   2.5997357648364028E-002   9.1297796703817449E-002  0.14371721981552008       0.14889771439211399       0.20889335807004367       0.14702412471853302       0.70922630144577192       0.31241324299277751       0.27423541865468370       0.10010548613082841       0.14456541397141381     
  0.84803733611577914       0.82814641009837897       0.91365973536519474        1.0674030301875328       0.94298198377408882       0.97331134140193254       0.97979799876309237       0.99537947977423258       0.79975091343232008       0.87141498355478075       0.94097833699705613       0.97398047236012131       0.84835442136565542     
  0.41398705199493313        4.7270634856564145E-002   2.9452185546489072E-002  0.10173684087109573       0.15849478406613393       0.16398537844375077       0.22210802547182307       0.16389187615119202       0.72232692318253877       0.32133668755346217       0.28830746493272524       0.11124033921572821       0.16017331467172530     
  0.83584545615372285        1.1982778982165798       0.88840848436547604       0.94583632136943996       0.81162051429418924        1.0403260654554773       0.91223724346319590        1.0867592064255438       0.78614824317410215       0.83323031775660694       0.85285920851642749       0.89125667110263374       0.92946283309717570     
  0.42629301521547280        5.1977558848457062E-002   3.3184188664060858E-002  0.11296126759507488       0.17435386268078318       0.17962427441609344       0.23434094830619220       0.18037357282337954       0.73539236289290366       0.33035547003998356       0.30179524466523433       0.12318723868902898       0.17614864414470330     
  0.91944131430362186        1.0168698750645877       0.91236801657795819       0.89547410625099055       0.76212224524784600        1.0373180515853602       0.79644603168009398       0.89200588343651366       0.78046690133941554       0.83353176458483103       0.86069225651258896       0.86578739692796935       0.75727045333819387     
  0.43835043858025058        5.6673641508546563E-002   3.7017542797244035E-002  0.12415532291914755       0.18925552397920628       0.19460252677038750       0.24565250190591731       0.19587894718747814       0.74800154850585432       0.33842766140277775       0.31457351184383664       0.13664675036551099       0.19151795437615851     
  0.94988730320831516       0.93188086972242090       0.86772825034583900       0.91842998464432957       0.80640070209724679       0.71144111291832046       0.86319434415157503       0.88233642768075793       0.92357424733275417       0.84720933575662793       0.87887209799272470       0.99877740369881485       0.92435762278207345     
  0.45019027066295980        6.1249787481164580E-002   4.1328920349113722E-002  0.13530314877882688       0.20356910209256268       0.21018099314936112       0.25624247239144482       0.21127360880737012       0.75875206969175635       0.34552956017912761       0.32777080659236285       0.15031249481890707       0.20746626670890231     
  0.79713389968117332       0.95492676689261435       0.94258372299578486       0.82480258036604737       0.99928314609592472       0.92324910013287587       0.75378686592084121       0.86389736849911691       0.87360028024165060       0.81986163639776466       0.90069354905353116        1.0305875534640307       0.87792719600934510     
  0.46187957417413811        6.5666029974212031E-002   4.5933483502389481E-002  0.14550679387423468       0.21792470954095405       0.22492891457521880       0.26764908804699689       0.22642925866747787       0.76818363361904296       0.35251762311970919       0.34098699542261696       0.16448081450462618       0.22408722138948214     
  0.78047524898575915       0.84966950564016153        1.1359496292883524        1.0265053249093414       0.80889500018966798       0.78641425851734303       0.83061464635803450       0.84292968269297497       0.85297261798683022       0.91756095592311504       0.79155809714300407       0.86900022925621345       0.88419795342845375     
  0.47430028982799521        6.9938924389910118E-002   5.0962045933637901E-002  0.15530417417141934       0.23047960875140155       0.23835574945647525       0.27794970184776863       0.24120874594867420       0.77669227538337970       0.35943935024163348       0.35232812369281474       0.17806258664111582       0.24074483558555723     
  0.76463406780833199       0.80771336888462442       0.92917736129697404       0.70208406012477187       0.93630393133502998       0.78908554713807544       0.74707965174173174       0.80706201299927904       0.92495592672705274       0.72613560034834246       0.82307629059161969       0.89748839568821137       0.85954245551343378     
  0.48671388639302643        7.4519790373573064E-002   5.6090842010427883E-002  0.16485540254546266       0.24298905550526997       0.25191133771708307       0.29001979735522238       0.25629263373837241       0.78470653237860799       0.36642314746100285       0.36371292352001100       0.19125380461138425       0.25600442424571557     
  0.73542569933743807       0.85947386220139388        1.0249911109238556       0.90001390573290252       0.83769918546080036       0.77095543796144639       0.80548251654506886       0.82865352481353771       0.77019983323352836       0.74911736288773001       0.90208723621015707        1.1406838392215179       0.75023290130154996     
  0.49792715320429748        7.9905003973148175E-002   6.1382246391366226E-002  0.17467640297245227       0.25603455049896073       0.26582171276683508       0.30185920164962304       0.27134264314649736       0.79240353694892940       0.37361362521318620       0.37557935684002569       0.20497671101235670       0.26838399670411051     
  0.75694045800880305       0.83154770810241774       0.79020742334972294       0.92039405533489038       0.83255024037904468       0.75638905975427573       0.84780187929682937       0.87335490078361955       0.74583985636996775       0.94821869819976656       0.93660783813650139       0.88166282631493298       0.79726828565341568     
  0.50901968414488952        8.5430894670263074E-002   6.7170485585603512E-002  0.18578145228425189       0.26951462124932130       0.28096990221270624       0.31390183291246015       0.28652574315785684       0.80034176578023275       0.38117787789674040       0.38783695081099423       0.21914980379877724       0.28049795440993586     
  0.76263094104221008       0.89211073673661689       0.97505097770264526       0.90239514115466413       0.95055936467364177       0.93894655983444231       0.71869360186480080       0.90994624703481375       0.85490212827957301       0.83870895685847735       0.81349431846268527       0.86174661562878374       0.74037787591166904     
  0.52083925702957923        9.1360211788881526E-002   7.3456953829230218E-002  0.19770248328965409       0.28318300704189991       0.29626631039291101       0.32631811890980794       0.30056063941337191       0.80801447817525129       0.38837870399707886       0.40010594201008964       0.23315655080865769       0.29239193411286968     
  0.87577796579074119       0.73144794926383649        1.0646920212166184       0.93678146222080427       0.88455289780485058       0.86823069347114235       0.87449343090768517       0.79561203846194961       0.81562541609619410       0.87712564370590262       0.83852538323626502       0.93115984056742762       0.72357755325272288     
  0.53308989247788696        9.7343591103256910E-002   7.9877347212461203E-002  0.20976242450218568       0.29809136880534792       0.31201434257127736       0.33848043038408387       0.31269008025196748       0.81454060532270800       0.39528994828726366       0.41383417786429733       0.24732027043867630       0.30587848272901097     
   1.1825394083764553       0.84620427670571152        1.0093976025393108       0.85876911655910459       0.89242854437974506       0.99816871291765563       0.76863744700183112       0.77298994292206635       0.77911772495646126       0.92284166070594253       0.89181572260594566       0.84857913494512238       0.93865612564816381     
  0.54622510539775215       0.10333132331097088        8.6427760794900596E-002  0.22225221901603279       0.31403008050098252       0.32755629904852374       0.35030929515614156       0.32673713222720091       0.82030044128616264       0.40247500327452124       0.42893020492853229       0.26176410095220565       0.31976979110562226     
  0.70711399712232370       0.82000060659748519       0.78220784238013730       0.86668061444659650       0.86017538059788157        1.0225376015459642       0.86431079067340821       0.82694917915463351       0.78950940372871181       0.73851845531365723       0.82885587958844986       0.83958339506833968       0.79979325672790957     
  0.56027199391754257       0.10927758988467137        9.2958317027707529E-002  0.23586441605631159       0.33048225394240210       0.34296277061645203       0.36190680760967936       0.34193986268259430       0.82635827258804639       0.40956622186195385       0.44415421539618410       0.27580503275812301       0.33472756247278790     
  0.86165591188809898       0.73650321872615143       0.91220414853718124       0.87488663050491999       0.80715028582373893       0.99049291953617435       0.82601831131086589        1.0022136189973310       0.95613133655309679       0.98198458219938667       0.88030091329688542       0.93161563243942402       0.80272991220477319     
  0.57400171388939802       0.11533099052420942        9.9630894394859448E-002  0.24976335392176424       0.34659288517398740       0.35749003720447481       0.37343241548728451       0.35859019114397395       0.83283349544671648       0.41684132936120649       0.46027001526759254       0.29016586560917568       0.34971263871128128     
  0.96407073303372182       0.89726964014351229       0.77375856342667804       0.87652517723818446       0.86199156244899233       0.95695201782332862       0.89434220685950649        1.0873526688959967       0.82045397238946249       0.84618208164740827        1.0234956227282217       0.81479738142359925       0.96070586277024073     
  0.58748536693793596       0.12159852142997350       0.10675980407124766       0.26389471533860603       0.36189923607162638       0.37189307440980029       0.38424094795062635       0.37473291969323380       0.83938531170793718       0.42438822980478863       0.47641337619730051       0.30500662143171536       0.36323566821538017     
  0.93500538283675561       0.85486506910129889       0.82278047419972822       0.83910313585410412       0.85493944103188246        1.0114685453904275        1.0067072862842987       0.94660619109886668       0.71342341644168850       0.88259650836974868       0.79236578072828967       0.80745655842084141       0.69480484006358434     
  0.59996249627901388       0.12797489736162404       0.11454149207811021       0.27837420394458101       0.37587752368488936       0.38677707564359459       0.39417065528247369       0.38992319772017081       0.84567661429766816       0.43136330501941361       0.49311076083936678       0.32050183906153251       0.37667028664769836     
  0.86550557274538498       0.88381678691658494       0.85170343423726425       0.92365882591091730       0.77607244511920481       0.96029190706214018        1.0236897439138994       0.91925074432399589       0.77594065545137525       0.90364861258047791       0.88989302045611229       0.80649559827677542       0.84917401763216915     
  0.61076489629894015       0.13423517299787890       0.12302473644594006       0.29403954716894370       0.39129114094030154       0.40291672258265127       0.40383330828381137       0.40442436011866600       0.85174452028546488       0.43763626314679704       0.50825688691522330       0.33647940892075129       0.38976287329325199     
  0.88895721385290005       0.88749715897062886       0.81109299500875354       0.82896256467975304       0.86749136463237086        1.1119819375943083       0.75806789272825992       0.83187711110372309       0.80253781198498675       0.83345323882515954       0.75802705178764473       0.79682433954271115       0.83093791807877693     
  0.62123978564567139       0.14166380368956624       0.13146344240653499       0.30903379954203580       0.40716227878842720       0.41944173896153225       0.41332758082511512       0.41951603679605320       0.85767409810476480       0.44388797575787553       0.52175800224523528       0.35269429110193007       0.40383310858580979     
  0.83992709594344250       0.80976243393308445       0.81140065367996728       0.76548811972380859       0.80915308199269265       0.86560996269102219       0.85944374163766657       0.86492168641392853       0.89927277542224782       0.91239895866811260       0.83162498979867783       0.78174050080313306       0.84983637224486264     
  0.63112791202725071       0.14908824827518186       0.13982347584647070       0.32390550649544825       0.42419619295052469       0.43533364679218634       0.42280239599643088       0.43400615126795600       0.86348008471301974       0.45075284493679102       0.53610803951523822       0.36876854195276570       0.41658009118899658     
  0.77718661701400638        1.0451422133621966       0.84775808980822853       0.84507319238213552       0.78996893422022552       0.77865602521966304       0.80385614690906382       0.93897739503189703       0.77804814605262740       0.90795906696349782       0.91720534257696462       0.75295149855940124       0.88991174425268027     
  0.64017714564924766       0.15737763685391523       0.14906844563732888       0.33864061508834831       0.44032780389881143       0.45081280985909000       0.43234694577978677       0.45038066999877219       0.86916023210180982       0.45826266094531304       0.55056789569474773       0.38536166520365578       0.43491333339237581     
  0.74505168251641452       0.88227318255994447       0.72944852302825602       0.82495030401136304       0.90888001614192759       0.87162697148163504       0.88523930545295426       0.80851229660733559       0.89729543158815506        1.0118445712057631       0.98637675064445196       0.86723396090140670       0.95458802902303497     
  0.64879936761054779       0.16582682726694453       0.15921666190622882       0.35378712775143828       0.45502876116484503       0.46640643250243669       0.44225563679901903       0.46494747613468435       0.87468708447006638       0.46556086023758153       0.56628441006817420       0.40246988440298931       0.45175881823436242     
  0.83821063719744693       0.88443263793311400       0.75297847889221470        1.0476932297642754       0.85150947508643260       0.79323734257822820       0.82961971937935552       0.94324984272246293       0.93594866995642623       0.82308509759046866       0.88165695003058087       0.86646365145253357        1.0084976945114168     
  0.65857435395331443       0.17491920165973907       0.16865220609805348       0.36938564761313319       0.46901339883654447       0.48254669207568068       0.45221206952001797       0.47838013958216902       0.88019891411570772       0.47156436381906680       0.58306271261197362       0.41952805053685166       0.46665414911287462     
  0.93025084947219483       0.95805241329942259       0.71313434203244874       0.84296664961536949       0.73513393942155114       0.79117923679435043       0.94500555253778573       0.77985332990966827       0.82420177726466481       0.77810995155333718       0.90679129601368835       0.81560262587023746       0.83374530508758005     
  0.66812283723877508       0.18444457229780795       0.17929748355861261       0.38629114991072128       0.48255174879398566       0.49779848440588548       0.46267688059090256       0.49111766020975028       0.88566340268820787       0.47789115180711778       0.59988786902006963       0.43614768817296357       0.48167796737781526     
  0.69657053081291243       0.95912307680111097       0.86264101179329122       0.89998804921230180       0.94858190241515727       0.93249047812717933       0.99054644549503257       0.81599868869216019       0.98862466335728605       0.87853099868585549       0.91554667814291346       0.95466729079055024       0.81060176208364976     
  0.67780941950937990       0.19445319977053396       0.18977665498205271       0.40321047577218594       0.49705067559002564       0.51255244880247808       0.47376408272271237       0.50401264375056409       0.89088396726138197       0.48420683280879118       0.61594061399272360       0.45380574904325582       0.50107355652997287     
  0.97789512179152505       0.89493338220742458       0.88838957303321275       0.85427251474592769       0.76961126510381139       0.98949963208228919        1.0198920073478728       0.72165856184015009       0.96815922994125836       0.86125436551712242       0.73917649548751641       0.95327262580316385       0.99325490198245003     
  0.68797869773885989       0.20431524476530671       0.20065622579124709       0.41952765423431848       0.51261977224508548       0.52941882504980675       0.48446048557871391       0.51609429806449403       0.89569233923859104       0.49067370915220820       0.63270216478042185       0.47025911242880059       0.51951381661502471     
  0.82238986507405198       0.72479751010116011       0.89022985718633230       0.84034537931398867       0.84336204101276557       0.90394284736035513       0.91117596302053339       0.69400987782085921        1.0949189945870201       0.81763618041957276       0.86077676641398437        1.0421505720965496       0.95854169972654379     
  0.69902961281991349       0.21471267675926325       0.21181553154041419       0.43681866275185005       0.52803878703688334       0.54576123243698693       0.49450930258457271       0.53001768327645160       0.90039241859244401       0.49761301490601700       0.65002077642532241       0.48687810912288582       0.53664306087356450     
  0.89121451956631059       0.94075594441363930       0.80909872135724947       0.79882358988073099       0.91169405383109292       0.99326913073373335       0.79426567315837404       0.85078875528790920       0.86012213081992372       0.88535754527270161       0.84534076227268451       0.79642239342928633       0.87154091223530050     
  0.71106654692496174       0.22562866522556321       0.22374554939647184       0.45503811394488414       0.54474405537691495       0.56225327312438822       0.50402172251201061       0.54746918316449422       0.90468802270925075       0.50498786276338115       0.66607323405794694       0.50257174737747878       0.55365681786680876     
   1.0005687954161886       0.89695967305605517        1.0564825526378283       0.88684930651932758       0.91270262554761805       0.92367966501858467       0.75235372251240118       0.85164592837333364       0.85702872429366483        1.0291296014721616       0.78280112966787008       0.71843159380471999       0.89220147918484238     
  0.72309986335970133       0.23647246124368429       0.23670299351449087       0.47305852838187085       0.56233767148262359       0.57918587792740028       0.51386816733188012       0.56527873809873885       0.90813820314213634       0.51254931124583247       0.68155982261008696       0.51946109691791253       0.57226726229454528     
  0.96995501277354834       0.83655022867690132       0.73015874837297257       0.79646746345435471       0.88566326759089165       0.81489829834925076       0.81882043043394104       0.96113710907822536       0.89876601566522629       0.89001071938047771       0.74857739073262841       0.87083473662111877       0.94283273227366104     
  0.73485802837545378       0.24714609069237889       0.24956577683714629       0.49462332146281335       0.57914460880897967       0.59605970843587075       0.52470327598997446       0.58371138743081796       0.91172761300856520       0.51956227231508412       0.69704631560749397       0.53726079075348221       0.59243542583036413     
  0.79097012116112997       0.87830731124201855       0.78140771764151884       0.86213047714359003       0.89686826794225716       0.80734086160136409       0.91374132314514933       0.92158527353476860        1.0052263267637906        1.0614698738029567        1.0264415346514133       0.88841147300348700        1.0285138528974629     
  0.74670294730254783       0.25767971834017744       0.26143454369529945       0.51484400960663401       0.59492350482251710       0.61278076631144396       0.53567748407405258       0.60265794975588072       0.91491936998088452       0.52593690975425655       0.71252956520436572       0.55462417985876744       0.61289476374966667     
  0.78095428909456921       0.85322264560424110       0.73519039277153297       0.73285438369473066       0.86495999853796224       0.81933913703334404        1.0318276970115008       0.87604562757260129       0.82933484836459392        1.0857173540437004       0.81257480338807919       0.94179470781018171       0.85991587165426542     
  0.75823560414860203       0.26788352447396818       0.27760398799856806       0.53518678101302009       0.61152305327166512       0.62842169651006008       0.54633197659910648       0.62051299369054147       0.91806493144728485       0.53247128635512819       0.72791508622426360       0.57211732796417580       0.63230918505668043     
   1.0022557166223760       0.81343619793170119       0.76661261750502385       0.88621360606691058        1.0241122975975527       0.79401445769642620       0.89120925008444263        1.0064392182856192       0.83006168151689119       0.73530681757913274       0.92012702615488695       0.82708707829620853       0.88897998514843735     
  0.76899649234125345       0.27828473370197071       0.29797921872042255       0.55542821016063992       0.62863405001119510       0.64314627092231125       0.55670436107467625       0.63655905756087405       0.92130688636436675       0.53861557399905913       0.74314318238670574       0.58972335823511002       0.64913728191091669     
  0.91486672905368116       0.82568272507274620       0.79445802889405781       0.97728232495931988       0.83044433922399763       0.78293136447276779       0.73053689732884608       0.94567081060922775       0.75460919447669306       0.79516420085364137       0.94474395486262630       0.88812340698708869       0.86202577378244383     
  0.77931161446266761       0.28914369301733128       0.31841679135077661       0.57675778058265548       0.64492744774180688       0.65771933272069250       0.56753011504685014       0.65303394802513759       0.92463626428944790       0.54443638440510944       0.75789828702793227       0.60762577672188400       0.66639011135752080     
  0.93761038409283570        1.0417026662546915       0.97822989123859172       0.87427928037302194       0.94315225858984963        1.0235338649394776       0.76819580414364286       0.86651938062335354       0.85373391079073313       0.79323964822551774       0.78812287752922683       0.73693142159445790       0.95507431878972759     
  0.78949977516717684       0.30048926321619429       0.33998139244546455       0.59856040705401092       0.66210419778615803       0.67299979261105036       0.57855508439941250       0.67004529811858027       0.92813520142277439       0.55019242862703599       0.77236343912245398       0.62403060661847898       0.68283318199307519     
  0.83850454725531198       0.79865657281400138       0.86878857424550637       0.77864112081078340       0.86519486821481983       0.97639544554477464       0.80733408147295560       0.89987493270827690       0.97709224661208549       0.80749580045589275       0.76437341177962925       0.93250318656686715       0.91453896940048984     
  0.79960313908373104       0.31405676482250089       0.36188567383312692       0.61983684451442900       0.67939568630466329       0.68970255597900154       0.58956297943652214       0.68753466823675291       0.93172054603555277       0.55587671164077257       0.78653456635862717       0.63879357559102523       0.69688340853928143     
  0.84368414353156040       0.73318203096334256       0.98499654955635030       0.72684608179702226       0.87127741085907462       0.80082118721741125       0.76177338324827903       0.90186860712203343       0.78635937019467306        1.0303457605959148       0.81627234551704519       0.92970356086887296       0.82625868739388975     
  0.80950007184545725       0.33031807828028947       0.38432384146733156       0.64009182735403691       0.69705973916380481       0.70692363419783977       0.60151451865712136       0.70548122627056742       0.93516866305495561       0.56236505495738454       0.79988322694804614       0.65275289471756004       0.71223225716527971     
  0.87073261215255671       0.90807722921989542       0.90774875259310395       0.94780818595021954        1.1704715364409206        1.0144125824777650        1.1036149356977694       0.80248667350538583       0.80778940865729087        1.0346819403721206       0.85520348756130293       0.88210933098764632       0.73629343047134155     
  0.81942628956025010       0.34653384666212178       0.40673558582703956       0.66026896950593417       0.71493986718899327       0.72382841927525932       0.61357321857133873       0.72320346041740058       0.93888949914859088       0.56790955741019200       0.81272496559940155       0.66606117588331193       0.72776298660016647     
  0.92462692122924728       0.93578605437290518       0.83169067294641708       0.98054926929636521        1.0350041553536595       0.87156331179464963       0.97210435839664644       0.94485043931064494       0.88487077002677916       0.80474741699575936       0.79670350180618932       0.83472300820164647        1.0593275684708834     
  0.82915999519593497       0.36433135547003648       0.43024663179064487       0.68092184752224505       0.73130948927343886       0.74178480891014353       0.62440510254438664       0.74028319557421207       0.94262607686105360       0.57306154534676901       0.82525451603878408       0.67976420032797935       0.74491482582021074     
  0.75782721917801110       0.88798962463320708       0.81596130742362161       0.77306277315138394       0.87378280122071328       0.97517110411357899       0.86106783864964664       0.93552259899472467       0.91523853047876069       0.82856021288531623       0.92885806447074704       0.97483571528094259       0.92626984358990561     
  0.83951920483071230       0.38326291679716851       0.45465711865824970       0.69994008379649753       0.74807262783839357       0.75917851597651442       0.63519738745615795       0.75685424542662694       0.94603878093898863       0.57923585289570534       0.83752440292890196       0.69251512219948808       0.76202611330079428     
  0.88584428425874262       0.93865367573641922       0.88227942127287506       0.83876586547332643       0.96259845359820306       0.84527068883466216       0.78106340401086449       0.81796665211456621       0.92055201518986873       0.84586072231546738       0.97489547448957881       0.89061127650484517       0.92273077835621076     
  0.85024463021553176       0.40270022999042165       0.48208835566925651       0.72081596207073229       0.76506750859033779       0.77658215361746108       0.64656364288927914       0.77418315281845196       0.94908053152289984       0.58542831682446461       0.84993363382954923       0.70656396695700607       0.77956884379485680     
  0.79808941113162224       0.86184136946143364       0.80682665864787484       0.81360156788724047       0.83989413225451648       0.90507071158387487       0.85381566658516916       0.93882703239258036       0.92065067160140157       0.79870815639092063       0.83519971530820591       0.94343351347972881       0.85228961292639771     
  0.86069804461575594       0.42405637899338638       0.51092808920355426       0.74289268257827989       0.78104737816623315       0.79218481590833145       0.65826815109388537       0.79306771889389560       0.95204156874035972       0.59210163280425898       0.86323753472213494       0.72551237125301837       0.79820501477554284     
  0.85604499489027830       0.74269344302543128       0.81217545218092113       0.87969135385814179       0.99501374320206937        1.0033401221514782       0.88626226283600062       0.81538466591207159       0.86210119029248267       0.90208289600478342       0.96738692020448458       0.81875365270676925       0.78406046563365717     
  0.87096458498337592       0.44433558066228973       0.54011044436019362       0.76577783408244349       0.79665774146895729       0.80462359689212370       0.67138583517107620       0.81159548778758983       0.95507923548519236       0.59952260446941363       0.87622662577107668       0.74506788270921787       0.81634836394748966     
  0.95945141732144623       0.94377196005823372       0.75254053300850732        1.0797854267326339       0.82478400142033992       0.77245739634320698       0.95378394849392800       0.84062459676708023        1.0564535913801369        1.0354868948662064        1.0323947867139480       0.83229337117165336        1.0363807027939156     
  0.88125211227441169       0.46518441539073974       0.56996649973146418       0.78857519546954902       0.81265494809834171       0.81780863647690938       0.68601700951535605       0.82886369909361080       0.95822573221220919       0.60733638085532260       0.88892866688389904       0.76473281720167985       0.83189950810436808     
  0.93263727280009445       0.82864646104716699        1.1061266825701679       0.89253064605440213       0.78196886171540225       0.86693070537127503       0.93019439134697646       0.99634581749649798       0.82391301941500839       0.86368023767357227        1.0456731762831586       0.77506115633263795       0.80436823709927208     
  0.89224031750869004       0.48808608893684580       0.60131982088040314       0.81110566628729019       0.82861165610466359       0.83207288706900651       0.70022426065368570       0.84558804718940261       0.96148619890505904       0.61565163314168025       0.90098379045076271       0.78392821331795992       0.84759804241252035     
   1.1054787561876758       0.84122246946258605       0.83097495618440964       0.96861717750503562       0.88175068237104293       0.83240801913933293       0.87995198017489240       0.82541671746390111       0.86053569528552853       0.82666457466374432        1.0568173286499445       0.81875833614239613       0.87893690865795215     
  0.90329017888275720       0.51279386772798685       0.63413625316602917       0.83428510478407747       0.84642816811308097       0.84832411014750275       0.71312511287873104       0.86225963834751695       0.96465538614392221       0.62408461197455456       0.91244524008673267       0.80418422941428358       0.86417313115676198     
   1.0018229762864499       0.93099343386315936       0.86183648668226887       0.85014667698187640       0.97707323767795640       0.90826797535539849        1.0209556935453470        1.0541381466778201       0.80918507410677543       0.84842135494050186        1.0199506251551267       0.84337264730361927       0.79292981517701178     
  0.91367074710267260       0.53963948893015090       0.66843505289220684       0.85905898178807716       0.86349770623157163       0.86489114562167901       0.72675403233426616       0.87877739181356396       0.96767062514152580       0.63204387706870779       0.92342460035375917       0.82543412376071390       0.88098606268345581     
  0.98947506951270292       0.75023288933994781       0.84395379324965814       0.92327527825967870       0.86009886405882985       0.78321753710828923       0.82351762531355821       0.86473751607904747       0.89110050613986080        1.0216799589929817       0.97673575947321323       0.84917554253822258       0.96856008529831283     
  0.92373230363531289       0.56926220386169823       0.70372030740709479       0.88117788207126169       0.87859395556535214       0.88267412358285668       0.73986899723931943       0.89484055671530294       0.97063736607076745       0.64226555711596289       0.93313791146794633       0.84981965173628105       0.89722021151216702     
  0.92042957214885213       0.79005737128297204       0.81141853478168047       0.85003925683659598       0.97231082462558682       0.86255713403802337       0.83257855035246897        1.0322317050061751       0.95669894075851447        1.1322806378560115       0.74763153107015812       0.89603806788900198        1.0453113619446319     
  0.93308958328549374       0.60298734106956653       0.73868658555731681       0.90140383465378593       0.89410833603871787       0.90000541754667363       0.75718547621122945       0.91067628943003109       0.97385678599932113       0.65193726204987312       0.94252577805863158       0.87167379694480829       0.91215085482404257     
  0.87220255672616620       0.90003333049181422       0.91478787311742338       0.88750995198902638        1.0548404716310760       0.80391444152173352        1.0891296894154887       0.89160386870840380       0.98997918205553004        1.0145988096261858       0.99548704394057885       0.84236874919028970       0.81998353179080896     
  0.94233308373696434       0.63830782017998910       0.77712216587164173       0.91895493901034231       0.90992262419135450       0.91702245104319247       0.78020229376314465       0.92639489066421510       0.97730706177487281       0.66285232870036770       0.95182669426491784       0.89476703764750098       0.92629762777700675     
  0.90476105839444487       0.90933693259060833       0.84403846770861934       0.91534466164326500        1.0191664233633753       0.83910747724212886        1.0675491200072353       0.80713726949567144        1.0199110321349545        1.0796402213579603       0.84242169209013618       0.79760499174463995       0.92818593033425145     
  0.95255459402382581       0.67849682034239822       0.81909305025119095       0.93477244029680628       0.92794677604258735       0.93392698857374135       0.80553607999500232       0.94204412652556957       0.98127256901982185       0.67438602018905547       0.96113854707761270       0.91900417358800368       0.94077327814001122     
  0.93891980501490180       0.78584668081796261       0.83219129166040307       0.85545983398670089       0.93564016956670426       0.79821357301512574       0.97904881476602834       0.84888627260283311       0.80700457928344649       0.91885773208449506       0.91042470469577408       0.85988769646225605        1.0117805961742072     
  0.96240513724459609       0.72526374090123880       0.86278069404130175       0.95176041636471242       0.94656344601934550       0.95006050462949465       0.83111484401854607       0.95641823201453269       0.98479771400053717       0.68963365911234398       0.97047988385051087       0.94141524033621282       0.95385484377401641     
  0.88854704963636344       0.75365895610185951       0.85852510517250857       0.86336026689744683        1.0655658282782918        1.0438958406445666       0.96983106126168939       0.94158221510103424       0.95850493771341005        1.0211002480000657       0.98974099479634892       0.78990158765704999       0.73466874531222881     
  0.97362194087008391       0.78940032968752283       0.90761467250383410       0.96927315943515857       0.96529796612220087       0.96699749138691360       0.85981679890743667       0.97069008206586027       0.98827430346569667       0.72087712746429167       0.97996135485651736       0.96161869239442577       0.96696531862675994     
  0.92607815313186392       0.88456779641879391       0.85215192260500072       0.98511288057911905       0.87337191038861439       0.83053526986096715       0.94758904787716358       0.89651203198269103       0.97446630846495386       0.96000273340846187        1.0161571861691630       0.77298994292206635       0.84728416380561133     
  0.98604929459845037       0.87976253129619353       0.95332571299808233       0.98461134121577154       0.98232487381546185       0.98307640513116501       0.90323862413018274       0.98509875901185939       0.99354506280779498       0.77657901567021703       0.99022251708394049       0.98138801089959427       0.98294874978304336     
  0.87274183366062541       0.78171606647674041       0.89218413293210463       0.75749551880834665       0.84658942537426696       0.87653884571992824       0.99596139236948511       0.82328157933350676        1.0483970849195456        1.0506339687793222        1.1652805561240134       0.87061427254038770       0.81929040978785528     
   1.0000000000000000        1.0000000000000000        1.0000000000000000        1.0000000000000000        1.0000000000000000        1.0000000000000000        1.0000000000000000        1.0000000000000000        1.0000000000000000        1.0000000000000000        1.0000000000000000        1.0000000000000000        1.0000000000000000     
  0.84434819163071495       0.81380792117327660       0.89111556890071286       0.93010533870747036       0.72838557643054036       0.91253553408586485       0.73285438369473066       0.82333886003289969        1.1345299194395355       0.79706706166484609       0.89202833025553674       0.72200638884774415       0.90574801324681320     
   0.0000000000000000        10.030415066566240        9.5858216151250062        9.8584896830823361        2.4782655065278840        9.0221342804969229        10.000660786280951        2.5566530781240715        0.0000000000000000        12.259450690364108        5.3240396049187746        7.4593891456601176        6.8564939103877292     
   0.0000000000000000        4.6444658262830743        7.5683093412590257        7.8903995318112070        7.0678488860014816        8.6167688360105217        5.7275719123413094        6.5869861167169832        0.0000000000000000        8.7024492302849072        5.5657725737022723        2.7504521694831077        4.2784039085922991     
   9.3910666464391799        5.7917729449205950        5.1984517000491550        6.9180273042085876        8.1352371432221631        7.3888895581316660        8.1663417261966487        4.6713095670096880        8.1526819776685482        8.6946913662716803        10.519603570855855        9.0733945378278555        2.6954437956352151     
   5.2894608269406751        2.2474713403669093        7.8797294749338489        5.2151419858038714        3.5196046432623311        5.1614118811358614        7.0839413707313099        6.6800858935886396        6.7821750848781859        8.2545669578889065        3.4448683224627827        3.1422895830096729        11.142736637869833     
   5.7769841858951620        6.3895651395551258        5.4446166022302247        7.2306142587635307        7.0598916627669084        7.1439629440012835        6.6181818290429284        8.9025434694649288        6.1119287462825209        4.6025931978612213        4.3059567686960962        9.5500013314264915        4.1677468945894800     
   5.9108501127700439        4.0277247173876765        3.8290540278791716        3.4187315102036093        7.4188916004112277        5.7992786662257476        8.6978252047824505        8.0259714337366326        4.0947621911778480        4.6098932992322661        9.0703563967143168        7.6845644744908430        8.9155055503754390     
   9.0545833503533597        1.0678839146433348        5.0454844219376929        5.5843150992318478        7.5826193872361971        6.4839915464186593        4.2163533753281746        5.4748887358660596        8.5278235784891372       0.99396490006708005        5.9072824348235971        6.2790681639023083        4.4456643271800580     
   6.0770356906997396        6.7831294298950642       -5.8213926345861928        4.9430342149947100        6.5274512741912636        4.6139100496709080        6.9253571470239201        7.5361363416218836        7.5726764744445720        5.3072028316235906E-002   6.1751457201954754        3.7466120237890954        9.1000973763900177     
   1.2288860815023095E-003
           1           1           1           1           1           1           1           1           1           1           1           1           1
   4.2995662577083229E-003   1.5690930485477727E-003  -1.7957305674281593E-005   4.3801964616400157        6.7777146671427159E-005   9.7160098334975196E-008
   8.3579795189578105E-005   6.6753358830774287E-005   8.8465648499703415E-006  0.59223482784820436        8.8425856168505356E-006   1.3441860051019230E-008
   5.0000000000000001E-003   5.6511182120620020     
