   0.0000000000000000        0.0000000000000000        0.0000000000000000        0.0000000000000000        0.0000000000000000        0.0000000000000000        0.0000000000000000        0.0000000000000000        0.0000000000000000        0.0000000000000000        0.0000000000000000        0.0000000000000000        0.0000000000000000     
   2.4119351791315879E-004   2.7699531166344899E-002   4.4715332724340551E-003   1.6957229003393810E-002   1.6695014747284881E-002   2.6834726260272824E-002   1.4621876995912227E-002   1.4668018083439035E-002  0.16943621869162004       0.12052193415101223        6.1048270707423989E-002   2.0967319144449260E-002   1.6936170729471026E-002
   1.9411916026975167        1.4123788611157737        2.8566517444012329        1.6458561987053852        1.5889896211569163        1.5520165681073077        1.4438267202087296        1.4247912554668261        1.2361466279082085        1.2831411181853103        1.2661848037155949        1.6447382506551700        1.6203339167940416     
   4.6959001773657413E-004   5.1578445567242150E-002   8.5715301094466661E-003   3.4068220780957233E-002   3.2269169991756323E-002   5.3732847528486484E-002   2.8329263348218173E-002   3.0063817041771489E-002  0.22604771710569160       0.16964815971784519       0.11012549107833863        3.8593178536437012E-002   3.3793171106234698E-002
   2.8249475235346129        1.6158394773932807        2.1428439406858919        1.4247234017954853        1.7144869853981499        1.8203649131365265        1.5806793390506781        1.4824782195093447        3.0702900520525405        2.2810021281099986        1.3980901506345109        2.0873123202213946        1.6934159811798639     
   6.9284420984372960E-004   7.1451888081425788E-002   1.2423693272759649E-002   5.2165040572982269E-002   4.9041687028661331E-002   7.5680920619208919E-002   4.3000768987731093E-002   4.4775878595353508E-002  0.25323664236065985       0.19359336412057404       0.15972078617033603        5.4596175422482934E-002   5.0191359823031675E-002
   2.9302764695303045        1.4248338209388833        2.4096426702546232        1.3651490434094335        1.4803511423782860        1.3544563722827994        1.5852399933117809        1.3909238051626918        4.2576554791222625        1.7698882995088656        1.9450467495148061        2.5713372463575919        1.8684338673465419     
   9.1534431090929441E-004   8.9525650247154767E-002   1.6102623319272688E-002   6.9764343382524033E-002   6.6322096778755946E-002   9.7361043032443667E-002   5.8025050262806979E-002   6.0017243011850019E-002  0.27069843512840858       0.21145695492976363       0.19168594560091345        6.9770499358370611E-002   6.7637977760201251E-002
   2.6698772923039025        1.5112153189454218        1.9745000773402241        1.4761666118416219        1.6999956117436916        1.6255584454026051        1.5538514237232117        1.4888587580015895        2.2520674097184514        2.1000937419197485        1.8083732441257250        2.1859665808516486        1.8072349026027423     
   1.1519742600835403E-003  0.10734022523147232        2.0121876751421804E-002   8.5729080004407834E-002   8.2923940837213536E-002  0.11624984936657425        7.5219326092123756E-002   7.5640049480310279E-002  0.28597671122481266       0.22322668238102883       0.21097278248194737        8.6023454394494325E-002   8.3297987938216300E-002
   1.7695285110669983        1.5089619768109903        1.7371588999720247        1.4215838344245080        1.5788271092104715        1.5723122972171295        1.8409465054417515        1.4933487344959535        2.2465067336784275        1.6394180258172646        1.3080992430822105        1.9734675046709222        1.5718679231354278     
   1.4050754202079262E-003  0.12497210902103723        2.4022370153580729E-002  0.10177335360119023        9.8116216619333049E-002  0.13665153042378206        9.4017769485907968E-002   9.0968557600164035E-002  0.29896789632997395       0.23472416236841095       0.23210679513028673       0.10185417374783351        9.7836889514455558E-002
   1.5637558980348960        1.4608628956457559        2.0715451160112801        1.6463700790639839        1.6487925509372392        1.7547973838789177        1.5112002104514608        1.4878885094105658        2.0272984537323873        1.8291833877708461        1.4730128698745852        1.8752649545590507        1.5963951060504549     
   1.6938471973498806E-003  0.14245257617779983        2.7412975037305640E-002  0.11832970352958641       0.11363987537646011       0.15681489744349270       0.11203240781151991       0.10775661867905074       0.31116376614825897       0.24507700151121631       0.25150289684205257       0.11649348609017740       0.11124741230828719     
   1.9927181078236524        1.6275914377336318        1.6034756183332581        1.3707680318133681        1.3748986528645484        1.5727698807988215        1.4348539714944533        1.6698927316274450        1.8718016329341243        1.9215851230268111        1.4427717233014790        1.7276238113439331        1.5705980188953765     
   2.0373675947455432E-003  0.15962273971535212        3.0957863522727089E-002  0.13540732043688336       0.12759728301891743       0.17683102099858880       0.13016866979405678       0.12531068022300415       0.32091358175177565       0.25510911379317242       0.26816990704570376       0.13079932879775574       0.12366195876891731     
   1.4178064877248864        1.5786623110085121        1.5646522565134986        1.7640327071477939        1.4183844410473230        1.9621743247598125        1.6493699206289139        1.7436855726715543        1.5300900341438810        1.8685973045654030        1.7279692701966487        1.5388606194431049        1.4213708037701429     
   2.3826878524486213E-003  0.17482901780728585        3.4760678723563532E-002  0.15356462049436814       0.13960819110535441       0.19784899582969137       0.14774877743128997       0.14150601860650355       0.33035696660014791       0.26314562693174137       0.28374812482636780       0.14507044824819454       0.13900810630859919     
   1.7524549055282981        1.5028815544990521        1.8266061701673171        1.5908654843924732        1.4557560166661234        1.5726417990028310        1.5193428454433866        1.7506606264980027        1.6078582526561978        1.5363389730431147        1.7285896715216207        1.9168291179494286        1.9314033294458002     
   2.7529241534934032E-003  0.19026769905089724        3.8697808517992073E-002  0.16990780027927285       0.15108505814581843       0.21879639481734098       0.16476172154270233       0.15711730686852715       0.33870783371995122       0.27142587002754898       0.29878478474282083       0.15985814677196467       0.15497717937664704     
   1.5426335561758191        1.5291098867231188        1.4794298706986717        1.6679146194916259        1.2391373232417855        1.5385125241809705        1.6143427690966325        1.3914828875101615        1.4605823624012659        1.6489705909779264        1.4975486552673005        2.1184287224515042        1.5333072745188703     
   3.1597837382855254E-003  0.20534479516290388        4.3236903178508000E-002  0.18418315655210246       0.16600532092323045       0.23698089768191180       0.18196847175115050       0.17143730742885552       0.34651706898600304       0.27818517176408381       0.31324400181209661       0.17469968707414318       0.17203170728424971     
   1.5871076198358203        1.3576555951890306        1.4743610422628812        1.4841984788908940        1.6491762625407613        1.5445102948250655        1.6681095480829886        1.5186683502159781        1.3073349794647993        1.6372416338002762        2.0455903100423520        1.5970038929177299        1.8305197206275510     
   3.5943048381396176E-003  0.22173055621603327        4.8564809770235882E-002  0.19759093084615972       0.18095895904784506       0.25506213899168723       0.19945657727375857       0.18577831330589231       0.35425037550513505       0.28485386829887649       0.32722735453073759       0.18876306608463295       0.18640221516707106     
   1.5834869666160183        1.4123356293116209        1.5368340572990746        1.4035842711584046        1.8282405136795976        1.7042570976094977        1.8025551774858939        1.4499747642515401        1.6141103475570171        1.4743217150684624        1.8649010330062255        1.5790312242683680        1.4762289578804508     
   4.0237856337652480E-003  0.23852129833269806        5.4265622888391533E-002  0.20813208765463517       0.19525214525967752       0.27355664639318539       0.21700439731753024       0.20204231504606732       0.36187798166893442       0.28977501216698420       0.34106055052807277       0.20273875745002834       0.19848673098013364     
   1.5721627934187283        1.5798864813591633        1.4537289109500322        1.1974497997278217        1.6944487776650559        1.7051221626352344        1.6377465052700113        1.5357262828170990        1.8236295328321686        1.4946110509253634        1.8386215013643641        1.6095605069059857        1.3274260323316178     
   4.6197415421622492E-003  0.25330707608745562        5.9536825623166909E-002  0.21790412408706061       0.20922695107478265       0.29348930944487089       0.23470454162213650       0.21967581418940615       0.36923244288293611       0.29483197221691004       0.35454694627170269       0.21729078057734386       0.20957670690401320     
   1.3971961004025821        1.2465271763145906        1.4699933764360653        1.4724391880105523        1.3245506210943734        1.6055813295413175        1.6590329649622078        1.5270360242948229        1.3867979658767906        1.4925638963970371        1.4957193296861564        1.4807448908292762        1.4150718516777638     
   5.4453963116814297E-003  0.26724757470661126        6.5142630866027187E-002  0.22926953806865930       0.22219022377757625       0.31434476782204290       0.25266040619676894       0.23249992793178204       0.37637093072340927       0.30000819538499379       0.36649827274549224       0.23253669487899922       0.22214494928052120     
   1.8484669439784513        1.6274241116656036        1.4568811906406194        1.3122290485155725        1.3496583614833049        1.5946225370945235        1.7374960200254317        1.5312462167796455        1.2345805682391158        1.3643194311958746        1.5251068031497566        1.4707974046871835        1.4173487023433300     
   6.3199388972356683E-003  0.28266848583246146        7.0513191417218235E-002  0.24362958080147656       0.23577392519967710       0.33444822217637393       0.27002919744640019       0.24523047810825543       0.38353978033379404       0.30618672352879145       0.37691300200525546       0.24824848228961877       0.23835452943410393     
   1.7443145010281622        1.5505363199780462        1.7754992855588476        1.6481539471692934        1.4366885264416878        1.6377944510874829        1.9075571109881666        1.2764314952373712        1.4731325660027106        1.6102875818224667        1.5367670743354083        1.5666321312131990        1.6949154624895593     
   7.2958204676789847E-003  0.29934041160774399        7.6155131632746384E-002  0.25910900331412584       0.25139946137930325       0.35454226932969440       0.28583648556408703       0.25641996313451670       0.39097088285120241       0.31332775987894151       0.38800605803246296       0.26501712862849647       0.25648525781840531     
   1.6172724975456814        1.4280084960267245        1.5294172528241012        1.7516250879988291        1.6354493086575703        1.3349335279308558        1.6648185936362874        1.5586018077187440        1.3732744522416127        1.4028374732988360        1.5674753577233649        1.7142714916636783        1.6387959230795339     
   8.4389056950996341E-003  0.31590435931310801        8.2370312300169640E-002  0.27464338398058541       0.26777134125496960       0.37441934813396333       0.30109248577104258       0.27129765846060022       0.39859411585460247       0.32054347859228244       0.39938512606546711       0.28227769459579510       0.27584057311045818     
   1.3594574915910667        1.4364336683432155        1.5836712616086139        1.4414075540532538        1.6569058680241167        1.4737006774360746        1.4653043859029284        1.4046845173768161        1.4769714271640675        1.6313810081878852        1.4486398242037077        1.5912597323319675        1.3352925649372032     
   9.6795321742304870E-003  0.33131602467256971        8.8974999859893572E-002  0.28898466191884986       0.28374205038860978       0.39511591519303935       0.31577532093953148       0.28636567918725597       0.40678687092276006       0.32790455189035800       0.41062483251266513       0.29931712509774749       0.29299147467003106     
   1.7446478011792903        1.4742440785275135        1.5384929694015457        1.4412530140728346        1.8142613172408142        1.5494358094981950        1.6901304610616787        1.4521357252399254        1.6161333072944020        1.5322820026190609        1.4573634624657199        1.7078126156457798        1.5956607311190207     
   1.1071178659280248E-002  0.34537843967130150        9.5814241927144536E-002  0.30368443948666668       0.29929032481991469       0.41501718209134081       0.32919665404914328       0.30196659646648316       0.41509474049112538       0.33543414679789285       0.42207546379118910       0.31626324442900960       0.30885813534545975     
   1.4833122838131547        1.3245013938656700        1.9119304197583971        1.7146951186996531        1.6918915742669121        1.5171256424622528        1.4141618135620251        1.4866764371359573        1.2992164006579470        1.5683789309408056        1.6312145762815609        1.5497669587833578        1.7236132783248053     
   1.2633534108109740E-002  0.36008394551103179       0.10274295962661807       0.31814377070599986       0.31415906564310686       0.43412106660793348       0.34249556605840270       0.31713111157468016       0.42327722986081545       0.34325284109943061       0.43405986686595993       0.33321439911668022       0.32523140266049338     
   1.4680186189276749        1.5716554705707133        1.3145011058247267        1.4119696610875170        1.6999648955117757        1.5912268718118350        1.2737634234273862        1.6095295049575462        1.4011175846522099        1.7274044006499669        1.4196128334969782        1.3557885807034147        1.6593912412491048     
   1.4487522681332981E-002  0.37665920005890874       0.11020346323314341       0.33234639237861197       0.32923023375525090       0.45292418625408659       0.35755058053468841       0.33274506644090779       0.43164279215682633       0.35084431073797451       0.44638049845350319       0.35043748356940668       0.34229938878787236     
   1.6945473213876230        1.7017375276090980        1.3665819255164013        1.4340340483086218        1.5339371049808554        1.6118196023846865        1.4510812722782649        1.6580054837316560        1.3132953576364574        1.7490863477217644        1.3202760778503542        1.6556544264807955        1.5108137876391856     
   1.6561404851714874E-002  0.39387382153343325       0.11824701116522487       0.34785065086225764       0.34529067926626167       0.47267300558288378       0.37414232942988468       0.34798962691311119       0.44001219802284813       0.35773549706291818       0.45890310434830217       0.36805702461334694       0.35904704354964045     
   1.6552071259122323        1.6064495608110938        1.4795834397526779        1.4726070910832159        1.6154187460797931        1.7151554367866071        1.5779480221841973        1.5637994261120343        1.5075219299432867        1.5953494911247077        1.6638443465804840        1.6496930345453522        1.5604178190111253     
   1.8839495806221712E-002  0.41149036175813758       0.12612020516247582       0.36406915087464076       0.36054479290194857       0.48840559593418698       0.39131513108308164       0.36185123769537875       0.44844808779105699       0.36444496926396774       0.47138619594767367       0.38773183568556846       0.37516109828258276     
   1.4023300123645952        1.5174387304661920        1.6690779577635346        1.4153592748805910        1.4866308640156587        1.4554914891604804        1.5660378860810749        1.2325295885239032        1.4673365275231280        1.6375028428850431        1.4574647309283546        1.6712167093703576        1.8877760033352979     
   2.1524142266628903E-002  0.42854102209813155       0.13370787108158941       0.38058556829124307       0.37594186015772857       0.50543130562273053       0.40855003204352208       0.37690802510713056       0.45670682761560399       0.37108714516824820       0.48293524691342482       0.40951328997992437       0.39104584448454344     
   1.4873581372135520        1.3637170268152359        1.4813700284029785        1.5854155544990527        1.4270783071925375        1.4195343890084720        1.5743771875948007        1.4156099075841426        1.6133400464291328        1.5601487805379859        1.6308370393443150        1.4730188755398121        1.5357594285879326     
   2.4428384809980535E-002  0.44477561262708420       0.14157368095745634       0.39729518320872814       0.39220617065417746       0.52104060640999106       0.42592108678041801       0.39260952765556456       0.46446335364609020       0.37818841932205982       0.49467618530262236       0.42865438235194914       0.40660392400856282     
   1.4705640317750657        1.5093600805102221        1.4245832007692409        1.7766449148652710        1.5409280150901759        1.5540504243509252        1.6618505100598258        2.0152683669901146        1.4423741334093234        1.3863150025784337        1.4995788965730747        1.4794830531353895        1.4484969710054538     
   2.7878121003900896E-002  0.45910941431325947       0.15024685559794637       0.41565923319249592       0.40794184695630897       0.53697058101905293       0.44376657302838213       0.40907738889373729       0.47227610006248250       0.38541501593016853       0.50614158027249045       0.44645844117144157       0.42149639128680166     
   1.4784193921032427        1.6071569447719809        1.5360566209994178        1.6789327855578136        1.5957049831890149        1.4172110514042087        1.5890576023655283        1.2794815395857109        1.3511494073031300        1.5944146297400894        1.4356744779026773        1.3411862145875701        1.5780080493973860     
   3.1660398276049669E-002  0.47141340235457041       0.15820828739029208       0.43522354305009120       0.41749443386286322       0.54986695747950864       0.46168520904448318       0.42600202398730713       0.48014818765853645       0.39203248908601213       0.51760402471108646       0.46048194713227403       0.43569756973710744     
   1.4491608238603153        1.3813720373295102        1.3759397297649500        1.5366008008849945        1.2026717080132596        1.4192818172736914        1.6432502668199886        1.8109960159772440        1.5783508014309398        1.2627803528654231        1.2927438868631542        1.4463744948689876        1.4490755043020818     
   3.6027391702212808E-002  0.48943159224541483       0.16433932056915992       0.45434129237566245       0.42915124272496719       0.56366286553092038       0.48005948354405276       0.44236224721914424       0.48844520614778048       0.39909920493343620       0.52981779301593857       0.47211938457209907       0.44873270937905313     
   1.4203786651338675        1.8289998815400823        1.4468510606690546        1.4319332209879940        1.5338320193802621        1.3378889852237268        1.5211849995070186        1.7421205442495988        1.3833473309048829        1.6485985755157508        1.3445484633495888        1.7377461635568088        1.4235829084084246     
   4.0703228222212354E-002  0.50715855377526708       0.16999017264459992       0.47357928295356772       0.44133956887219827       0.57419557291888812       0.49849320818971643       0.45834398841101665       0.49702850836070261       0.40658442524659649       0.54231022422585329       0.48355051168753427       0.46090604212432618     
   1.2542974346349212        1.6936262120889016        1.1511158779833470        1.6287205146095354        1.4126081802095243        1.2945939162674835        1.6226332624084336        1.4970573987843334        1.3308928345373676        1.5154701365883805        1.3713774168980439        1.4000261441211459        1.3390246749217851     
   4.5697123874488932E-002  0.52658487674006416       0.17699435367985611       0.49173885110653442       0.45734333257467524       0.58743476475081757       0.51538817437572759       0.47124592435401130       0.50593479720612222       0.41441046365572320       0.55522634856926578       0.49595154567061622       0.47318639994118417     
   1.5162737952933152        1.4588350998753119        1.3109379049145797        1.4102990874444870        1.4664729295129648        1.5249410744194856        1.5872730369240853        1.4089112257037144        1.5564495894640862        1.4535123797051874        1.2994779076898004        1.3784620085691008        1.4919805273913100     
   5.0908155251896903E-002  0.54404299190015104       0.18598668694332129       0.50725975501080289       0.47620293723256030       0.60130891567786837       0.53164509340087485       0.48619530973689679       0.51540643405773479       0.42269500201199467       0.56744570493633772       0.51100076616735135       0.48509714755044420     
   1.3625779600216161        1.3028214241585423        1.3784916555361613        1.4268043710679776        1.3652481671176671        1.4455094582672361        1.5293363396976434        1.5531746958577848        1.3294412116371974        1.5930100403407950        1.5630893826477550        1.6905546935942928        1.4758128011000533     
   5.6316107284812518E-002  0.56117012561551560       0.19553264177948335       0.52330221624689965       0.49366665160541623       0.61455412585382829       0.54573941371140000       0.50342547767110635       0.52309678054760789       0.43085373889025042       0.57769558027061085       0.52952225266632924       0.49859462546757527     
   1.3176469152517336        1.6379534596667960        1.4265224330510946        1.5232077838761771        1.6056664845723754        1.8161610512671846        1.4476568314996960        1.4354501717152919        1.4514798938550670        1.4401214392474961        1.5443371694334111        1.6571974538931051        1.3413688927444221     
   6.1806194312999684E-002  0.57779546720522856       0.20503531635747616       0.54183890159416137       0.51080755534486999       0.62831210386327718       0.56156299506887419       0.51992574727244512       0.52899516218782905       0.43879438412184196       0.58940811268098658       0.54699205069659307       0.51465011758226431     
   1.3656161419885684        1.5336028101647325        1.6495066787314561        1.6130773744598530        1.6632520771689943        1.3238964949282872        1.4226091882943908        1.6168194512396257        1.2998110171682280        1.6995634232689543        1.5087839064959376        1.6315072409307223        1.7326003961918250     
   6.8296858447849079E-002  0.59333813424650295       0.21447819633216780       0.56067988738309349       0.52771767912795420       0.64336936955665325       0.57807979337764792       0.53596070240909710       0.53492110763446699       0.44676336940293998       0.60212666114630242       0.56404861906423298       0.53117637010280716     
   1.4309935382486418        1.4507674588518862        1.4176780057761980        1.5729680384144131        1.6314630039989235        1.4540796738240049        1.7272896289782202        1.6418290462272103        1.1667925347980552        1.7213992932639113        1.4133040546242093        1.5727539454514012        1.6330762425083682     
   7.5536234052338183E-002  0.60934688693716166       0.22369876507512343       0.57923931841162302       0.54479917315245097       0.65802417108123690       0.59474965827037696       0.55201332247291079       0.54209010497005616       0.45503048685619751       0.61509239730823595       0.58000076177168025       0.54743272187250092     
   1.2578073164872003        1.3359690061992537        1.4599711952913819        1.5404903203376692        1.8686909262788565        1.3796666900373753        1.7321024504800853        1.7219693853883822        1.4820125005821745        1.6669646291569127        1.4661448689811702        1.4915940544347557        1.6505249333953635     
   8.4543480489036649E-002  0.62554074855036423       0.23317713410321245       0.59865564751200484       0.56207561723739141       0.67157318319281045       0.60935185957631766       0.56861122550894727       0.55058908260718686       0.46290842403393134       0.62741076096389836       0.59422752070792528       0.56443854541472782     
   1.7211308700240915        1.5682263150614340        1.5026377787105734        1.5505023147406169        1.4577976137185544        1.7188572989846143        1.4756275774340553        2.0010968790217967        1.3318066728520546        1.7733110248719446        1.6461019738068650        1.4464147024248151        1.6290758479507417     
   9.4174723679255223E-002  0.64171495902082187       0.24369549391947004       0.61764445275370983       0.57905117678792806       0.68428687976007330       0.62422186531086510       0.58496725839180563       0.55919424540569396       0.47166961148571812       0.64059260560267806       0.60835520857121039       0.58070848324581614     
   1.6243844099642066        1.3326582998900462        1.5607941739321247        1.5411675404478982        1.7767884544030237        1.7821173992700090        1.6603709431530382        1.4642793218101180        1.2921348673251585        1.4937882028900347        1.5701098726252867        1.5212352857927560        1.9958332582594556     
  0.10497963538952078       0.65802977035942745       0.25561585263085129       0.63668797904325292       0.59606586397813377       0.69594217375687994       0.64123714328789594       0.60226497066061258       0.56868189831059945       0.47923844509702646       0.65486213463888665       0.62350714453285505       0.59676864637174654     
   1.5570670530401582        1.6256703713899812        1.4006102518818659        1.6079612878615868        1.6857871175586119        1.4447114932213663        1.2035728732472373        1.5948915829214101        1.1715065154425133        1.4297037532545422        1.4854782591605009        1.4303269656593181        1.6538101890358639     
  0.11586897859441238       0.67519639951721466       0.26841216094873449       0.65550388719240582       0.61316719612554005       0.70857197185163945       0.65722709791094391       0.61880058510645175       0.57916770569253684       0.48802181142857770       0.66913015021634625       0.64029424626810250       0.61356527888012680     
   1.5280079643726652        1.7113002416049405        1.6359251333473466        1.4935184033343969        1.6242694248187350        1.3635407181496739        1.6617828604028455        1.7241110820515244        1.5077627573900227        1.4612398008769842        1.2900259099587004        1.4286094161607674        1.5039027259867039     
  0.12810148448650410       0.69319207678621719       0.28134055408984754       0.67449818542136164       0.63216684186586758       0.72214793896902141       0.67035066166059165       0.63501666786859479       0.59066374781669173       0.49674577975147644       0.68255583553894861       0.65273721446941735       0.63236044132985070     
   1.5138026100958450        1.8287088571843733        1.7890304811433113        1.8827639435020176        1.6011220561661470        1.4359230481554808        1.5359859441051351        1.4244825100080842        1.3044903241242041        1.4141817071312630        1.6534305188619023        1.2577687371457633        1.5539598335360436     
  0.14082655024566176       0.71101238800739897       0.29491175122914720       0.69389503356153992       0.64929672440547392       0.73581949936455271       0.68313842168748118       0.65227121429755119       0.60178830095877578       0.50549991580306697       0.69573010954414527       0.66529635464890313       0.65009725690741105     
   1.2787541688838855        1.6458161682958212        1.5228200702123855        1.6136517890404651        1.5056129051472156        1.6645589651533681        1.3849958005880809        1.7272921138323880        1.7789739200628196        1.5806175200508141        1.2568614310851924        1.2742987644801387        1.4962605738307648     
  0.15373997960631214       0.72852151839168988       0.30902910023753910       0.71295728206588549       0.66440052097891422       0.74955640810705026       0.69538293560140430       0.66931091582903490       0.61120769706984079       0.51423416915462417       0.70911142284826756       0.67774436095200041       0.66811550567314726     
   1.5602663555372318        1.5851134310026742        1.4885553641549114        1.7107004992979908        1.3735329719553346        1.3497806447954026        1.6574618474988407        1.3298151466139883        1.2327355846485315        1.4863361077212169        1.3930099913993970        1.3423480291966499        1.3208477735648341     
  0.16925310672839625       0.74596914414442483       0.32382290545226800       0.73087900382752047       0.67709867981929539       0.76255266385408627       0.70759460081296688       0.68573143688013127       0.62015921122920592       0.52311735456662900       0.72256974315022648       0.69118142394280568       0.68639023283456779     
   1.6544379352378116        1.8975624198529135        1.5078589188854297        1.8234594567766769        1.2740204094695642        1.2948206409285721        1.2994037304100106        1.3492184554292777        1.3724608671225718        1.4680892872186040        1.5462960166766047        1.4107340544009488        1.6864174847494742     
  0.18634731076874811       0.76298156492040137       0.33866736878581005       0.74636438347858358       0.69058686586287621       0.77433757605949116       0.72006544876291967       0.70137532533424818       0.62858833282103765       0.53234044730040042       0.73561480428734316       0.70900588884887927       0.70435764880640273     
   1.4041780052796757        1.4827110905138341        1.2955023966523413        1.4702894522273933        1.5625184768039617        1.7497110876231710        1.3073847179515266        1.6492102440820708        1.4226622104644773        1.4533185610134558        1.6403577322882308        1.7172523903982297        1.4161020067893197     
  0.20382103941964685       0.78019381533787746       0.35481941467993205       0.76120237270724189       0.70468838575696224       0.78590609733194594       0.73286035601067767       0.71563081438329612       0.63924909264085128       0.54219731781178171       0.74811648233651939       0.72679817002053171       0.72164144695434151     
   1.3251315934577714        1.9380457509258742        1.3983160763589146        1.8524333263590018        1.5114261957179713        1.3311448250045819        1.4159202519365888        1.4843502519160814        1.4801408446972160        1.4208395851280882        1.5602289896100414        1.2767997882286897        1.4493731396566263     
  0.22631493228110025       0.79731691188679987       0.37175319112339095       0.77713686277357108       0.71900350713581684       0.79772169940229865       0.74585124093270649       0.72999899924555123       0.65202957825759955       0.55255272288274571       0.75986474334515663       0.74672865721532189       0.73872217489099778     
   1.5247512465505053        1.4392561019491221        1.3724670294043282        1.5535527779222091        1.2932825779313970        1.7883183112250542        1.4580877604427009        1.3950337751440884        1.4196479984227854        1.8344590912539283        1.4755940311297708        1.6222796870784495        1.3937246126654805     
  0.25934337022396642       0.81409388386924608       0.38983073678279678       0.79337005083007373       0.73334375575342414       0.80976658319991246       0.76322251472912361       0.74476159601243386       0.66531369325410727       0.56261864591397270       0.77111721919090670       0.76535603614423808       0.75492834651835727     
   1.4456045386795870        1.6322510234566401        1.9402869140006536        1.7916086966621985        1.3061166591558551        1.4260420509455072        1.5308002226840816        1.4318517467706944        1.3107057426506821        1.3921225625515155        1.3446723107960366        1.6259400947179110        1.4497389588204024     
  0.30645770540082562       0.83111629443642587       0.40761047472934037       0.80859399386736064       0.74789680598513808       0.82221847252582536       0.78219033116057335       0.75988529218726975       0.67940071424646964       0.57239850613373366       0.78459079023808787       0.78169313351440928       0.77113165535370864     
   1.2002372537097443        1.7324560031529725        1.4758083409336906        1.6560949761536932        1.4649737333439827        1.7846363332936372        1.5962718628140138        1.6726578643937133        1.5420455633295369        1.6065956536559762        1.7399206018343809        1.5092460709177562        1.8869099806652971     
  0.35966495758449646       0.84842035344552835       0.42557819452636347       0.82274711328391492       0.76450169560158054       0.83359402401855309       0.80044397596187900       0.77655620152736349       0.69281186177736565       0.58247212686233740       0.79896247760713845       0.79836855567049536       0.78789083728603948     
   1.4346022974737589        1.7331860476974976        1.4148892764713545        1.2609381428161970        1.7589929550339702        1.3951612075271476        1.3727669352988259        1.6616743209554155        1.4851438721943255        1.4251532151969837        1.4760902631735382        1.7005538676858030        1.4072457810972738     
  0.41186511112064894       0.86418427376632989       0.44497908059750019       0.83624790610249466       0.78228357138741145       0.84204284296829834       0.81816389915982690       0.79365020780410112       0.70601178926622077       0.59297353762117133       0.81283958787187682       0.81547125537011034       0.80464519092812370     
   1.2026435972264053        1.4042199541511942        1.6392002663290612        1.6084819607689114        1.4116893637711097        1.2668450248540220        1.6052038559291288        1.8667639479567069        1.4217446082916676        1.4528450268935140        1.5054154170640812        1.4492699994006510        1.5071377695078654     
  0.46456141298152048       0.88013903787157854       0.46619620941914536       0.84926708661959227       0.79990716218184910       0.84981263525788808       0.83454189907123499       0.81019592132176077       0.72094037590550164       0.60375940962870145       0.82627081108455580       0.83182754293026784       0.82134201705126886     
   1.2492020338117333        1.7892853663547563        1.6557443361543349        1.3594208398945922        1.6472424878193352        1.3027237834541063        1.7020788124081163        1.9531690583227050        1.4120465974613476        1.3838894418273184        1.6954964928122549        1.3789620176438171        1.4797036039349343     
  0.51478470104648466       0.89465785704708800       0.48981825507077020       0.86319780714142380       0.81750022509521836       0.85700575169965865       0.85035436267658049       0.82687289737907343       0.73806307803796312       0.61425415784048787       0.83947926417431817       0.84834596880775381       0.83821095126819689     
   1.3992761390774906        1.2255630792522310        1.7128157092986538        1.7757485293257571        1.5764646511627192        1.2192981200482560        1.3852680261948940        1.3919322194675496        1.6192584043084439        1.3482379746227637        1.3443788190359971        1.2310715226359952        1.6077070694009610     
  0.55967911561601480       0.90855887800757162       0.51439652425522553       0.87721348538510602       0.83416967954336796       0.86716856182304525       0.86619243402692625       0.84394977052881104       0.75497238266624567       0.62449521041935607       0.85187472736300385       0.86431067587889931       0.85489550420915861     
   1.4330992242052794        1.5069774448862101        1.2620401384298237        1.4978493649566154        1.4546266542171307        1.5008947672238075        1.6782240050578590        1.3897903510361844        1.5261436867557232        1.3941370712005292        1.9601988803202166        1.4196431467897002        1.5453767617996297     
  0.60102521543102883       0.92185039710450534       0.53725001693376528       0.89248889321306601       0.84962813480592247       0.87948145006454703       0.88175669180376026       0.86093487680858249       0.77303027559613902       0.63375608112592807       0.86414033021971370       0.87792984610252811       0.87117018640765331     
   1.6532438216322385        1.4282451604738464        1.3873219075653476        1.6867034611913514        1.6081062815100384        1.7502117770141210        1.5346496991687417        1.5792003576337774        1.5371875214933504        1.4796274483406544        1.5277997103880161        1.4545641260532041        1.6477425096445772     
  0.63697010121748376       0.93421078148915326       0.56080470466962962       0.90809146077041092       0.86587673814881161       0.89215875401101186       0.89681136757688529       0.87716878307545953       0.79214896401372892       0.64508999101476150       0.87765045921237794       0.89168653909066742       0.88703505014587714     
   1.5403736636000249        1.5369429336485141        1.5465084432035341        1.9800717448821659        1.3223637108611030        1.6449236826489788        1.4852640308503677        1.4499365760736942        1.9060231725296533        1.3320674854971359        1.6426483009095290        1.1982226564616565        1.5789468473545001     
  0.67056357109814291       0.94643903171027877       0.58671902544579202       0.92243161535356599       0.88216924937113039       0.90594400256447860       0.90862401047187624       0.89350023449663918       0.81292701090690378       0.65704661160357791       0.89189591259319678       0.90406061369182200       0.90149451970614636     
   1.2377309648367492        1.5867407389299142        1.3046920664736406        1.7011015854131246        1.5553001743740982        1.8688338441003347        1.6704679358309034        1.5037635007521566        1.6308879524311608        1.2085892683955139        1.5361494113899246        1.3250509294024924        1.3884557215042441     
  0.70489064661400480       0.95909484847655446       0.61828540522388009       0.93587832238019453       0.89773726848116464       0.91935218589034251       0.92130379325597689       0.91064566154102478       0.83437632608314860       0.66914628739372672       0.90674185915406391       0.91605019732126669       0.91479747415445689     
   1.2161251586697197        1.8000358782397592        1.2725647889978076        1.5116101149627845        1.5672593480800492        1.7079224932049133        1.4085851587935216        1.4213227357310243        1.7745204459418717        1.3795721690758074        1.7882956571964377        1.2775368734341561        1.2052172005447048     
  0.73955475871503107       0.96927432452332629       0.65642105473164447       0.94716808035000677       0.91329148225079049       0.92963747348922976       0.93435328148187424       0.92829406609094578       0.85269643246552695       0.68179471291419003       0.92186625201446781       0.92860058213385710       0.93016248046493610     
   1.3670061857755942        1.5765872102124576        1.3698706393655515        1.5264090875063148        1.6032927099707859        1.2999714172863341        1.4557403519761432        1.6585625712321665        1.6045904471199941        1.1158466614817266        1.6423837539478929        1.2996133820346705        1.3666062683479026     
  0.77689074400987412       0.97837269715670361       0.70223386806409827       0.95706509998593292       0.92942558581597923       0.94051321730704118       0.94800643438331655       0.94676934179008410       0.87043524179245468       0.69449586307470046       0.93663132571125407       0.94263460098267260       0.94550449801492842     
   1.4179519539656757        1.7707009861833984        1.3388301617325684        1.3095808309016770        1.6694167350734985        1.5440106399677693        1.3208692072336510        1.6720740063315591        1.4314148565266298        1.1702211897938612        1.8446891278300126        1.2400346425995756        1.2881939665084028     
  0.81421779745731748       0.98518703891536630       0.75567933643512075       0.96701839716935289       0.94812526783151319       0.95395666448884187       0.96162607657143440       0.96102792148547678       0.89259517719825932       0.71541807412425584       0.95129013992765632       0.95705311683986760       0.95998341668857856     
   1.5545641883804802        1.3258207783440266        1.4921963171431032        1.3417447244458720        1.4749859223680715        1.9920768181383348        1.6528395392329414        1.4989610012517043        1.9132431793707798        1.4667202645333179        1.5747141115799648        1.3944566871916764        1.6161658417425471     
  0.85363396872756991       0.99068027434920625       0.81699110243156881       0.97566602883864850       0.96648483063166690       0.96680861967936216       0.97495627163766152       0.97377009302830397       0.91798832754902449       0.74821113325843669       0.96641512671242025       0.97140271323918992       0.97414392016108153     
   1.8720803691534527        1.4112088228306432        1.2140508900897657        1.2699463965985216        1.7615998978841849        1.5300920966608691        1.5697056829540545        1.5474180155601798        1.3670398499247114        1.9375971437677333        1.5422785390346438        1.5891954364094103        1.5023558012370437     
  0.91290218852991856       0.99551156915395234       0.90220775533492414       0.98759513418174882       0.98242863165557848       0.98291840949890219       0.98744200518526926       0.98654082343669458       0.95488677120523979       0.82276141824575921       0.98299938823336142       0.98567036543267350       0.98690073286068214     
   1.7128589030406582        1.5141424729232127        1.3490824819579486        1.5830698947922839        1.7156190049542230        1.7074106708643506        1.3125778008541540        1.6288363913632329        2.0011560639852424        2.1027718413522019        2.0274173961986262        1.4316909576084413        1.4008822821253351     
   1.0000000000000000        1.0000000000000000        1.0000000000000000        1.0000000000000000        1.0000000000000000        1.0000000000000000        1.0000000000000000        1.0000000000000000        1.0000000000000000        1.0000000000000000        1.0000000000000000        1.0000000000000000        1.0000000000000000     
   1.3212499079660511        2.0030061845058644        1.7976034766196165        1.4668908389937223        1.5800667130479791        1.6253325089267250        1.3690384152246309        1.4001178719652827        1.6362169176385537        1.2036497451879884        1.3367249952552431        1.3244031458784971        1.3810424819161062     
   7.6955827828820365        7.5759097512061988        5.9398852876095445        1.2987039447485695        8.3129029592849335        10.650341891315289        8.3600604179014031        3.2085638980929994        13.709946608681719        8.7148040607540587        6.8131955644331068        7.2621500740502150        12.023796302920054     
   6.1391996111127662        5.1939461499948729        5.7278246074639547        7.0711002459560541        3.1057007545240687        11.348803865651929        7.6603322963173746        7.9609123004928417        7.0556110628369346        7.2920103371628491        8.2110109287615938        9.9706820366106310        4.8241713517175997     
   9.1621156560876802        7.3153475665378949        8.4747668571665393        6.5223827010397990        11.377057942231508        7.7441207585754874        8.9318888110842245        7.8094166906023066        3.5486824405947068        8.2138136424705479        8.3575537466469694        8.4355265092819511        7.7227449953213174     
   8.5204965509201411        9.4847226584426547        10.735762804627035        7.2621970725854990        6.5501095656347195        5.4052472405057967        10.341927337882510        8.2627783974566249        6.6150911274769228        8.7084591169725503        5.7564963457667231        7.6359500585656042        5.6999065315689545     
   7.6947266900189843        8.1730584570165838        5.6674675841142879        6.1789143074086166        10.067432208731576        1.0739565744278197        3.1667688408930239        7.5176562709759462        5.1076130343473691        9.3150592914158583        5.4344776299383515        10.031961116513402        9.1077925654752772     
   9.3907705477266141        9.8359256388854384        7.3838516555932179        7.4756314438096974        6.7667065414266956        4.1538036301908035        7.3220283293581918        7.9193938583950727        13.267770806120529        4.0844294115202695        8.4519614810406409        7.7902070898187121        8.7177938901778589     
   8.8712072564022240        8.1958707305230476        7.3082638290726880        10.311362288703357        7.4773960662703942        10.090642187293776        9.0208269033228259        10.913847845866325        11.390332932496213        10.031564368608464        10.642494134078742        9.0471394833433063        8.8986378201982568     
   6.9362854052374345        2.9266463119357708        12.204897431436276        9.3806215561692596        4.8444848834399625        11.481477641146972        4.3657207156040787        10.520753628918168        11.082326556710512       -64.747641550855022        9.9975278861954902        5.2676551207919067        5.4961947111369476     
   4.8616058881795245     
           1           1           1           1           1           1           1           1           1           1           1           1           1
   2.9101703956852103        1.0683602274100550       -1.0417974958704253E-002   7.7996709481210935        6.0391686403228589E-002   1.0619443329633470E-004
   3.0940449019207297E-002   2.7419445438499841E-002   5.4107543130939798E-003  0.12583343473112968        5.4099014138809538E-003   7.6389011942930172E-006
   5.0000000000000001E-003   7.9392204560683917     
