   0.0000000000000000        0.0000000000000000        0.0000000000000000        0.0000000000000000        0.0000000000000000        0.0000000000000000        0.0000000000000000        0.0000000000000000        0.0000000000000000        0.0000000000000000        0.0000000000000000        0.0000000000000000        0.0000000000000000     
  0.23788039556611715       0.29718462813860902        7.1597839448089015E-003   2.2779947310118343E-002   1.3360399706612668E-002   2.5152742672643415E-002   1.4449829302617154E-002   1.5903500558466840E-002  0.48304556598726045       0.15657975040629324        6.6385386474911851E-002   1.5993468065372895E-002   1.7376597799571770E-002
  0.76722291637111262       0.81817244891752727        1.1328266414861226        1.1525202325120698       0.91046730421751576        1.1249804096115836       0.93772548057227723       0.93815460590553423       0.87400563852161306       0.87509278711713645       0.83553595256556390       0.88943989703613202       0.96536471016714664     
  0.27171143841201684       0.42146943924996422        1.4141539276036112E-002   4.3607109760911776E-002   2.8066870413776573E-002   4.8440973142316122E-002   2.8448342326157141E-002   3.3872562621483179E-002  0.55803245978044569       0.20262801472287073       0.12020757690913163        3.0862088563985167E-002   3.4498385650768133E-002
   1.3621318965081441       0.85355964364540549        1.9673949159164343        1.1858508929978941        1.1116757316541330       0.95077002194056270        1.0766843872840055        1.1082450477318493        1.0045869742693692        1.0078795586021509        1.0059788017121165        1.1514408168548356        1.1633694924926785     
  0.29199434400957280       0.50128070961134019        1.9713037502157024E-002   6.3540963120079397E-002   4.4049872535047795E-002   7.1186508214545835E-002   4.1681137692731553E-002   4.9036758776147382E-002  0.60269046985472596       0.23211022007876264       0.15989178392511863        4.4652954555410698E-002   5.3585596692348331E-002
   1.1725312853610406       0.99937537888947614        1.2852375145003025       0.99933876034371993        1.1087137810570660       0.94525104900561352       0.86844347343801187       0.88047539671579800       0.89271656639446773        1.3216947917025073       0.99632164630065345        1.1202205888763148        1.2471076499927576     
  0.31011000042707249       0.54744410652080866        2.4506969176035742E-002   8.3288314727678225E-002   6.0292335387408781E-002   9.2234111998469870E-002   5.4939996490962262E-002   6.4887574970304562E-002  0.64201610688160871       0.25354315733203214       0.19354635868880629        6.0140525218760690E-002   7.1532534445647292E-002
   1.1295631208292229       0.82817834310522487        1.0884513282083601       0.93753632458987590        1.2179864510933702       0.85899276188031581       0.92869743719660636        1.1610393948778337       0.89326709521800940        1.2158542381572681       0.85469968446979405        1.3901314537150729        1.1467937120030542     
  0.32108101162607150       0.58417193692200398        2.9005098329120335E-002  0.10498047087378558        7.6477266507493674E-002  0.11054406925976883        6.8854829255986849E-002   8.1324937082283374E-002  0.67314002952629193       0.26307920606057311       0.22399063695553123        7.3517466415755975E-002   8.7558152198376746E-002
  0.99689458318001778       0.90308406394952345        1.0691002476857501        1.0303427345585445        1.1763403047477814       0.96601716829380158       0.99824400159205007        1.1403067926076840        1.2260088946863634        1.0599569545981822        1.1597358670038938       0.95865185405180153       0.96141041803928662     
  0.33028119890962537       0.61413501877783638        3.3301961669162009E-002  0.12723044030754752        9.2494258958963252E-002  0.12856583710470904        8.3269799458782101E-002   9.7024613517593783E-002  0.69775692204358752       0.27219171944971027       0.24174318572710146        8.6781673532589657E-002  0.10312401101706883     
  0.89808127060689613        1.0033799121120197        1.1856683658423228        1.2462582661952835        1.2336655633744074       0.84042782611789379       0.91606300946635388        1.1049167182525803       0.96150367555850280       0.96677805637055436        1.1931741378591818        1.1548657910818454        1.0318292930401416     
  0.34019161631918288       0.63999926473289837        3.7644112929454014E-002  0.14994409559449845       0.10891177486038670       0.14859671260650434        9.7429681672075358E-002  0.11545876130038157       0.71617166181205172       0.27922264506195238       0.25924201203739738       0.10176886245085603       0.11896164998795547     
  0.97492873198043262        1.2573421814936885       0.98899501174927129        1.0312027976297264        1.0808547413333498        1.0537825356120987        1.1296082778801464        1.0317082336983205       0.94606993643708870       0.90382532480250577        1.4232541147456190        1.0783946870800838        1.1207243494927295     
  0.34751262966276092       0.66032649402123367        4.2475667535321456E-002  0.17089196483117114       0.12566536837954190       0.17023910717672042       0.11062735473512736       0.13439233812874382       0.73263739535474537       0.28573509666768326       0.27020243211278655       0.11824277558471251       0.13525743427570852     
  0.83559371600238486       0.90787432286007697        1.0538709949721530       0.93299025095138088        1.0584292949031693       0.90351083955208544        1.0364500047882863        1.0240866345569908       0.87513842359866645        1.0148797950560629       0.98070807273296978        1.1840322733606139       0.92499118842498773     
  0.35718726025849329       0.67829669510970225        4.7088000448604873E-002  0.18923063728437667       0.14282952398493859       0.19226694977493641       0.12394481014728856       0.15013931149410051       0.74728259787449081       0.29286371417345891       0.28005043862968582       0.13508373172267674       0.15150331696415875     
   1.0827438419556519       0.80924070528756498       0.96797742857632374       0.97076774342003136        1.0136363098304573       0.90408588541871393        1.0137795468509807        1.1002815159446362       0.89809352432660028       0.99507850532932907       0.96972003477154645        1.0657557258047889       0.98453024097766384     
  0.36693382786207851       0.69439405535429499        5.2252683379678630E-002  0.20531897216080625       0.15686024225546286       0.21424550952120996       0.13824946718387310       0.16500159501562334       0.76075033393459990       0.30031879114816462       0.28991951962504625       0.15116352461899768       0.16826412464432669     
  0.97222064213911619        1.0962803443041800       0.92338801504742396        1.2631651593464805       0.97631166187980067       0.90857070980214627        1.0284461933795264       0.97410135030265455       0.91666005801708361        1.2212670311329286       0.80383170971681983       0.93822334827611731        1.0152037134456051     
  0.37581876756884519       0.70898436851714863        5.7382938730016118E-002  0.22040136869866875       0.17070101989845282       0.23667925915834251       0.15421364720151279       0.17884857433810775       0.77284514433051354       0.30692948862072067       0.29911497591394176       0.16689186950646531       0.18225959700988031     
  0.95697890117421280       0.86357206648516294        1.1861042563369235       0.88198371564868827        1.0316814323805141        1.0280106144772383       0.97202280009823194        1.2476492190801045        1.0798825507512200       0.95002608309684033       0.82190748552435167       0.98603918843578831       0.92591173856238618     
  0.38472545831230698       0.72324959559454149        6.2672198847135707E-002  0.23497852442471942       0.18556329031538149       0.25866338996507549       0.17088926259634021       0.19291835087759759       0.78470944618718785       0.31284640367613936       0.30829869690138595       0.18366400792058160       0.19587985939987160     
  0.82149638271976966       0.97747562399666710        1.0952447028184236        1.0569276748161276        1.0623523275355420        1.1204183625899546        1.0781967611244612        1.0611325781671059       0.94125179763022104        1.1399511200983490       0.90752817620460957        1.1885736055204144       0.91841750740252137     
  0.39470867584432989       0.73696368288937208        6.8008428065081755E-002  0.24963339360706807       0.20171338891873045       0.28077007189026593       0.18735782126773903       0.20861132840029073       0.79528873363437802       0.31890541672444933       0.31785904756426892       0.20088544236769762       0.20943713163322208     
   1.1581369827961752       0.95780106885064697        1.0268714921547877        1.0562080690461439       0.93766481137287705       0.94568360683664243        1.1138339485764401        1.1615925762836656       0.89471634575327430       0.95178788400015257       0.91971683797360559        1.1682497275878325       0.95881250970718501     
  0.40374764672229180       0.75075667225187348        7.3118350100242813E-002  0.26551394999514916       0.21722186201933746       0.30168750415841611       0.20395838946658407       0.22421141764703115       0.80416423890693978       0.32493519793022668       0.32735523598407595       0.21631903914573358       0.22251978706237677     
  0.80970660824486351       0.95462752748716517        1.0071750500672705       0.95882361434233221       0.93990884927410245       0.93199020057718907        1.0058175270875607        1.1067057176268935        1.0016184920735225       0.93304502893342367       0.98240025364765282        1.2062622189938357        1.0085828384425735     
  0.41216292306883423       0.76367855676590757        7.8240824112596669E-002  0.28075907878176387       0.23219844789338973       0.32299592736267424       0.22093049193921341       0.23891175200516210       0.81267202694121221       0.33036425313207607       0.33664860048454970       0.22993567991396485       0.23715108133587343     
  0.91100505713241009       0.90133689837825093        1.1038858108678131        1.1270040232111003       0.95010186787028006       0.91238978563210849       0.92187931895178810        1.1536239725891666       0.95155472451193157        1.0563637986803138       0.85353976914168284        1.0239551150493857        1.0618859446832720     
  0.41959953982063791       0.77640467963175042        8.2773336811451562E-002  0.29393274607105357       0.24593950353441824       0.34302566021919678       0.23665575016455723       0.25308311247531123       0.82078035103389757       0.33570075575194175       0.34592912314356650       0.24258579317288662       0.25147215464748729     
  0.99385668043344455       0.97638572806316226       0.80924070528756498        1.0916919496009081        1.0049674135479847        1.0238586940913896        1.0971398889464461       0.82578028509085055       0.92157159204954575        1.0433087120941542       0.93202682078771792       0.85817272024475866       0.85577510223588316     
  0.42707753025425127       0.78682799737840781        8.7659578996199972E-002  0.30467060859031142       0.26022013350769652       0.36437987331811894       0.25031136748999289       0.26647477818888726       0.82793503120699774       0.34117157001044962       0.35727006490422220       0.25558439585104792       0.26660574301030399     
  0.80924070528756498       0.92805501360330422       0.94899758802197076        1.0652595728123417        1.1789548349026879        1.0908286592903533       0.96638689713465165        1.0530712303655776       0.96303846242704938       0.96762978573359182       0.94415164668547735        1.0979143582720314       0.95617031606283920     
  0.43539266387204117       0.79655968547290545        9.3105049907461795E-002  0.31343517576183721       0.27049722456436998       0.38496188395288899       0.26457553366955094       0.27858190778705783       0.83434868901939385       0.34687591587019112       0.37053940041478250       0.26946525461213316       0.28247195388575824     
   1.0491432664688376       0.99134015859849789       0.99541144025017148       0.77309164807652386       0.93810090207538555        1.0398292957449682       0.98395380247456221        1.0103176879807561       0.85579611804883571       0.91585639588943890       0.96000523211222943       0.86091589853856287       0.93938075068007487     
  0.44290053915762473       0.80583672346782065        9.8863543788973773E-002  0.32377049029939153       0.28102764703507371       0.40535633977160640       0.27922953262421563       0.28952261379083999       0.84045663516795066       0.35288893162114748       0.38470279743644864       0.28383937096111911       0.29776190500880129     
  0.89988175252782610        1.0305912553412300        1.0156527849294090       0.96379623835036377       0.82257868056181338       0.99465979757600298        1.1063073170864055       0.98916394064983071       0.93416417002119445       0.90490795000528923        1.1644724256494203       0.93564017748076977        1.1266432297026476     
  0.45009462678175494       0.81516229777927396       0.10639692403168345       0.33577223203198975       0.29154296265251628       0.42577251812690109       0.29446116154780905       0.30020198450354080       0.84654274783513928       0.35824297487135959       0.39872212264180668       0.29960917665063752       0.31172659453706497     
  0.91714686586423277       0.98536524385592539        1.0301725912441320       0.92058137539147222       0.93140424096044083        1.0313880822880761       0.83677103433269850        1.0058816458816762        1.0279634600891532       0.95434794778154042        1.1663451841121402        1.0033734974274775        1.0326521017044337     
  0.45719617487767455       0.82384850173188040       0.11382721574947575       0.34871052112639189       0.30173124084292430       0.44606013698933455       0.31131798654913734       0.31194618792923262       0.85320420803667485       0.36363707206445517       0.41206116540508791       0.31375017116904536       0.32479909635772680     
   1.0926332481048346       0.92470729806681395        1.2117347342979576       0.96166490649063241       0.87351776770759015        1.0665572346036534        1.0685989868799937       0.93504997110898946        1.0616304165236754       0.89723796929695809        1.1840201509518566       0.93876079198614981        1.0804239220653893     
  0.46519584593834273       0.83274219924593229       0.12117563996345578       0.36070513768532764       0.31234094348261338       0.46613704143442808       0.32791703071129419       0.32435421064280934       0.85974352089454620       0.36877766311723326       0.42525843534682212       0.33020864912250519       0.33816201581617533     
  0.90174857149072640       0.96911163490034802       0.98908533865502257        1.0177109097711659       0.90392205457511832        1.0588941668677792        1.0905783524941348       0.85552462496183990       0.95337635210769445        1.0560063979223506        1.0278069728611334       0.92704119596970103       0.93607802596824929     
  0.47376647471466871       0.84149201530856099       0.12793134080364341       0.37205079492257564       0.32306521150818451       0.48497327094971882       0.34538746307966434       0.33780339045341196       0.86610947799438243       0.37360706570440783       0.43834400507213667       0.34658922616082560       0.35208359498684638     
   1.0120387777049946       0.99270048777421294        1.0138363969415840       0.97633120475689905       0.87773868627396656       0.90613825483478294       0.93097097107221638        1.0858579670936164        1.0715534585077231       0.95468656325884205        1.0232985092494733       0.96800041500929135       0.93930233110157768     
  0.48234672311668381       0.85036269685798038       0.13484010983432634       0.38123532417503198       0.33237995022036432       0.50203020855245539       0.36352854488933978       0.34833706523187907       0.87262483925935097       0.37837487816766019       0.45126033579073749       0.36358717923238049       0.36691413418347002     
   1.0282694201981000       0.90210465399699935        1.0041456382533029       0.87294552206423914       0.82262520855920473        1.0839087908748184        1.0962543258915685       0.97449992982094524       0.94058524727421688        1.0866001439731590        1.0990158732432800       0.91738049137159272        1.0273034628170274     
  0.49228181646286334       0.85877265845623896       0.14194592419353622       0.39352695164007045       0.34077398739010695       0.51896257550467573       0.38019070238876568       0.35881411212680453       0.87786676876041259       0.38346122405575106       0.46314764078860599       0.38036049872443412       0.37883570176809833     
  0.92344040886890166        1.0685804949926754        1.0228682168027108        1.0787174257878618       0.93801650574796758        1.0849809918507258        1.0805012997070904        1.0117183196006159        1.0840134554416840        1.0520957457315643        1.0246724719347529        1.0937593922262399       0.88164852668843130     
  0.50214614890951359       0.86683205266042884       0.14947866571268575       0.40518893225778385       0.34967883255851878       0.53447367341959084       0.39313051756694511       0.37282501143137342       0.88305151584918418       0.38876290710821026       0.47824414663343601       0.39673537461315644       0.38824026964299935     
  0.86778634228423202        1.0116254946931145        1.0789478957955994        1.0748633447586033       0.88548359080474925        1.0370830041044743        1.4096061367534809        1.0115534689416896       0.99939139623151863        1.0760390502318329       0.98545652109308068        1.0201210080058645       0.93540519369928887     
  0.51561315365845128       0.87464524653679232       0.15682757912252335       0.41668341208562815       0.35848204166169084       0.54973771320580311       0.40308574750390119       0.38907694404836246       0.88784180681109459       0.39423492314685654       0.49415759639117601       0.41305502734231392       0.39683395947881739     
   1.1738044863217054        1.2646633588941938       0.93588359988399572       0.96752911527164520       0.89627582043322818        1.0342065483688976       0.93139421419295698       0.92685075851172272        1.1765341552806234       0.96437158999962269        1.1643329670971625       0.92082956303673058       0.94863915415168598     
  0.52907779381080489       0.88158458325529976       0.16390317581204461       0.42677901494417797       0.36889298067385412       0.56402177324446412       0.41358431441618299       0.40444232096279692       0.89245356756792715       0.40006091866432730       0.51185044392398593       0.43104133727903648       0.40519447371676831     
   1.1916302526353180       0.92076225979451554        1.0134481725925160       0.93158347708363221        1.0093578561980088       0.85061966573816628        1.0434721522179842        1.0259403146850912       0.92507771879737477       0.99540388101415744        1.0861853492473963        1.0986559647020104       0.81757902422298723     
  0.54231336630208971       0.88797252099675750       0.17126610203950071       0.43759088717057937       0.38795183911172171       0.57823268002567119       0.42450252585330145       0.41928196155724040       0.89677399634643951       0.40675804345127980       0.53049529372202009       0.45054951404578142       0.41403922182579839     
   1.0192787620602646        1.1221573304129511       0.94836905093174773       0.95307622507188672        1.0851083207914616       0.86691594438981723        1.0199877324630950       0.92071791620856425       0.87150649102693234        1.0105673245868665        1.1598988466310143       0.95673330958750125       0.93140317970673758     
  0.55508116308542044       0.89446413510907796       0.17924898683341159       0.44938992339806150       0.40599239556760486       0.59208740991508524       0.43597632472359527       0.43372005321519141       0.90102669631486854       0.41390086688058775       0.54885761338850969       0.46982538180027905       0.42331038804029048     
   1.1128727351362910       0.93921012299835605       0.92685554177110463        1.0373863067237692        1.0110089364521062       0.97045012721020829       0.90404362443975206        1.0288956860590914       0.87152300312703790        1.1119780904741088        1.0997619513653913        1.2245321131727642       0.84768184463379481     
  0.56732570667961613       0.89944947299036959       0.18752076060833420       0.46390030438421664       0.42276659656478127       0.60744876582430385       0.44891146499963130       0.44816861149335141       0.90530393620620664       0.42099453334882142       0.56835484845860429       0.48957909324822119       0.43359603056311302     
  0.97009342240820984       0.90031081064012619       0.98744999352176777        1.0097651249935840       0.99422742064215486       0.95259971388543396       0.92305552659952717        1.0938603376870544        1.0949523094189588        1.0784041732556953        1.2712748519988988        1.0889380026013862        1.0135775503608144     
  0.58000211482085384       0.90509337062942163       0.19628770539116097       0.48035597426647708       0.43821990504601593       0.62466353955651988       0.46187648186774954       0.46457904135010930       0.90964060198952723       0.42839943912285511       0.58578611309513517       0.50889350018192658       0.44498128272821902     
   1.0245835423316854        1.1253046865693366       0.93176589171675051        1.1493830355662429        1.1752891937333299        1.2012090281302659       0.98845235230832529        1.0913925287499360       0.95059755348762676        1.1051875410803318        1.1389579428739447        1.2397254664419337       0.90651621410860750     
  0.59099286786186311       0.90929742254106072       0.20351928640771083       0.49652149219750874       0.45339124111222934       0.64194933484939343       0.47507719833708340       0.48122184153825764       0.91383645547183723       0.43578236599301756       0.60262291976623450       0.52734595694618080       0.45937991312762178     
   1.0827536372059730       0.98883249059637024       0.93640552144166689        1.0594032577965398       0.90991159024610579        1.1397796050098923       0.99972723676751063       0.99071328336466624        1.3287956288655085        1.1674801643779864        1.0683537945688322        1.1158735270720823        1.1661272947354855     
  0.60191845935475485       0.91375180524263599       0.21105220631090599       0.51194936099259014       0.47073042574360785       0.65844053367461208       0.48868795032919526       0.49801551418320256       0.91744179044507557       0.44325001441280404       0.61872390053387660       0.54491652361355847       0.47336689233671225     
   1.0110143865550105        1.0037290629469635       0.99161897679151556       0.90439592507459965       0.99203298816130348        1.0390620809625333       0.87981656093827820       0.88489465632552733        1.0659920514267449        1.1419739599067076        1.0747232576754970        1.2189329727470002        1.1151169564512913     
  0.61318100770039863       0.91831805005304112       0.21885116714612027       0.52695992723384066       0.48934315144460183       0.67421573960490322       0.50230129728909489       0.51689667317610555       0.92059137125912438       0.45095315232830840       0.63330022931292651       0.56227565473922336       0.48574647212685762     
   1.1032221427724997       0.87981369805926002       0.82860458403880011        1.0453476902785404        1.1046223702397739       0.87702114466343739        1.0691782807004089        1.0508589375394337       0.98770361134964335       0.91875971483252383       0.96875487446967334        1.0689895387772705       0.95987820733557183     
  0.62418585611003363       0.92289370928284431       0.22822996055994343       0.54246223426014084       0.50722452986626010       0.68994433178682690       0.51398865773223945       0.53566601636142341       0.92333256384976825       0.45885853800509080       0.64758324450905758       0.57756286536610546       0.49923042790789246     
   1.0864902647179955       0.96302169674949190       0.92036899614918122        1.1621483860385482        1.0751162221470512        1.1353592470589717       0.87238212102599721        1.2055781593140935        1.0778720382982776        1.1264976331967416       0.90487239572509337       0.98097464136384593        1.1464841469094589     
  0.63724179551949944       0.92754259787808835       0.23826451947205526       0.55794021709669084       0.52630871906293031       0.70626835957131251       0.52471863124014595       0.55401704864544010       0.92613696008586355       0.46672486020116677       0.66137156150433130       0.59108927556047319       0.51284786654706793     
   1.0107404787511949        1.0313182114730628       0.96424995710995820       0.89799831435727884        1.1058867539570800        1.0540520745075339       0.97303361313865544        1.0532124510619054       0.97953863952612763        1.2062312322763262       0.91207941374738566        1.0460841310136197        1.0188702991884468     
  0.64912552982759886       0.93206965477246428       0.24802316247291056       0.57246195702857683       0.54397241952873421       0.72310599954015842       0.53711115202393045       0.57272756855700391       0.92911873996749039       0.47404400557725807       0.67524159093836433       0.60340564467427915       0.52756001566033162     
   1.0945591431339030        1.0088307540334673        1.0809124471024361       0.85300076058487229        1.0736758319665041        1.0123320771602822       0.86709009271147419       0.99387511578497922        1.1834465190689751        1.0548173028667727       0.91747504506712552        1.0201694749617418       0.97503064662621064     
  0.66038383412772239       0.93641284032937155       0.25883110472075538       0.58598893715784828       0.56094273489251367       0.73940033632887892       0.55161460448488586       0.59114478884687571       0.93266468698008576       0.48137093216289101       0.68776809267002625       0.61520116001195924       0.54324845025920432     
  0.84394247151176349        1.1550375198484246       0.99625816695526115        1.2261076318199875       0.87136539987239336        1.1092410650617468       0.96844554542255035        1.1899628357588981       0.95529987659612747       0.85479918636748831        1.0352553768893829        1.0040797559767414        1.0681898218676211     
  0.67146655934722843       0.94062555533635472       0.27059119961081568       0.59958428914741657       0.57780212063457492       0.75390302043312407       0.56809573447698292       0.61049082060895909       0.93611334464422868       0.48866581387265146       0.70049033873866129       0.62706294856318745       0.56215041985801528     
  0.94665561867512127        1.0703812979868279        1.1521155197510635       0.98134993405503490        1.2739357955160493       0.91524779502688147        1.1333805569530304       0.96795370404429959        1.1126268135675952       0.97522775500254721       0.88192094803650423       0.87362897661881089        1.2365436404635242     
  0.68315986596479283       0.94450560917630066       0.28334852023401125       0.61342623114863348       0.59573950313191637       0.76676403503524981       0.58518273819835320       0.62983045850514563       0.93918558834796206       0.49494092774700371       0.71498034883679751       0.63985738054687358       0.58313018202268374     
   1.2151565390044188        1.0158640777249139        1.0212295326967817       0.97489241701977325       0.94597086000947739        1.0107087810332778       0.90854698118151589        1.0560526605974572        1.1927870679529755       0.83726596579648138       0.99214749263231283       0.98982565520565902        1.1764124003133147     
  0.69485941644853599       0.94817875771298321       0.29871397861270133       0.62721679810856557       0.61439568223048269       0.77814357737439643       0.60275833874442220       0.64903561248972030       0.94229979042396583       0.50131864190957753       0.72992781040648425       0.65440519594855762       0.60226763415321705     
  0.91327346061308856        1.0847225894307000       0.99166310518730483        1.0111042844531886        1.2152285708354920        1.1115690320010914        1.0096197843470081        1.0793184710004764       0.86078791973382718       0.98029161516751451        1.0777213081529251        1.0268435947726104        1.1659333266352410     
  0.70599487843811370       0.95164572892458821       0.31285013239951370       0.64117296233224064       0.63289966776263507       0.78819179292168418       0.62115751588233870       0.66802271016147174       0.94534156469050890       0.50789459797155989       0.74556287125034082       0.67000804934913583       0.61867232277133732     
  0.95971822603841794        1.1933807463917376        1.2622280867833024       0.89094729540389328        1.0936305826431261        1.0157467103254967       0.98581322328009902       0.98431039576761636        1.1238837093377376       0.92426848251904437        1.1596315097918743        1.0096055119772425        1.1331503899028637     
  0.71768273176921915       0.95485703804956323       0.32832606485255456       0.65575959519521276       0.65058647144355330       0.79940099285625554       0.63933140160044089       0.68690548967553400       0.94807270072535599       0.51485125323092495       0.76174204383678834       0.68594438638167610       0.63446957185578434     
   1.0729001762444512       0.98820852931936043        1.1444047000624000       0.89429075046577322        1.0308299468524491        1.1858002836376278        1.2505420670239582        1.0367327089549805        1.1478412014594837       0.90499560716249638        1.0356809480004028        1.1739003203581588       0.96794430376828045     
  0.72981854154185710       0.95803545029662751       0.34372814622098807       0.66988700402263757       0.66709980419475290       0.81086759706359435       0.65728348136124937       0.70455064418135815       0.95060643350709428       0.52184557504991391       0.77769307980066305       0.70167204121775695       0.65037088217996197     
  0.88873419563035772        1.0550279853631468       0.99336621206627662        1.0116963653188347        1.1879243614429440        1.0959920904837410       0.99929868908786301        1.3762693907038990        1.0454259204004857       0.87980791243081291        1.1313004673589220        1.1146681214174914       0.96493952253517201     
  0.74225070327121745       0.96126937650018851       0.35990076549698080       0.68450490843685119       0.68466848417678750       0.82209218651541061       0.67565673223498612       0.72084922164702669       0.95307041713007923       0.52882467802317024       0.79320869263565164       0.71781279805599107       0.66593744495696383     
   1.0333684077069094        1.0527335394294834       0.95755625732030292        1.1143320994720933       0.90060245815822082       0.97473941642207673        1.1392284626791649       0.99349542193748652       0.89825276588623648       0.98511563139460823        1.0212723941046340       0.94871187959151593        1.0022917477130144     
  0.75459912191409828       0.96446915858304461       0.37697664494522704       0.70086905396005317       0.70063583936605967       0.83383738156999887       0.69450264009300089       0.73820798740267257       0.95560711665389109       0.53674463664190930       0.80786300026311875       0.73405732562784975       0.68236306508380740     
   1.0935514571150988        1.0428057625025082        1.2351424176777632        1.1194543197415057        1.0784357704708243        1.1285662541602031        1.0749695741225795       0.94321325367999331        1.0701783507151488        1.0470090337173672       0.84176105591768846       0.90566984183644172        1.0046244639460742     
  0.76658920710960554       0.96765839376748175       0.39542772079414223       0.71808427905367189       0.71727601939724184       0.84643067888969092       0.71379388944235000       0.75687764286473747       0.95853190711543090       0.54546180899607333       0.82169948035600193       0.75007938648966244       0.70063310566607873     
  0.88283556395523677        1.0389465884573423       0.96041084286744127        1.0088987985407412        1.0735209861985866        1.0007605051111879        1.0815482665869396        1.0894746077706836       0.94237039608431772       0.99104637500451576        1.0198681322702612       0.89670104625649705        1.0578100179608734     
  0.77972355834553364       0.97076442190688939       0.41377721012716240       0.73615527257337510       0.73423573690092769       0.85576874258465929       0.73286227444268282       0.77463401346908212       0.96075669638967909       0.55397063743921893       0.83611595829792240       0.76625748681457351       0.71792978892822390     
  0.98366022038873469        1.1627968986824047        1.0257828308414423        1.2379882664436828       0.99623226949305288       0.88092370883452287        1.1389372686588564        1.0382044682150695       0.90378050027424073        1.1255998543080115       0.95093291166170835       0.90404593821456736        1.0926463876282742     
  0.79336587729023622       0.97354843356027310       0.43209703492058299       0.75448397483631635       0.75124120306223974       0.86420740546790698       0.74911385632600491       0.79236646662914978       0.96288134155229532       0.56206708477628931       0.85082814736438361       0.78327868878726514       0.73739796139492020     
   1.0802994520518545        1.1977771822557688        1.0721182362943744        1.3537593921439726       0.99770218108235142       0.95178019690126725        1.0010033030210292        1.0757890926331142       0.88811637115826536       0.93015684764334983       0.96867944968189656       0.94652087998992462        1.1756000067927441     
  0.80730166342975074       0.97638113392445491       0.45207006444154180       0.77326819951038639       0.76666422198098594       0.87518307749832036       0.76665542968637468       0.81043303476591233       0.96517872805344029       0.57053041480972677       0.86406186200935553       0.80257451011264413       0.75857908960614118     
   1.3684666295958201        1.0615120768051998       0.88829961349947739        1.2122019227366621        1.0555207324471290        1.1209980962019022        1.0958097351685798       0.90547785053137175        1.0241782024723287        1.0015621027188955        1.0940610964055599        1.1470635572318875        1.2524831638787153     
  0.82064903601489636       0.97857927449461612       0.47471887915571936       0.79190184697078858       0.78619970999324162       0.88603081802317862       0.78353753987068142       0.83010094613498386       0.96756547141415672       0.58158017797175721       0.87486401966433736       0.82177464711229675       0.77765757136332547     
   1.2806374313001214       0.98577518760060667        1.1214764579035601        1.0990026825325070       0.97243940611367974        1.1136495812880618        1.0077777845718801        1.1476548558988016        1.1042019969056363        1.0763793298828683        1.0030052739322968       0.95777963002030930        1.1623916768115572     
  0.83338991598623280       0.98066381834644256       0.49816275599050258       0.80875074817293902       0.80687186547040757       0.89748087993775139       0.79926708275383229       0.84766268370668374       0.97009834736055012       0.59491352656711627       0.88550863222914056       0.83951429787926268       0.79620504883865406     
   1.2042472003802380        1.0259661254465888       0.97958972092851493       0.98402828054427294        1.1615237941162531       0.99465236881267616       0.97856096818640725        1.0622948897200064       0.97639458230355891        1.0575816695172680       0.81002846747625745        1.0974682074446351       0.87745078173439117     
  0.84645087683776565       0.98275326078446190       0.52187414830425427       0.82582816617903465       0.82634326052663432       0.90948508480914103       0.81501987537432885       0.86447410222124066       0.97262728264710596       0.60798913013058575       0.89643782565592300       0.85601246418701293       0.81480215063158279     
   1.0515834507314226        1.0145818032008427       0.93442857256585776       0.98570436043870091        1.0344123456222363        1.0961613940897086        1.0725108440947484       0.94847259723698540        1.1097183340255203        1.3385528803304325       0.92523264471269950        1.0046305897079468        1.0673584279897748     
  0.85916087677743647       0.98501874517938648       0.54984982348723532       0.84524971003566041       0.84434680315617527       0.92150672290678570       0.83253988866953987       0.87902858994119226       0.97509126674240176       0.62095671614980841       0.90725607430318556       0.87474582913319221       0.83455054998831735     
   1.0547373300236049       0.96592849460906227        1.1069387280470835       0.96081305134083439        1.0625041757282603        1.2618332078824073        1.0580456952434294       0.94172079526322727        1.3042438942080909        1.2814105497551032        1.0071133586631049        1.1043264284103844        1.0230056197992565     
  0.87195602803531835       0.98707475716899307       0.58060837011041111       0.86384713760791720       0.86180848109483144       0.93366364534916979       0.84949776635496721       0.89114225326190011       0.97764568711620192       0.63441630188614995       0.91730707108941911       0.89112528183590622       0.85506284468433014     
   1.0781925944328232       0.96785453730742910        1.0210207887852076       0.94028997111046309       0.88464670580892002        1.3746460372923182        1.0534219047289592       0.95519196777075766        1.0855680857437198        1.0271309438255778        1.2786115865963512       0.90291957861783345        1.2800427009438802     
  0.88597216685938029       0.98885602859548627       0.61627251730159072       0.88323133907818674       0.87739478137460247       0.94505898283772949       0.86608773115012616       0.90498715362701398       0.98023582266075848       0.65011962696710102       0.92615636059827866       0.90712106411073656       0.87487779295220469     
   1.1772541008480886        1.1247908956188406        1.0258983090627418        1.2322653167530930       0.98304076511505578        1.0513778088845815        1.0653397440684045        1.1137890044210743        1.3415649979931850        1.1147296693563271        1.0391615280349313       0.89479563967179876        1.2079484136061986     
  0.90118783798223667       0.99044366569397080       0.65328468668382800       0.90252746714664689       0.89248933100212324       0.95443158926251248       0.88361373854961400       0.92109540736113260       0.98267893378225468       0.66638643310668910       0.93526139616399051       0.92000116002395305       0.89255012640479336     
  0.95844170564334008        1.0800083058607914       0.91488631777810681        1.0514518684221958       0.93048325378754215        1.0798485550899453        1.0751981800121522       0.94802828511312909        1.0103430027840377       0.90747999223646925       0.88004205165109772        1.0848030473038264        1.1066198523830730     
  0.91608506145972268       0.99187856938863506       0.69223776936502157       0.92130398051669815       0.90858487439549862       0.96215073023283471       0.90212763703032717       0.93673493422156862       0.98505931530259838       0.68633600951041340       0.94550150996212234       0.93368961442079479       0.90891833120128751     
   1.2942202575590320        1.2006777380194635       0.86574484353181547       0.92296863130829210        1.1036881036347461       0.96518375144103941        1.0230572685844304        1.0105195925976103        1.0596980168140493       0.99047047797106902       0.95877506096527976       0.99237466363633842       0.99485144888652777     
  0.93010695194082560       0.99335937894985160       0.73552532936883586       0.93778849172332002       0.92671540679743758       0.96912059279665896       0.92186135443168871       0.95073505747303477       0.98742735248500757       0.71140100276217033       0.95621121830719891       0.94733964202526910       0.92656835352304934     
   1.1857982771214430        1.3425203295778987        1.0009642970832557       0.97997103426655008        1.0286328813676762        1.0083690870190678        1.1312006835453623        1.0675340827633140        1.2541432628684055        1.1126231839446248        1.2385279699355045        1.1104565328148974       0.98109757589223734     
  0.94426919125057251       0.99491848723946219       0.78672574506907611       0.95499028362535343       0.94418278104400066       0.97717174086254865       0.94247762668425172       0.96300325761671068       0.98987169194928093       0.73912317857831955       0.96715537758204584       0.96112833640089823       0.94542549653269536     
  0.93181659109416926        1.1010456981091414       0.97765565179141445        1.0373096433708802        1.1154659984780084        1.1514414601555871        1.1409496492826912       0.88680466348360065        1.0264562332084552        1.0412518985398158        1.2606623681512865       0.97498406963985917        1.0047641005158643     
  0.95894922259180704       0.99655959571913644       0.84433085878656933       0.97077005849998721       0.96184629277446954       0.98473940350462297       0.96170330157198747       0.97452832837104852       0.99296757602179353       0.77734159631389110       0.97801954838098293       0.97502195004705849       0.96331421184907751     
   1.1391373859010978        1.2852722535088796       0.92085450995684992       0.96540149264194897        1.0880115250300932        1.3198723500249780        1.0803269645039306        1.0197116568088735        1.5394399649616382        1.1919117763123412        1.1478570758440805       0.91617844170157403       0.92876016088757507     
  0.97876285782158257       0.99827104700996072       0.91415825930336758       0.98540363669616848       0.98012191370555568       0.99215754764969033       0.98131448882691685       0.98715880156946889       0.99657868314731179       0.84308697913299491       0.98862427992632818       0.98823863402147172       0.98128373505398669     
   1.2568019954236325        1.3282597050966549        1.0879750111400484        1.0447212790080393        1.2868027981653545        1.0376727059811959       0.99799939295118389       0.85490844663617538        1.3545040145714928        1.1061472630912226        1.0444797220395197       0.96514940731777943       0.98088037851186682     
   1.0000000000000000        1.0000000000000000        1.0000000000000000        1.0000000000000000        1.0000000000000000        1.0000000000000000        1.0000000000000000        1.0000000000000000        1.0000000000000000        1.0000000000000000        1.0000000000000000        1.0000000000000000        1.0000000000000000     
  0.98663204731923115        1.4428649653435550       0.81204810728269916        1.0914464312567855        1.1325365683000823       0.99955262626117158        1.2034487548203661       0.94100556893090337        1.0929718347996655       0.84647027192094626        1.2846268319862215       0.87715156642677272       0.99624860198647081     
   0.0000000000000000       -3.2284743165943040        9.9201444577408342        6.0254055316558039        3.2044770752976262       -5.4330288970458405        4.4831386886656075        7.5757117652463082        9.6436196384010149        16.444996566781008        8.4970806281062821       -15.173244923702503        3.3252374448766715     
   0.0000000000000000        4.1910289482907492        8.4918704059154440      -0.66521131045079374        8.9285846294460125        4.4963856439750902        9.2246286658502576        7.7630288432658636        0.0000000000000000       -3.0848681076603848        7.2870035666647048        10.270711360049438        9.3277704474099501     
   7.0571308327463811       -2.5835798513026824        2.5297966254800688        8.2700174530343542        4.9223973958373435        9.5783102330267571        7.8371527446039480        3.6116132312802165        10.628818305969336        8.5109713282273063        9.1986859535431673        4.5357546103618374        3.5358397816881890     
   11.488641267712568        5.6676584790890114        7.9891715002458028        8.6754686371907983        8.7610464717513263        7.9945721837202210        8.8798531221923298        7.2652967379432392        5.9286444131730835        6.4551901634151978        5.6134503949140999        7.8932131094343019        10.426858414954697     
   5.4072576764695750        6.9437865784095498        3.1665322067936206        8.0150483410811368        3.6586529618740271        6.1269767267719368        10.350211632557070        8.9444025717916062        8.3178237672928947        7.2439833071349771        6.7451422124959439        7.4372467551142005        13.083731622965491     
   5.1460618991642368        9.1820438478573365       0.28789677565509214        4.6926759973229784        6.7356035879716005        5.0532835110348486        1.8209309822645536        5.6227738016090445        6.2705209441348675        7.8257031802971069        7.7898793304503222        5.2947774936629610        7.8543228375022514     
   5.1007627126871355        6.2327252053037663        4.9574231843282979        9.8211964553430136        6.8951575789604513        9.4806907404490683        2.2176907570857085        9.3515653501483005        7.4796375150075392        13.288008481221372        5.2015672706494849        4.4184554160818692        4.1245471527424087     
   1.7851974519863258        7.3263568135592800       -17.982258301044087        5.2793325866155518        5.4446693116195011        9.9313285584994819        7.6359233279041749        10.067056021359633        7.3546212729211877        13.445191845740938        6.2400212605588452        6.4654754717275713        1.4999638257166641     
   5.7819855833852810E-002
           1           1           1           1           1           1           1           1           1           1           1           1           1
   3.1349626252858316E-002   1.6155195789873660E-002  -1.3843626555793537E-004   4.3760607233472433        2.9738466406522749E-004   5.5097718473334930E-007
   6.3171491017333299E-004   5.6885594053929093E-004   3.6425212256979968E-005  0.91299676300502519        3.6397986299677459E-005   6.2086130363152763E-008
   5.0000000000000001E-003   7.3613344318542868     
