   0.0000000000000000        0.0000000000000000        0.0000000000000000        0.0000000000000000        0.0000000000000000        0.0000000000000000        0.0000000000000000        0.0000000000000000        0.0000000000000000        0.0000000000000000        0.0000000000000000        0.0000000000000000        0.0000000000000000     
   1.7301655410708744E-002   3.4801316378256579E-004   4.3835849972653383E-003   1.4730054908972483E-002   1.6774924228341263E-002   1.2426728751936792E-002   1.4111877290450684E-002   2.0657267991013785E-002  0.20176076443452112       0.20380001275791135        6.6512602041413488E-002   1.3126098885744371E-002   1.7418355138093859E-002
   1.0857195163167848        1.3208644342447347        1.3969269467205379        1.0888939725795617        1.2285802379833932        1.2330627114300901        1.1039703093164723        1.3797557868931274       0.84797779845121113       0.96522894275997018       0.97208353511610113        1.1918405102491580        1.2743888201286400     
   3.3788362002675473E-002   6.8552432045630631E-004   8.8485840151933913E-003   3.0549204878358903E-002   3.4039507260136694E-002   2.4672721742541859E-002   2.8302922522587648E-002   4.2567417611590316E-002  0.32066757677198732       0.26739902427715545       0.11967420847640964        2.6755738160569233E-002   3.2489802136362107E-002
   1.0084773002997922        2.2742839009992917        1.3424738325282162        1.1036156226659544        1.1230434035130163        1.2056292766959744        1.0387266362864152        1.2370421031883321       0.98352473508083316        1.2114797695425570        1.0347257172395832        1.8568620419544772        1.2673940138857109     
   5.0379654717471925E-002   1.0336784914157108E-003   1.3282639699125336E-002   4.9273530578078963E-002   5.2231996473854951E-002   3.6932272880303825E-002   4.2444051571229817E-002   6.2314502600359659E-002  0.37623739563594116       0.29937751254496442       0.15210897099436294        3.9971577346881698E-002   4.8171859821693849E-002
   1.0265841423915614        1.6385262374085874        1.2606656079187619        1.2533220108282017       0.97896768169405912        1.3134720930128920        1.0391270413816456        1.1485078680120759        1.5981813397376505        1.2199799023395890        1.0483869822576029        1.8608074357250259        1.1384046859371295     
   6.6446902641699279E-002   1.4092521803002443E-003   1.7845468199124481E-002   6.6914118876346851E-002   7.1323750546477327E-002   4.9605414842321831E-002   5.8238926903239084E-002   8.2352023332954105E-002  0.40849972360608594       0.31735186378889263       0.18488035144099577        5.2611668944734222E-002   6.4233939340582302E-002
   1.2200899204313567        2.0672377370321722        1.3578593473322071        1.2990424723600336        1.2116143742699845        1.2475095850378988        1.0598170116206853        1.1917946342455303        1.1510684091770678       0.95628012061936973        1.2281079811079723        1.0954758329633838        1.0125860481853692     
   8.2453526350808284E-002   1.8016766296706146E-003   2.2512768161809353E-002   8.3967523016764217E-002   8.5882615069560048E-002   6.1300200883380507E-002   7.5106886479527915E-002  0.10219423245798230       0.42996019376404793       0.32956112929842618       0.20844192068690881        6.2459965366121889E-002   8.0555511594313317E-002
   1.0941922529219139        1.5620236920261243        1.3821757499222824        1.0689385612625597       0.96489133032235197        1.0834596149281519        1.2133675785297182        1.1674512788873577        1.1373984076913766        1.1110128986868728        1.0879334597531705       0.99736635240136018        1.3382430770291143     
   9.8738496979764390E-002   2.2511232029643058E-003   2.7234669912098362E-002  0.10142008882569647       0.10110805375379865        7.1940982721256708E-002   9.1778258264438278E-002  0.12144751204255125       0.45048610924971821       0.34231839819062931       0.22989425876673517        7.0800086241070093E-002   9.6773683854217640E-002
   1.2207337473358244        1.2065024612360669        1.3117020565859316        1.0234870154532807        1.2089935716099802        1.2329887749194615        1.0966660197391667        1.2487820188259042        1.2025451444769619       0.86421243686854798        1.2707137891219913        1.1276627876237206        1.1070449352762670     
  0.11562861134682106        2.7493154322361822E-003   3.2305470769885422E-002  0.11908305070019848       0.11826611077962915        8.2756304072103312E-002  0.10920199839480840       0.13953001113568725       0.47051248385692140       0.35406916389559678       0.24810190439376137        7.9544754096502218E-002  0.11270315376918774     
   1.0771112100498887        1.1898915437410842        1.1843655296853135       0.97061632639806650        1.2503722547022342        1.1531325678924340        1.0597867398057677        1.2392199273841054        1.5107446446203843       0.90593375961865674        1.1494956481365401        1.0617282095616054        1.0300624799693259     
  0.13283039674339409        3.3019935763895672E-003   3.8225187509064638E-002  0.13939128741608747       0.13526022652243425        9.4184441759449289E-002  0.12545265804199651       0.15634318542513620       0.48695350911583107       0.36411956869646966       0.26285572128992751        8.7119874923546392E-002  0.12911097969186641     
   1.2399626680412841        1.3237342264849101        1.1473716948731174        1.1302463002887364        1.0515825114528390        1.1939469824991151        1.0075441196709254        1.1585929265290200        1.1538527332412352        1.1828661930578748        1.1607242081711342        1.2377309205262674        1.4620635792816032     
  0.14982459971128881        3.9612353778665206E-003   4.3438249175816852E-002  0.15984297443356291       0.15121018870639774       0.10648362749363742       0.13973084357375534       0.17239103357271893       0.50234589551979503       0.37315136297270751       0.27623547041726865        9.5065598606679375E-002  0.14616230456198814     
   1.4611345179009740        1.2430747729101876        1.1199764991793264        1.2751298061966805        1.0666551788629000        1.0787769887928622        1.1265497091603227        1.1494025181088605        1.4058262796456744        1.1556156267173372        1.2015961626928622        1.0361761385185935        1.0575435152223338     
  0.16798143488183917        5.0151533543780656E-003   4.8598799220878959E-002  0.17702489146587747       0.16687630197791031       0.12064282262536224       0.15320992076259343       0.18815057602119745       0.51535841158051554       0.38196121017991963       0.28530875191946864       0.10340628803457647       0.16448379608711333     
   1.2350572483656739        1.3967795221833486        1.1857644814267874        1.0489331370588495        1.0557414194851145        1.4025816753871005        1.2072165596652940        1.3444273732064518        1.3599627827493879        1.1270105393284664        1.2040507133036551        1.1999004558001349        1.0889708888323328     
  0.18816486938808866        6.0472399412120157E-003   5.4745164465811492E-002  0.19384721151291542       0.18136731499319270       0.13600890935342291       0.16632257684883195       0.20420258621979887       0.52848953738890891       0.39264059093591236       0.29492866183787803       0.11634631723499528       0.18195722920806479     
   1.3409294382005705        1.3905305020378591        1.2292514395970657        1.0011965018242928        1.0372021947309011        1.3485071093690102        1.1019170939661804        1.2024209182324896       0.95663112688410235        1.1331556326611798        1.0580350628667439        1.0834661101289380        1.4135335852079245     
  0.20880669572604491        7.1450293933695997E-003   6.0830776100949689E-002  0.20833495535653904       0.19463153069826897       0.15093850384695115       0.18404113773513209       0.22172772969643878       0.54157284238614223       0.40200197913167196       0.30624703518925794       0.12750020211364421       0.20057253149680127     
   1.2360195500346642        1.3378102600815973        1.1635647806211000        1.1466386485125368        1.1431761468346722        1.2375145584909932        1.2677959020950549        1.0473291132810751        1.2147296035803792        1.1602021069065331        1.1967253146256021        1.1006208463321285        1.1359371889548346     
  0.22903857672682809        8.3512857135203192E-003   6.7820048834977414E-002  0.22406252115241829       0.20774572072501274       0.16602513014198311       0.20280170863965744       0.23563353370094914       0.55453508292421372       0.40996119974731077       0.31765576314477423       0.13976138137742472       0.21846234386071550     
   1.1719019631222363        1.0846552413350963        1.3448684822076924        1.0520841267932828        1.1687383763786423        1.1954268907403749        1.1562074022625310        1.1970159726048140        1.3341903678251887        1.0486137198970085       0.96018244823825194        1.0398788279129267       0.95348542797169544     
  0.24877483399262379        9.7040270967926872E-003   7.5457573474291481E-002  0.24176578571545074       0.21977432965880958       0.18190298115416059       0.22005174242073555       0.24895925711012784       0.56555559199006489       0.41718896264788102       0.32899699780711528       0.15338794692572022       0.23714816979850364     
   1.4217802538399580        1.1559359993027276        1.4157649377018700        1.0844485043152332        1.0035451864467939        1.3245729432185886        1.1350407707394901       0.95517181095784576        1.2598485622471030       0.99358839813836486        1.0852379807976043        1.0933316319480502        1.3318905764029390     
  0.26739614650986165        1.1255041891654570E-002   8.3239361118546587E-002  0.26019316577961304       0.22961078013057076       0.19391516433000200       0.23751967986996389       0.26177992520485666       0.57758640535300576       0.42388464682225568       0.34066229312931512       0.16786122791825317       0.25438797111013467     
   1.3789020544327772        1.1799715462693361        1.1412727237969145        1.2093722890842336       0.99856919210871631        1.1095497447278548        1.1371915419227470        1.1030980850031680       0.98167938236785490        1.1220090318051172        1.2494213016972602        1.1756148023198905        1.2142063313595950     
  0.28614423264810862        1.2918847241135619E-002   9.1687124798662090E-002  0.28143685879871611       0.24115271353016762       0.20674185893739469       0.25052887167354476       0.27632171622526996       0.58883291776378044       0.43045313952446240       0.35352626982796342       0.18294259927881829       0.27174618850110160     
   1.2767017027541838        1.0004592949710738        1.1202703641745766        1.0381805680232108       0.99549212125030406        1.0974160416416796        1.1583983522547070        1.1955481796381153        1.3604057811344690       0.97138766072705973        1.2230337582929969        1.3242809557115065        1.0932650194379900     
  0.30527143922495636        1.4751500539244147E-002  0.10101547865847620       0.30211179756332784       0.25554109020477372       0.21995344069867653       0.26241414622447051       0.29172835644537087       0.59962540333496295       0.43723803555429741       0.36630552206755013       0.19731037039241328       0.28850758220866013     
   1.1574223763878113        1.2483080045745170        1.1977696931391588        1.0513157194049128        1.1499313589062332        1.1979971903295095        1.0209418220574291        1.0981831665486210        1.0664266920986767        1.1133500158031004        1.0734841572979832        1.0964465711181515       0.97440202480962368     
  0.32460948413957896        1.6802731408132841E-002  0.11053166909464900       0.32409979126563210       0.27263414976912870       0.23295789170777842       0.27600206553742096       0.30787906484491401       0.61014681899809364       0.44432016307278333       0.37761865695691121       0.21056762005044408       0.30532755457169825     
   1.1184978985953422       0.99987584746626590        1.1982565231555893        1.3135877594127610        1.1357166856426937        1.1508059992820538        1.0261760761435876       0.90938129768214115        1.2664185257350398        1.2215398112865696        1.3049689452105822        1.0617585482740064        1.0760810238717657     
  0.34433374712284498        1.8968513990948083E-002  0.12161555482952893       0.34702660914969358       0.28955449355680318       0.24767497672652050       0.29109204349858270       0.32330549410361720       0.62050759708663006       0.45142455866790288       0.38918456681130470       0.22445295379183491       0.32172247985945845     
   1.2246515189080485        1.0606049821020060        1.4104305259426344        1.1374389312964903        1.0565099454331930        1.2827442035209726        1.1253759912388928        1.0665454915132797        1.0153436407784331        1.1667712054041355        1.0814860369832888        1.0402435889479287        1.1370505710317924     
  0.36382818888383078        2.1333941534582651E-002  0.13394269266982470       0.36912003042536834       0.30551603048991866       0.26253736932407939       0.30501175740085185       0.33778472839219392       0.63087546489708635       0.45803098450077551       0.40114929246312209       0.24109409627405437       0.33924308454789243     
   1.3338521002321475        1.0568790479525509        1.2178038231090862        1.1482992308489171        1.1931706588946940        1.2178857619553687        1.1530040838527740       0.94946370031221128        1.2236252054479291        1.2784829116808878        1.1171580743299876        1.1165007066139503        1.2492408349706479     
  0.38232487824763833        2.4157562987005124E-002  0.14596154283158572       0.39097925422134316       0.32134073121760842       0.27692725856671108       0.31858315616461463       0.35250400107370927       0.64148370330344617       0.46391207520401806       0.41318938916177994       0.25859138863805170       0.35889906474461647     
   1.3650982321369745        1.1691901794405812        1.1015278126557755        1.3315428370643636        1.2450818652917344        1.2320479491401364        1.2053389920082738        1.0346573756352195        1.1561723660343894        1.0781454990654498        1.0452830969530857        1.4802191753858061        1.1982202459027815     
  0.39899517537437945        2.7379641527588233E-002  0.15722797044023046       0.41154106506746124       0.33708830740095225       0.29214549971873038       0.33390723929657251       0.36814046327800948       0.65215737702506360       0.47082105310864952       0.42502661252667717       0.27498563293678152       0.37890488739920841     
   1.2712771013946536        1.0808206729368772        1.1108295239459844        1.2045926220029353        1.2172411308609301        1.1072469998382077        1.2219017271333328        1.1806517718193323        1.3741744390146484        1.2931178007225990        1.1674694452745487        1.3059663484421913        1.2799920126644289     
  0.41494857841633809        3.1078003555017060E-002  0.16855274372249121       0.43167341128927789       0.35496134671847468       0.30411425902007094       0.34957167147082580       0.38496517283266846       0.66277737810797865       0.47843755166711066       0.43567248255893892       0.28977682464410587       0.39858369164454449     
   1.1935937387168229        1.0684319298571487        1.0759948893140980        1.0683280559211037       0.96966769320481982        1.0925223640371571        1.0626061010345782        1.1965554534972744        1.1540587116537369        1.3948542337577901        1.0398533517200679        1.1608519251609017        1.0598108668870991     
  0.43175013441586935        3.5218129151327902E-002  0.18043265576058284       0.45207020184981472       0.37257536223412263       0.31478410473247687       0.36494653152060325       0.40194176007852700       0.67300740101156042       0.48577509142325898       0.44703990162680440       0.30575549421306764       0.41870114646677370     
   1.1003171284000361        1.1188793111928275        1.0763071791659768        1.1146013386412843        1.0628932223537380        1.0780382538294107        1.1157232432929318        1.1859113941292387        1.1030169855249599        1.1103621863617081       0.95608669816750824        1.1140025198231229        1.2693294299892584     
  0.44839981675882029        3.9884782140217290E-002  0.19290186985584842       0.47032106593893519       0.38995969004755920       0.32529519578956734       0.37671297822978106       0.41949454885083071       0.68206160634066737       0.49285008954341386       0.46039278952043816       0.32087674490647083       0.43872726828751779     
   1.1579194856850197        1.0007198574628073        1.1521699490260413        1.1303744800410309        1.2421721053073393        1.1974716923988264        1.1383605827487133        1.2439414999835170        1.3065536198897580        1.2300132372816710        1.1638212258332450        1.2908424128897380        1.1107386522052201     
  0.46134779967454032        4.4563981600689771E-002  0.20597406313005107       0.48694309892905635       0.40770901381907437       0.33647165520413191       0.38802037570353515       0.43704834304103507       0.69004522062619023       0.49987657826637089       0.47321294706589578       0.33615931187633968       0.45993895274231145     
   1.0968687992855219        1.0289293039824190        1.2101007136359099        1.0347014971238542        1.3445749983005915       0.96585919384244801        1.0829214325706036        1.1701126344264305       0.98767711071280784        1.1680645930039693        1.2252777271786124       0.90633454796118795        1.3459674716680439     
  0.47180980895401714        5.0269923023935577E-002  0.21985143819407130       0.50410220884611101       0.42443686281751819       0.34881195081519789       0.40005252188241963       0.45375235714021167       0.69797215118313138       0.50706142666232923       0.48559553441644715       0.35330965702664463       0.48147872738698938     
   1.0382460799637316        1.0277174027445937        1.3317495803291182        1.1763799562308732        1.1144696173317932        1.2070401630634322        1.0495644104984923        1.3357177644003910        1.0676390477749036        1.0325137185666113        1.2825144765946574        1.1024625496761087        1.1876782626759588     
  0.48361813413945642        5.5901984934368307E-002  0.23368919198384841       0.52337055561640200       0.43720019855890774       0.36191578117075279       0.41294269192875060       0.46945592118204693       0.70540637308425047       0.51419682399132871       0.49788342650848277       0.37175737604058251       0.50114542185729150     
  0.89214884308872400       0.98067595102462890        1.0628465452690388        1.1326872330734683        1.0591789392879380       0.90212228060079003        1.1056473380620613        1.1788178059918282        1.0767625504725906        1.0967554408634499       0.93713752575080500        1.3313627434030175        1.3575092579216939     
  0.49813534782675511        6.1679688621906495E-002  0.24662568265714729       0.54245494924244331       0.45050440492002125       0.37535442987866235       0.42665948386216079       0.48442563026402624       0.71248774339821286       0.52121216894619227       0.51085558519949692       0.38903083432335039       0.51869205737962543     
   1.2143706844067839        1.0106753963426029        1.2834557811850809        1.2923704831829670        1.1005861034580122        1.1244252332836080        1.1435075585794625       0.99954434077503584       0.95374782910302236        1.0368204302725352       0.96609254264616751        1.0787799958807007        1.2503438252914123     
  0.51251627163985547        6.8864038742124586E-002  0.25899703112536326       0.56011766795675877       0.46018898948623777       0.38766550870602928       0.43991153834234709       0.50004519132061243       0.72052601273609684       0.52802110862361085       0.52557684064515731       0.40548798779399126       0.53496812996061771     
   1.0863760312351554        1.0481931681590890        1.0704850858031387        1.1007713208925280        1.1581993772662338       0.97017909253530943        1.1719003150010106        1.3656675027166261        1.0281981144194308        1.0590848877634775        1.0574111041424412        1.2122907265961114        1.1757187878032909     
  0.52405873607181963        7.6902901815510918E-002  0.27106675967394500       0.57756086678385699       0.47143537795702395       0.39981369594238342       0.45251749739691965       0.51731875291116569       0.72851564450923190       0.53527524954519257       0.54123474099425761       0.42065667585307870       0.55029441235533272     
  0.92995679535970766        1.1458923138898551        1.0557958604863940        1.1420990569415141        1.0423338303042242        1.0238014315869757        1.0157337330142762        1.0537218323327220        1.0929221687966493        1.2394141128904683        1.5354881301530361       0.99442474683717041        1.0331375978020023     
  0.53395134442753267        8.5647512676783666E-002  0.28300669701739262       0.59392672245356526       0.48516953316801920       0.41219024251944436       0.46581253729730443       0.53432017408889465       0.73739684511496773       0.54189800785307962       0.55623078579321472       0.43509331193663298       0.56558231514716073     
  0.96525405796064967        1.0821639481167551        1.2382599888773771        1.1632880453319729        1.2284241574029060        1.1893220102652060        1.0209393537058105        1.1638326681089901        1.2568041623776511        1.3305175923545036        1.1179717108318412        1.0533743734240180        1.1394351550592194     
  0.54309080791311426        9.4327808266971430E-002  0.29532828761845475       0.60912145482879732       0.49969226830731611       0.42505693369206149       0.48116631094374229       0.54935377688193043       0.74662918364364284       0.54857642676645435       0.57189069332374620       0.44860779975077009       0.58067298552439695     
  0.94340199180797513        1.0013660065580463        1.0024888451667247        1.0012785254269299        1.1156090303216450       0.96292808837695343        1.1219298448659702        1.2663234258615601        1.2603257293599675        1.1894455291297441        1.1429807614970613       0.98406296873784971        1.1744923602449338     
  0.55342533731703891       0.10399556767450813       0.30833723796015050       0.62085262852714729       0.51734636273613632       0.43858420687866978       0.49667529758895007       0.56609722515814209       0.75525790590356867       0.55534698919753800       0.58966162849838166       0.46334403038115618       0.59728929312181278     
  0.97416494044555590        1.0429290316513895        1.1495560597066794        1.0403382180373195        1.1463292662797999        1.0403158943011588        1.0494629670770708        1.1561444808715795        1.2116882522107755        1.1971037220055010        1.3398039088502978        1.0535825516577790        1.0948388548987213     
  0.56497907205930120       0.11411092588071504       0.32179130282069746       0.63234647888418583       0.53534163832324322       0.45347306580686808       0.51225584840539917       0.58500461585323627       0.76362171933006151       0.56214771792834051       0.60745644661717579       0.47900591442862284       0.61382573037639054     
   1.0139128613893682        1.0572206144658955       0.94500462720376044       0.92795779527603184        1.2407561070712185        1.1546886939943601        1.1369463550963748        1.2932485056495684        1.0359826883015513        1.0625032487578072        1.1506012959823095       0.99835158977704874        1.3163825280014996     
  0.57789311580826364       0.12619853400141473       0.33472577139888732       0.64846051009535732       0.55275878576035309       0.46748905313899108       0.52791411154469781       0.60086275479149909       0.77115276155505197       0.56941589633449552       0.62421823993935932       0.49398757651498576       0.63070397601833772     
  0.95204845001992366        1.0645563287952271        1.0590743056073431        1.1066114299224337        1.3004905220915308        1.1055727974369800        1.0311197794727027       0.99462374785090413       0.97240992031883788        1.1858472202418773        1.2172648555054189        1.0481744554227834        1.0790795546236196     
  0.59143473033549421       0.13812221882092038       0.34648638044112856       0.66594593536551605       0.56907854034749406       0.48329624787851211       0.54310665379075607       0.61460893732594180       0.77811934189398890       0.57714801274125582       0.64022096654988503       0.50816847107842733       0.64731609157828940     
   1.3146086212510739        1.0376798648144718        1.0043671234670688        1.1167696510571261        1.1879786075125036        1.0632214675698326        1.3074705691967174        1.0110485354952179        1.2287473291407431        1.2116278806986789       0.93223448383838392       0.94856003055500837        1.3154972052339275     
  0.60700962391135771       0.15305935874871265       0.35865235607517465       0.68363928987312528       0.58458316454656456       0.49906365247204221       0.55718603120504229       0.62851525932540642       0.78477229684715677       0.58440679052293587       0.65545496130195247       0.52248768360901043       0.66304486359077131     
  0.98055777336742267        1.0029892233302820        1.0714247883224277        1.1830175055708425        1.0897050128415706        1.0535340921096132        1.0371931947410620        1.2030065411374937        1.0640293249508257        1.2225894724461912        1.1851728990949704        1.1474611483707946        1.0926592542097777     
  0.62339216749410276       0.16864220034838603       0.37201916075415387       0.70154227695835925       0.60053287792921162       0.51362704548394522       0.57083747908703275       0.64216599600863256       0.79170584057493998       0.59137517430997588       0.67085887204515415       0.53704840204707427       0.67884947263740314     
   1.2227564951402985       0.99354431949488364        1.0007001852367710        1.2248622582763193        1.3006614284739730        1.0900816454341915        1.0455281589866692        1.1152551759397904        1.0575409306409902       0.97160697595318413        1.1471864748136751       0.97631099615079009        1.1391501767581838     
  0.63796970240688822       0.18610902417729233       0.38843021787052140       0.71956406529229233       0.61839946802838319       0.52689317804041780       0.58316079885339223       0.65395445108931483       0.79763452424391335       0.59888555347235872       0.68613975977576369       0.55168955646962836       0.69517614779022441     
   1.1263106170547641       0.95506834147255515        1.0848660159794148        1.1567716524970844        1.2345936804398265       0.98371385942708356        1.2592919700499825        1.0871879837987475        1.0513688945629054        1.2943720750280137        1.0916031290588790        1.1375386419689264        1.2235547084428471     
  0.65199893520599639       0.20585034472904223       0.40411207620655093       0.73697458199533794       0.63723231650092027       0.54170542003632005       0.59664174697873962       0.66558326067830598       0.80354929943019382       0.60649733929023930       0.70108827914352467       0.56666793112780078       0.71146781857473373     
  0.98399147187517033        1.1628805656565833        1.1112709026287872        1.1132771845795097        1.1987952455480135        1.0953955696281481        1.0615958812633672       0.97019209697467945        1.0212773703474234        1.0364123147908229       0.97161260061293719        1.1273122149844734       0.97137598352557419     
  0.66612521241401101       0.23006788324278249       0.41938446635717519       0.75435779319652019       0.65589511439577430       0.55874315423945908       0.61022554113994987       0.67831217827840995       0.80921989483077650       0.61374768761319853       0.71528128701057880       0.58091470270576884       0.72602298602998594     
   1.1982472545077292        1.0169743214126903       0.99506841744426844        1.2243626869150970        1.1597249034620591        1.2452460288363449        1.0992958924377945        1.0662763010377609        1.2506965992567096        1.2585261582390621        1.0512607767058637        1.4013730958147794       0.92715434735175761     
  0.68034453914189930       0.27144360889194408       0.43375986101663749       0.76996265674154718       0.67554997020045704       0.57691812614630722       0.62517932710768009       0.69110602228896156       0.81480075890470849       0.62090233364418146       0.72915733146436235       0.59511743795727357       0.73971775335318324     
   1.0255934507918263        1.0613605035851295        1.0630533558255235        1.2322813126741701        1.2920362622540755        1.1663239672402934        1.1189471581454074        1.2107331000521020        1.1962138121191843        1.1526383707599930        1.0251492602474992        1.0468155802612971        1.1973237190223174     
  0.69684894598243718       0.33105261694598254       0.44732892911883471       0.78426128605662060       0.69355979853009730       0.59610922926756138       0.64059314208245299       0.70331697776765079       0.82019844603424219       0.62822821083333547       0.74121803465301395       0.61047575459782888       0.75266555772823240     
   1.2512301392547429        1.0454457318562780       0.91861062808982441        1.1190143987267833        1.2919120743655952        1.2900075177574857        1.1979126661454829        1.2237794233967467        1.1053455372576892        1.0658218367890633        1.0806971129251082       0.90136912883806797        1.1817781119552400     
  0.71499676616789898       0.39545524288570272       0.46171102555133137       0.79818894946597985       0.71148829983864437       0.61581805969865600       0.65693512031534118       0.71558802304858815       0.82605663286402675       0.63474202160562898       0.75251569435707988       0.62619052606815273       0.76598216164826760     
  0.92843461220734402       0.92949413586341190       0.87608261903603946        1.1479783303124291        1.1294043441144659        1.1247699851986142        1.1033351105277205        1.0063275742679783        1.1158224979781866        1.1661091090013385        1.0756087298722430        1.0677407938250518        1.0860697250436866     
  0.73378753093886717       0.45686697533630072       0.47791125192075368       0.81148734428738289       0.72550036794957451       0.63594293706345761       0.67352445241794123       0.73053409894023358       0.83220161308442564       0.64102333120054278       0.76682182004244204       0.64139968091010602       0.78068667071330422     
   1.0266156455837370        1.1427426406228585        1.0464979412570687        1.2440077737918895        1.1806462920836056        1.1144350374352168        1.1209147167978857        1.1588619390108865       0.96389201014178794       0.98975529027209230        1.0202786944385549        1.2453073711998663        1.0955641479922773     
  0.75277909461040682       0.51378539734843265       0.49603052221966043       0.82495302909469903       0.73862815015170225       0.65698930235846598       0.69055453363500607       0.74824900769106684       0.83819191390845205       0.64745286333882446       0.78046799938897615       0.65615524941791392       0.79586060687311078     
   1.3775784898543766        1.0933823280050814        1.0059778249082516       0.95376410252365262       0.94635885750904170        1.1418383170714146        1.1212528955117771        1.1873037721337065        1.1196655890022003        1.0574459544361401        1.2682588063589744        1.1488932419730646        1.1377829512956530     
  0.77228248864080740       0.56536308100222710       0.51414840041694099       0.83838292743824239       0.75140625936422223       0.67834575482045778       0.70850522590268961       0.76780508325976549       0.84340447116890160       0.65403179710514092       0.79499906827681099       0.67059613461708989       0.80994286817625483     
   1.1167481589148041       0.99351712232496991        1.0181825070670241        1.4245554994573777       0.99561979016254099        1.0607327067248760        1.0936447871379293        1.3226819198113129       0.97124463489750090        1.2559823339664880        1.1753887012489539        1.0407207825781741        1.1315281676616473     
  0.78988963999412209       0.61256014319082697       0.53244260492550244       0.85172669908274556       0.76472029335295943       0.69905521018859607       0.72625895123315143       0.78734017890540231       0.84845271115888077       0.66019452942475321       0.81029083863851525       0.68609180045360252       0.82179016215403222     
   1.1838801212091494        1.0141880961017620        1.0446527680208493        1.0680642497500774        1.1603232742695613        1.1949048167218377        1.2358450606801650        1.2852847063712565        1.0643400177298004        1.0691114604327492       0.89466632829862069        1.1699641935897636        1.0987357173840790     
  0.80591574747555395       0.65477167338950282       0.55096120491831413       0.86435412028605985       0.77878830935774379       0.71892433659860056       0.74050020750342949       0.80470327932310892       0.85407625105751939       0.66623528095169704       0.82420102711293830       0.70156429575781520       0.83381006550128067     
   1.0696636794828471       0.95702692185719695        1.0999102658817621        1.1090292436496720        1.1297045850023031        1.2524948551794710        1.1779388176034600        1.2018141535991869       0.97395211973712625        1.2811727472603354        1.0704850858031387        1.1430063258604821       0.96055818378456037     
  0.82143336650397392       0.69096062698908123       0.57183649971864203       0.87430699597634520       0.79045242085656198       0.73976704731923248       0.75525056754208630       0.81973191053115002       0.86015428740359923       0.67263084104778115       0.83818479556314363       0.71727440326426295       0.84565241383910972     
   1.2802131553736285       0.92746501221999555       0.96983765836880131        1.1234463335297131        1.0248658647880327        1.0464407699376470        1.0253334904748548        1.0828996445051724        1.0172167675015398        1.0115722411766366        1.3291470901434532        1.2377536361332129        1.0463667419311053     
  0.83771245645850523       0.72388677851037342       0.59318421560271661       0.88520192726868174       0.80502334496039607       0.76033350089359653       0.77251325186820197       0.83456391908682281       0.86691170516996352       0.67967534535467966       0.85303689075296729       0.73402787487841670       0.85630939127049999     
  0.94429383218716068        1.1354390849004039        1.0684729836680373        1.5416139813923757        1.0197123891144566       0.94150411270131529        1.1072541504351003        1.0602513103731417        1.0581012964800451        1.2470818622363018        1.0469926040034208        1.0391846369956341       0.98559873667265074     
  0.85454825708437188       0.75467538680214152       0.61547066940230155       0.89503159630549356       0.82198089873408620       0.78248473941805130       0.79033851407540878       0.85115061982386475       0.87414585979878390       0.68637054287787991       0.86770697409117692       0.75153794692493647       0.86625278430297670     
  0.98239223274018928        1.1317383116308062        1.0288789459462364       0.93991259385564185        1.1582092353157116        1.1485746812721009        1.1024609803174479        1.0938947522137072        1.2347433615675665        1.0880858265236475        1.2523593821640950       0.92178775588482065       0.91285198318869332     
  0.87230700357468272       0.78528629851417575       0.63994749079065061       0.90511610075404814       0.83839188149530430       0.80670325500607898       0.80981986973818543       0.86780586541303950       0.88149033736556293       0.69327104214682089       0.87952584599125760       0.77215966236174582       0.87927393216317717     
   1.1219023642560688        1.0038860915018617        1.1419791305919338        1.0066666934446888        1.1942462465782735        1.1297512962701710        1.1149468111386884        1.0600495386861466        1.1260344090108116        1.0704348112871229       0.94442407201011236       0.98466545553016838       0.98027943317523636     
  0.88983674134124435       0.81699128384342456       0.66804846157101194       0.91419037788187774       0.85381156876375741       0.82877274880574070       0.83069713810910684       0.88351013278264456       0.88914248909521409       0.70090126995158164       0.89113758609281701       0.79348267548135554       0.89355800525669882     
   1.1913125949144270        1.2460069164168135        1.2007103980818874        1.1318303181140443        1.1379857440293402        1.3145111884708929        1.2120516884155070        1.1389123967750727        1.2432926649196010        1.2915447196451653        1.1284716616518968        1.1534862164734265        1.1148017693022498     
  0.90254150031802360       0.84868177423917035       0.69530192224631704       0.92296073961673508       0.86952367823115040       0.84849682340829002       0.85055134248986330       0.89865175369598516       0.89715244138667438       0.70987495386453525       0.90091305549394918       0.81471111951612252       0.90620954313795288     
   1.2867095920328384        1.1466651179880378        1.2150262740107676        1.0970173631478859        1.0656007025356022       0.99502369658001188        1.2848914168274947       0.94044268148679644        1.1093415942958693        1.1639315444752687        1.0632121036973816        1.0902358013087254        1.0763038066798769     
  0.91422136375577767       0.87456117039134618       0.72042970790835137       0.93200860793581941       0.88582892531452551       0.86727938594314491       0.86945012868884652       0.91150784265586415       0.90592823363889941       0.72022712956971202       0.91120106845967896       0.83631142565780525       0.91808122933360603     
   1.0208415955093708        1.1399962998262814        1.2653668706805121        1.1549171550069832        1.0941767326211793        1.0274612820931019        1.4340601896433312       0.96899573359658853        1.1470973835146778        1.1101817901734932        1.0399175756064294        1.2696973301153418        1.1996136188565143     
  0.92623998776577154       0.89880340687299376       0.74823229154151616       0.94312602466911954       0.90282826855447951       0.88676379593451937       0.88781151654788637       0.92374826710130786       0.91475100316361624       0.73166507666258118       0.92219993931410960       0.85678695229913759       0.92787329879843228     
   1.1375181170883526        1.1398079251980771       0.99807789081938947        1.1827396843324038       0.96716178967080790        1.0522068744245441        1.1449653620625373        1.0124145946715593        1.2033388184907692        1.1503760536270995        1.2699978011650472       0.98831670934478622        1.1322563768612994     
  0.93969918431613586       0.91933509902066790       0.77756217001368633       0.95490685119038454       0.92004293595480224       0.90932276664695555       0.90618229815675166       0.93587236723566258       0.92399208461165472       0.74199166374335768       0.93424897972397858       0.87663661230716228       0.93816686597124133     
   1.0106292117815223       0.96120773499314061        1.0373684038886777        1.2867392986078023        1.0808106110432534        1.2916293921171660        1.0849829767438588       0.97858698809009903        1.0059607276920017       0.93985580720942852        1.2048279814332195        1.0277970346427847        1.0347023167760059     
  0.95236674644012154       0.93645337384108407       0.80631631850230900       0.96512785502020348       0.93675724312872322       0.92934570706459751       0.92475494739992503       0.94838568226525777       0.93324574486424139       0.75569808782254999       0.94723518212825419       0.90008443484120504       0.94951305109143502     
   1.0203946623709450        1.2781179524429929        1.1327754537141244        1.1396297842353504        1.1856887952409456        1.0369213883526422        1.2410156843264717        1.0971301277479406        1.0724876859773513        1.1773147607929610        1.2817684137279699        1.0510733436415141        1.0087356846909965     
  0.96138682200728520       0.95191380083597998       0.83979632537705717       0.97513225599434161       0.95224159825991783       0.94507794051841354       0.94374374847143483       0.96090990848688518       0.94508698168278449       0.77827554790052234       0.96045377190093895       0.92547049405983872       0.96187598882755065     
   1.0391752434102020        1.0563962832445222        1.0370625982660084        1.0603591773422538        1.2022565822495022       0.96527070037707974        1.4688011824057441        1.1340668201665081        1.0911906422787783        1.5466614746808989        1.2388170505633960        1.3287034910351347        1.1004286843211692     
  0.97223739227082373       0.96593647575000119       0.87777200189510263       0.98387545366395757       0.96834668064778850       0.96116216536379928       0.96291803543708065       0.97428866087743626       0.95911855889719222       0.80485200788776934       0.97341613074261635       0.95066803453138760       0.97504845505285187     
   1.0161210744398552        1.0167200596749209        1.1253841119403896       0.97925162087325002        1.1665828846027968       0.84797779845121113        1.1604236363684419        1.1282836394490587        1.0077368475818962        1.2564603607730893        1.3642135326516749        1.1703746648080009        1.0641303194271201     
  0.98524665932357991       0.98193726409495752       0.93300599189183175       0.99202957929976077       0.98338309872890317       0.97880991053048017       0.98108349213665014       0.98718311643338019       0.97651727041265113       0.86847437328368038       0.98699022485260135       0.97562021002247779       0.98805104841711056     
   1.1117430118484268        1.0029871204879315        1.1296826302757534        1.2084333365240454        1.2195207788002824        1.0172824159549976        1.2299878014265826        1.1789501208240041        1.1685879854070846        1.1805249250750776        1.2819299784377738        1.1695256705712871       0.98267937647355219     
   1.0000000000000000        1.0000000000000000        1.0000000000000000        1.0000000000000000        1.0000000000000000        1.0000000000000000        1.0000000000000000        1.0000000000000000        1.0000000000000000        1.0000000000000000        1.0000000000000000        1.0000000000000000        1.0000000000000000     
   1.3161377272398491        1.1549484926583340       0.97520679040312008        1.0393372656289588        1.1179212809576360        1.3216356587176732        1.0106951931508255       0.91512681679494923        1.0769494664394552       0.84970151430633212        1.2206028634022539        1.1512289489671732        1.0660085568720175     
   2.2175878745029851       -11.728456545512248        10.398541288675760        5.3283872217203765        3.4263255009141709        1.9122755500620199       -6.5197155899206898      -0.16885158595326386        12.770624275892963        3.1808858443822361      -0.60112159654091624       -2.1336044737054962        3.1414707585434276     
   2.6965454777994844        6.3052272432900045       -1.1110550298323023        6.7458988327943024        3.1657299339179370        5.5176081497317604        4.2408096316697090      -0.11967912976262463        15.033535436597079       -3.3911300977552172       -1.6627746727130315       -16.929085553974652        2.2930913538155573     
  -2.2241738026390214        4.5755285483012100       -9.0744478579185746        4.0041525737691472        1.2945674861233383       -6.9606193774950738       -9.8575367622416117       -6.9852766389098916E-002   9.8662680109170449       -6.3157591187165893       -5.4816595701501880        2.7386472279829084        3.8172688890918072     
   4.9883045353097630        7.6068598778185592       -3.4726649942958634       -11.550379767655558       -2.5264547869395901       -6.5908852497387160       0.90566040140865811       -12.375734307725846       -5.5448078271829289        9.6170853068403730        1.0098347189082144       -1.5144478715835417        3.8530608712971914     
  -13.552897720429753        8.7563571828496105       -5.8831039362245958       -4.9181383177880083        2.0840799886692651        6.5699110839740467        6.3868286172525846        3.9100252148493615       -10.126838179741982       0.45671937365544096       -1.6913772784604748        2.6906391033910499       -3.8596312227345755     
   4.1180931028786745        10.739640059903413        1.3922698920849959        1.8628454301708672        3.1258698730061876        4.2049938473359783        5.0104867126905948        7.0604274527666222        4.7654557879382127       -3.7083988038648030        3.6253037409466362        8.4423286913781830       -2.6732062307563300     
   2.6023967436651616E-002   13.014991358044776        2.9195453560766014        5.1096079868296700        5.7094958937268929        5.8108940334197374        2.6196973040587483       -3.0552564861726696        8.0068867069641296        2.3927586350395371       -6.2674000196402142       0.68472367756258445       -10.685737394813604     
 -0.30711896454915144        16.804790302582866       -6.2213975483551112       -3.5591302306920181       -2.3806072185182785       -4.4030612205926882        1.2907876661441842        4.9018174104463874        2.5845697250353008        8.9022224383021626        5.8670663205671669        2.5966174682536010        2.9217340388662869     
   9.6850806486531632E-002
           1           1           1           1           1           1           1           1           1           1           1           1           1
  0.12448639779165116        4.4786093144599803E-002   9.0495274995419509E-005  -3.1324411451611534        2.1640453618764154E-003   1.9251727350112220E-006
   3.2866434700103016E-003   3.0286676554301308E-003   2.6495665661636794E-004  0.88550133678706788        2.6488918029430464E-004   2.5602270282240832E-007
   5.0000000000000001E-003  0.75786771355110027     
