   0.0000000000000000        0.0000000000000000        0.0000000000000000        0.0000000000000000        0.0000000000000000        0.0000000000000000        0.0000000000000000        0.0000000000000000        0.0000000000000000        0.0000000000000000        0.0000000000000000        0.0000000000000000        0.0000000000000000     
  0.25891034629252224        1.9024172629992298E-003   3.9686900266969489E-003   2.0925326245378538E-002   1.3207924874920011E-002   1.6610714109212124E-002   5.0571306027082159E-002   1.1824285896687305E-002  0.55046276419506923       0.16116057611167092        5.8175754129420928E-002   7.2903708931868916E-003   1.5420269204506514E-002
  0.88159431647722597        1.0031041824677387       0.81346555441378521        1.0990640279413348       0.88557829766723350       0.95307976631119262       0.86248504006240156       0.86805411763110318       0.92855228370804743       0.80683677897212014        1.1133550406477311       0.98302790075388002       0.91157073060617555     
  0.30537277684530706        3.6313661124862001E-003   8.5687610056881126E-003   4.1382965451654742E-002   2.6511375312580833E-002   3.2870366678155037E-002   7.7074451326668417E-002   2.3766681985786704E-002  0.63581408933007455       0.20110443647197601       0.10151999000624171        1.4359786719516578E-002   3.1392405177436231E-002
   1.0702354149136357        1.2522442230648800        1.1813087000162776        1.2970627794289511       0.97905309368143312       0.93693660902056342       0.94718069563543095        1.0669435230838331        1.0759418298840677       0.87699032757233131       0.84758232213202578        1.1312131892711381       0.86796516153514458     
  0.33905117056705730        5.1967021266589022E-003   1.3276893139037127E-002   5.9622194627077518E-002   4.0645694911477410E-002   4.8050571212695341E-002   9.8991770757845265E-002   3.6314486369044718E-002  0.67393704678679900       0.23025759763007436       0.13796343834741273        2.0560209506265290E-002   4.7404860418952900E-002
   1.1110526420918219        1.4242668171698218        1.2084435792909907       0.98604006242593278       0.79114867284566592       0.95695485210336784        1.2260419584297451       0.87578567667612783       0.92369535475966735       0.95927723740421222       0.91109044610610046        1.1882545111969611        1.1104578428955727     
  0.37122928789129350        6.6844397468225651E-003   1.8002722049920126E-002   7.6384568171971798E-002   5.4844084930595872E-002   6.3895102420899727E-002  0.11687001958315822        5.0300133328800137E-002  0.70039272289442878       0.25080624998643558       0.16876729268886209        2.6365040399725096E-002   6.4650594572261910E-002
   1.0159745953170545        1.2092622847311971       0.92920309388760380        1.1751145300065611       0.93711540461096743       0.82982034852297260       0.92471540594811275       0.94443671837304732       0.97002188409472745        1.0966935709866215       0.88550234096516367        1.0722719292134535        1.2285601704199121     
  0.40126560978911963        8.2041924117253247E-003   2.2617420720309259E-002   9.3328902238607736E-002   6.9658604389426421E-002   7.8938116642879627E-002  0.13286860367433920        6.3901498439374246E-002  0.72357097116831259       0.26734575783237602       0.19726040601239689        3.3035168687084698E-002   8.2626198734023132E-002
   1.0834693106952149        1.0316376169576325       0.92432005978577858       0.97542582088430885       0.93258219406169662        1.0192908763161634       0.98900844050904779        1.0599445579174496        1.0171021998282701        1.0538749914137164       0.90146198160071722       0.84805505486913046        1.0601733463869381     
  0.42432648746221668        9.7195014959829476E-003   2.7783895315100025E-002  0.10888662406118142        8.4414082456045925E-002   9.3577761725559885E-002  0.14804931877040114        7.7295479441479145E-002  0.74260678994743201       0.27903722189540581       0.22070940935504493        4.0500051526264583E-002  0.10126642502622679     
  0.97910683330465542        1.1553537160434724       0.93415130040404348        1.0333156802983363       0.90802453096764846        1.0497075012390489       0.97161408287600293        1.0563099029795160       0.93058213286701064        1.0179095150907123       0.96706905024717305        1.1440347599289711        1.3529694672569224     
  0.44169052851349938        1.1163409502178584E-002   3.2801330913378196E-002  0.12205886449737305        9.9323845972680319E-002  0.10781052696060585       0.16209701421031117        8.9749523446007409E-002  0.75748010184160153       0.28841265450153486       0.23961241040073039        4.8557274616316204E-002  0.11862426122728428     
  0.95233449035825657       0.96904949580832977       0.86983690559994509       0.87336630191226805        1.0060171244499303       0.88542163328021040        1.1076164775295214       0.85485791103162512        1.0073432530977795       0.93852756473332088       0.87652954069981637        1.0892022139455815        1.0602672779205617     
  0.45769458874211127        1.2746360400583813E-002   3.9260262959842182E-002  0.13534627708473251       0.11567161782207185       0.12264317564528911       0.17442166751664334       0.10284751860501778       0.77137577914591449       0.29862234780854169       0.25620528591340758        5.7301507070091448E-002  0.13465783577859031     
   1.1914051046643579        1.1082846901047936        1.2278909052705684        1.2942728990698262        1.2411365284872344        1.0410314467595645       0.94238366403877261       0.87449334367079945        1.0371192662966515       0.92819139314421351       0.98059044679011242        1.2179230141555313        1.0669511114378156     
  0.47502284175383896        1.4381619735750726E-002   4.5852168855661971E-002  0.14780775597907933       0.13084121234812976       0.13790281158715512       0.18614596842508521       0.11592071465098761       0.78370345224495364       0.30846098708521119       0.27079528528043001        6.6074150665723919E-002  0.15087209875668914     
  0.85745126065185584        1.0617557111461973       0.98532074632067779       0.99248195947000228       0.90403273951430074        1.1022560845755573       0.82895633438524252       0.99946783112592164        1.0762265238068260        1.1263089869884708        1.1776902196189858        1.1954946249057881        1.0889838047831966     
  0.49285716325851658        1.6077295494714119E-002   5.2595449780480467E-002  0.16095736349831541       0.14570630393059855       0.15345896103020371       0.19868273428004649       0.13020576845439016       0.79543258174080544       0.31829129534513312       0.28496903391137696        7.4897782312679836E-002  0.16746289823454946     
  0.87366499176263102       0.91735426875664239       0.97382050651857088       0.87042973756722120       0.96198625141213057        1.1395587508769927        1.0610951090608864       0.89850987681761629        1.1398659053879847        1.3113904046500835       0.96257226982898847        1.0695385650388476        1.0327540048641985     
  0.51052875593937275        1.7739910420282778E-002   5.9445632073124137E-002  0.17475794164574496       0.15875478159663678       0.16917652424847252       0.21086473223951210       0.14642637165179404       0.80446794173334069       0.32717062044202921       0.29890866846528230        8.4521424444345947E-002  0.18553450938990410     
  0.99950245130997162       0.91801863536731243       0.99102091656202840       0.89512150829695125       0.93161486090205059       0.94151133107901053        1.0193456786728157        1.2473010734295047       0.87681204645299349        1.2396816863692808        1.1458894014904826       0.89130508398819941        1.1288201042214985     
  0.52675640721794748        1.9823964469533672E-002   6.6305425099194501E-002  0.18915397330393216       0.17062296849637751       0.18469583870803558       0.22308669606422393       0.16335247719327547       0.81227136229924424       0.33587989908324628       0.31259964932459033        9.4556912902869480E-002  0.20341878296119800     
   1.0176801745281825       0.96882492568593903        1.0778601342189091       0.93713470249258013       0.79071461908660057       0.92086590187497974        1.0164570122495615        1.1938628906815132       0.91362526888639950        1.1614627256097061       0.99083885030702090        1.0361480981106344        1.2653106431957213     
  0.54247929906301318        2.2192069586046019E-002   7.3612510061696820E-002  0.20393678488752923       0.18256218992239989       0.19984305330419444       0.23484139092255021       0.18034260407950356       0.81941453424605160       0.34422020216879695       0.32666015162707124       0.10533588794802896       0.22060839483569156     
  0.89218691683134910       0.90225339425625695       0.99770472522045717       0.93477617894218612       0.97438107033160182       0.94422042082826019       0.99946102990353658       0.99306271569929017       0.97916624433392696        1.0567877474813592        1.0628227899949445        1.0160147796438805        1.0016261463072718     
  0.55822608939646956        2.4563044878339935E-002   8.1008927167939532E-002  0.21857711194573204       0.19700735086288274       0.21274318432396569       0.24638974927766180       0.19668477916377175       0.82626045560977934       0.35237123099169149       0.34121279077756750       0.11663184896682105       0.23775706764686536     
  0.98871679601065920        1.0018796003352419       0.92454060707738661       0.95635300693361469        1.0874891342760076       0.98303810933928604        1.1226332719523360        1.2077887163107388        1.1783480448136889       0.92808268418560624       0.95467837904340758        1.1631438603203930       0.94376571518746066     
  0.57348755715238176        2.7145708459175258E-002   8.8920355136252641E-002  0.23298211207028316       0.21324714046494236       0.22565318573611709       0.25838980219706603       0.21299900687056461       0.83308058394439599       0.36075446384641213       0.35591175045434914       0.12821409954767216       0.25575610242304875     
   1.1077976203617153       0.92070940283806324       0.88062262788287238        1.0217576510271114        1.0628260643867162       0.86195816398847069       0.98840994971700202       0.88967907476537067        1.0733356239683212        1.0486507641845209        1.1044417234205504        1.0789340678525245       0.98567017060419448     
  0.58779699332146562        2.9990481327623202E-002   9.7053487287010146E-002  0.24627124681615531       0.22929642069896713       0.23892235406936338       0.27109670722474188       0.23016830055076881       0.84010304237167999       0.36838514149110724       0.36920745269657157       0.13959331740435649       0.27281843927259408     
   1.0159030116194490        1.1604659211270876        1.0532496041712887       0.92743963925373851        1.1402145120014682       0.97309085058074341        1.0385733462350737        1.2549530235502955        1.1158866003177970        1.0339274823802427        1.1687664611855615       0.93780756631980089       0.85108562841694624     
  0.60187163944547895        3.3120937064212069E-002  0.10458811407078791       0.25823219013134197       0.24477302411829216       0.25190303152529042       0.28356162688311015       0.24819725138555060       0.84634693585515586       0.37457732327563381       0.38097484069880605       0.15020101885906426       0.28746583255302594     
  0.99471965002961660        1.0253828007738144        1.0185441642010771       0.79375761073215945       0.97609293825438315       0.99399431985857445        1.2497541606150533        1.0882582745610527       0.97353700727269055        1.0781261217186291        1.0395976134618170       0.96819501062854996       0.84010570763334069     
  0.61434040730926509        3.6690278279281605E-002  0.11220949026729574       0.26954035930425019       0.25949921740773685       0.26514347593582072       0.29476204234245934       0.26616286434423192       0.85201395387309320       0.38030569405677944       0.39349618147122295       0.16149658674827161       0.30271987604008960     
  0.82715201248702097        1.2920432309920817       0.82507602776267974       0.89952272156706625       0.86163625715863712        1.0997089011530772        1.2282300766481988       0.93308605220965701       0.94663547596967068       0.87529590126774492        1.0000155053147517        1.0155583366908643        1.1251013800221841     
  0.62443033566248296        4.0502890846969772E-002  0.11995520253424607       0.28102506657385551       0.27258667294887162       0.27863125528420885       0.30595330229300577       0.28360739496489262       0.85746247861063729       0.38589751230440100       0.40670665542649581       0.17345800238744979       0.31863357627574651     
  0.86026519907954413        1.0902403606732416       0.89472112794150493       0.93138668827151749        1.0884413025788622        1.0007082582048739       0.86143683391193970        1.2079495709512291        1.0117679349638404        1.0986523038431306       0.89859770641349501        1.0007484468265329       0.94643608805083435     
  0.63451031830663518        4.4720651627758956E-002  0.12789388179250405       0.29341060180137657       0.28576759216844883       0.29290103083441715       0.31739475306571435       0.29998166761200146       0.86252803825793789       0.39180238365899528       0.42082454166086208       0.18657887369423376       0.33330319672886483     
  0.97391571774468888        1.1354495264831530        1.0717570567108701        1.1019515713782253        1.0905713509001693       0.91326930073328672       0.87203271258229020        1.1107835785647653       0.99961272622896979       0.85312061739601197       0.95792187556597719        1.1702629005567511       0.95756289278097306     
  0.64554404833750156        4.9394903827712354E-002  0.13687997916927638       0.30692577575867336       0.30139907535703497       0.30715456336006641       0.32804754502370170       0.31461458422352989       0.86731400460099728       0.39763819607090023       0.43534387095569854       0.20095275758907649       0.34682718439718929     
  0.86915630653733589        1.0424893623595071       0.97551978635496506        1.0233935024967946       0.91759929462342471        1.0120728485307264        1.0217845191148303        1.0284707822351886        1.0304568988486109       0.90230092297882258        1.0590667125489044        1.0360594502968394        1.0319253760452975     
  0.65724101892472730        5.4398958818421786E-002  0.14728963208858781       0.31995035509741604       0.31812293803357694       0.32153245644441236       0.33933302256534154       0.32923303658882869       0.87210823547447636       0.40374205813507341       0.45007529976700011       0.21573312911956263       0.36029876687620155     
  0.93958944266590072       0.94686934753156093       0.98210231924587466       0.93690413313488607        1.1189611055538613       0.92202836077554884       0.96850443262409780       0.87497704617818473       0.96842251950288638        1.0199410380372651       0.98820521242419102        1.0366671127676339        1.0856252162421549     
  0.66917681558021691        5.9549457502183982E-002  0.15823451180760209       0.33368574675378521       0.33393883537583274       0.33642751970855167       0.35069008008799363       0.34262299373179894       0.87682264401891730       0.41022309712161986       0.46546062718452480       0.22947721461883644       0.37581557117346875     
  0.96855668985348331       0.92621937013941980        1.0820527792971515       0.90996289900248728       0.89305140853754839        1.1580711198282394        1.0102265852779144       0.86219126688589998       0.98418281400865437        1.1775194992601374        1.0251457884999704        1.1573051615239689        1.1863291636246120     
  0.68185273341677022        6.4809521373842591E-002  0.16834429052835997       0.34750445019937071       0.34898245079998697       0.35172686427663108       0.36205571932762054       0.35610063079316062       0.88159392164440542       0.41662275460003712       0.48111617211359903       0.24170812640115705       0.39148324012941665     
   1.1179204423214848       0.94578936312295647       0.91638255581575334       0.97433583531413337        1.1912661707741898        1.1136222630589152       0.89796402226037630       0.89582734692282995        1.0239503955357288        1.0154300074725133        1.0272594034487919       0.93814543365404135        1.1759783903964398     
  0.69438555921380929        7.0114606986377961E-002  0.17795251082660588       0.36206742741270720       0.36373446092363210       0.36668728349889274       0.37382695998705834       0.36905981265442828       0.88646345912913660       0.42245530291464228       0.49663861292060035       0.25362594681027267       0.40656385111119420     
   1.0782261432620699       0.93569978242308871        1.1971610856397639        1.1747963218301252        1.0287372423440622       0.98186135300109723       0.93965109657713008       0.83046503870316435       0.92758287563268782       0.93072892274736296       0.82115668417243437       0.98655404708283800       0.97304590789734913     
  0.70479184050940957        7.5630159318758244E-002  0.18792248374472290       0.37611914220061093       0.37958011802248925       0.38247703220593887       0.38628021931569234       0.38698507758518991       0.89090973960409836       0.42798731181479643       0.51199636500860846       0.26684057861243765       0.41997817796962045     
   1.0484314888022714        1.0182669411240537       0.99814854318825785        1.1162965827322724        1.0180054705037935       0.94564931516233253        1.0625998793752167        1.0543796322746783        1.2195176595543813       0.91599297261016854       0.82331066595445768        1.0573781207683106       0.99445773709293295     
  0.71739428107943570        8.1309384060731876E-002  0.19878755692107775       0.39026385143536496       0.39689373350855256       0.39808832814107437       0.39865163834425599       0.40708696087789209       0.89486962974902073       0.43435689779228653       0.52713906942618871       0.28163682601225815       0.43228691656366625     
   1.0199739365684661       0.95099483192754797        1.1220295617471474        1.2161511725482095       0.98404917560373084       0.90178868813292379        1.0695886024357841       0.92922931099962269       0.91320487270622996        1.1581452110332351       0.99330926075027537        1.2323959190521752        1.0103252836839074     
  0.73018902364959459        8.7233274285590121E-002  0.21093645309467707       0.40450165959287143       0.41461659764834791       0.41356312181772981       0.41081513286953414       0.42649473760257878       0.89853593235382079       0.44070162384949824       0.54177457343081914       0.29736649368477264       0.44445566839238765     
   1.0608218978367352        1.0591074381767216       0.91461602820354426        1.0127413108854169        1.1771341432877005       0.94778320975175201       0.98337375760395196        1.0256019136654086        1.0558546230916648       0.89325751742483406        1.1603302555315429        1.1730545158757679       0.86732685756530881     
  0.74191699287880786        9.3745620797156273E-002  0.22379146686049203       0.41852385586244545       0.43038367910833869       0.42849136454159636       0.42312860256978602       0.44575944731555484       0.90210123854160507       0.44696194346362955       0.55501442564136305       0.31329524180654328       0.45676101838448052     
  0.86205085422960337       0.98014990367711485       0.89664602982597286       0.96540636151937975       0.98978121722165813       0.87915730253925428        1.2187588321445277        1.0696687677382408       0.94113414174063637       0.84825097911275060        1.0340035135782089       0.99842299778770771       0.84629580683231798     
  0.75297858196448253       0.10063086600516313       0.23725392472912915       0.43219867676079526       0.44588234172299235       0.44485092127291348       0.43447087067803247       0.46498513217615611       0.90559252241250465       0.45327127469968892       0.56787077397375441       0.32983164000733889       0.46944512184383724     
  0.99580715783472440       0.94513183767286502        1.0524136540850897       0.92296587945180741       0.98609862572027618       0.98468351033532353       0.87670206604880074        1.0769207312014020       0.91145492556497809        1.1493725778435293       0.93386110724284410        1.0224317391737447       0.92210694450800845     
  0.76403052074054700       0.10788441860449173       0.25090459046772012       0.44553990369530416       0.46213668131905783       0.46275333366040999       0.44543285762347656       0.48340713200289476       0.90911305580428758       0.45973800907196366       0.58276039714760008       0.34649079308837955       0.48259437753908013     
  0.99661124150531011       0.99128536766981112        1.1617776417391441       0.94153483661564386       0.97118614427324357        1.0491106569398256        1.0976688704393325        1.1032848919743898        1.0038978037319299        1.1069142594156978        1.0336088318457910       0.94973424080020474       0.88510187912269289     
  0.77433021686693793       0.11541573347478809       0.26438997279845738       0.45823809008456268       0.47925639036663420       0.47945009877229644       0.45589780915079969       0.50099120949482856       0.91275623048383070       0.46646004930131896       0.60025901541820115       0.36275160968378184       0.49644706583278647     
   1.1994824135028310        1.0378829665339513        1.0156688781511907        1.0065453155159103       0.96388259794520192        1.1016014675352837       0.90900836870938562        1.0602915088066693       0.95881660835693294       0.92046213688662282        1.1932155601018013       0.89345276175572041       0.91401390440523411     
  0.78433986671011691       0.12327502460834136       0.27833333466433013       0.47010028459202946       0.49513514209234910       0.49301418821774889       0.46485550110329321       0.51791803426776206       0.91613132089611171       0.47320645146965484       0.61993762700575628       0.38016667206553961       0.50793058776521893     
   1.0578812557119732       0.97260286514308658        1.0335452875704045        1.0820853876972472       0.97637363880564698       0.98197125409554165        1.0286807573077261        1.0348037674092327       0.95601052162471067        1.0131321304737833        1.0978454993490236        1.0692202558573904       0.75886404939287777     
  0.79420436619640455       0.13131897385644359       0.29237912284992146       0.48178150343867443       0.51160695406404699       0.50377319344603044       0.47397554361480709       0.53551811785731540       0.91960732424652847       0.47964321367063545       0.63872015961202611       0.39726992073112205       0.51682051483968772     
  0.91126231828530313       0.77543577077428760       0.91180930117642189       0.98344719453143847        1.1387862407677192       0.90425947136320051       0.87315735204974221       0.99399431985857445        1.0084212692478300        1.1681093025075122        1.1668708398004237        1.1173022545626330       0.83875702461942125     
  0.80365088814269225       0.13949831388634304       0.30514607560564416       0.49523564642890827       0.52763736661856797       0.51483366780746587       0.48309790459844243       0.55384719829097284       0.92306642574497855       0.48662513740947477       0.65456126254194269       0.41401872328669559       0.53015822747694330     
  0.97436391939108236        1.0723420932553562       0.97695728122258985       0.90112688854146539       0.93873468274868155       0.82081956759987074       0.89566170433364389       0.82412942827542335       0.85569273686340919        1.1968546314353863       0.85178146163515789       0.97735655129344523        1.1402758896239953     
  0.81285636899058300       0.14830475884186320       0.31639208110127398       0.50968328558065523       0.54354758951138538       0.53069531083832377       0.49216075494053568       0.57277972535600541       0.92638825955844517       0.49422524097984782       0.66989014126638680       0.43035873829765736       0.54403368953985931     
  0.99615853955603173       0.86673630251450773       0.95856608718053726        1.0350051316220574        1.3814987315630003       0.92915616766951659        1.0243123813424135        1.0793868087560046        1.0847277943467273        1.0647906533148688       0.95367446365645769        1.0070745310920988        1.0990941795680154     
  0.82178361516958798       0.15787693684084278       0.32879302334825172       0.52441741364164562       0.55965296027405831       0.54880484711417821       0.50264243685597376       0.59219757511863158       0.92964134652037456       0.50237233025002226       0.68661380403045891       0.44792846395659969       0.55958984856600846     
   1.0902709000014743       0.98259238817968042        1.0340888636977494       0.90432427826796280       0.88856722428554591        1.0338457255694409        1.0786514672682768        1.0183600034476932        1.0073040456820219        1.0337642479708529       0.96013020139852023        1.0826785357629694        1.0273916184320171     
  0.83022989373090139       0.16806733798147416       0.34383531155176467       0.53927523470720562       0.57582938735632050       0.56638378310787996       0.51387703059411871       0.61114790820498188       0.93274123001277398       0.51018260627880552       0.70404943810364817       0.46854648067794846       0.57648490994522772     
  0.97746294106375131       0.93837104640089219        1.3637130347359021       0.98158168415661173        1.1490509532477922       0.87502874445215018        1.1520081257923400        1.1223176177012533       0.97142376467933278        1.1390394955761582       0.98220455087573033       0.98882176017858270       0.99349459135752749     
  0.83833754502337532       0.17900269288145243       0.36039304053604360       0.55381761052758893       0.59186302962460213       0.58343207117204043       0.52468061192109028       0.62924365152131123       0.93575316800827735       0.51739193977335340       0.72187617128136128       0.48842845744268704       0.59361108780713179     
   1.1080851352473595       0.99173813030110292        1.0933276045980767        1.0336343466311104       0.97435218227159426        1.1523880142502139       0.93680179605527203        1.1211565594658541        1.0730602126398785       0.93774188490524446        1.0448102664262091        1.0645086861775879        1.2197239963681561     
  0.84609495193141238       0.19067777299572325       0.37624330669166850       0.56901811229296129       0.60688741855763817       0.60068472848372922       0.53548043221558250       0.64589320962170949       0.93859530886443920       0.52447331775909845       0.73877354799611683       0.50765416768048954       0.61092166399272618     
  0.99109185641670439       0.90736490616645049        1.0586099048774005       0.85724953303466334        1.0235127311296841        1.2390046896587503       0.92079747707796200        1.1131268893180848        1.0528649119260052       0.99102468792939535        1.1526709237503736       0.87286066739143031        1.3331979163347574     
  0.85394069878125178       0.20262605318295071       0.39124999034806013       0.58442485753939721       0.62172877604612053       0.61856808865288249       0.54648440266912968       0.66365807850372693       0.94137220998674875       0.53165607521930736       0.75380517304032368       0.52683301011329653       0.62903164401874478     
  0.85820586783824815       0.93342313394304399        1.0000767139919426        1.2053490658299266       0.94387652072980677        1.0053899028627682       0.89315945084138615        1.0722344202798009        1.4004918658489818       0.96966137159328492        1.1512175238525566       0.96542240749486552        1.1354443245365793     
  0.86153106296303428       0.21472681235032015       0.40672405119363991       0.59921531788605586       0.63771531278855365       0.63613686590763507       0.55758106915984296       0.68148223949132580       0.94404734858109984       0.53885591230939767       0.76763116075243876       0.54492549743501817       0.64768444981644102     
   1.0019328546566764        1.0451898522439003        1.1992752808948473        1.5350850634392563        1.0536811865562612       0.97995227173294941        1.0684611206276589        1.0281514700132754       0.97688038904508712        1.0173787324313448       0.94734830645979295        1.0962346359445152        1.1993782928893446     
  0.86891516476636255       0.22832642747635443       0.42265114634019757       0.61223326918277565       0.65333157964425781       0.65303409071693141       0.56943583482488702       0.69855530528934418       0.94664852692133039       0.54551336885364310       0.78094843401307223       0.56204206979798299       0.66507994012008220     
   1.0886922405777255       0.92411191923038039        1.0094358011693945       0.95293166962399545       0.95751370468911945        1.0421450991025614       0.97677075329418817        1.0679094693878075       0.82093013797986980        1.0126964859308969        1.0555870160059706       0.99399431985857445       0.99044303845847592     
  0.87564326426781247       0.24294179660602300       0.43929908533188355       0.62469287256320816       0.66835344688509757       0.66892042479515290       0.58109036810181269       0.71397858849483564       0.94923805781509518       0.55211801422103246       0.79426732893202268       0.57937169043517267       0.68201662346539627     
   1.0952260135870684       0.88115933161719207        1.0025135435867878        1.1590915864077413       0.89394540691008872        1.0930726734824663        1.0871621088340153        1.0534937385079910        1.1950685739337918       0.83914708431219820       0.98602051727781226       0.94359033590239982        1.0413762839890757     
  0.88180425606238355       0.26070846297019096       0.45757228871974265       0.63685502211912315       0.68349446190856755       0.68353360910620387       0.59258442031990810       0.73013817102379286       0.95155971046290955       0.55913745166328932       0.80711233625219536       0.59745983509785916       0.69954367452473032     
  0.84964990544653507       0.94523824604706075       0.94540334932670844       0.97142689936735849       0.90830409653588351       0.90110430284480136        1.0225015518694756        1.0672477064289501        1.0248830650426717        1.2415161113740956        1.2728262929641394       0.97525195260902109        1.1493391100510937     
  0.88803236438400457       0.27921577713427020       0.47514646696236401       0.65031417716220641       0.69793903127218404       0.69877456367314339       0.60428107627077965       0.74740397292377136       0.95375009673476085       0.56635349781407640       0.81963062351481641       0.61564816591892646       0.71734486436544354     
  0.91101592307919510       0.96508100829380139        1.0971032519391726        1.0848710446095047        1.0600660622064950       0.88888818566799011        1.1567491835777046       0.90119908758377598       0.84318006398396439        1.0726902129646443       0.93593295741032867        1.2689268836701628        1.0135973145899693     
  0.89518747275702004       0.30027530386277906       0.49521024959048071       0.66609303774480288       0.71323873381749359       0.71533805180854104       0.61650384291387550       0.76448201574555008       0.95605243533968254       0.57347808054948879       0.83217917477332892       0.63286184113667965       0.73484026995613305     
  0.93462218535742125       0.94662656124617439        1.0714708093015883        1.1446959111322854        1.0477926956217523        1.1288980072966208       0.99094864684185835        1.0001332762204100       0.88576403836864015       0.94287156040587194       0.91152952999050729       0.93436203819636265       0.93621953963374449     
  0.90309906899080927       0.32144157747544938       0.51690461099204543       0.68073391586622889       0.73145794733212188       0.73411722123597445       0.62882664587623838       0.78040325808281152       0.95820432292346824       0.58071896663539058       0.84469216594835150       0.64881954345466641       0.75241058129067362     
   1.1672636216309182        1.0555702824594748       0.85593676886555381        1.0771507243340841        1.2463989345176196        1.5499738645047096        1.1531401180547978       0.99994231994000549       0.93431930457541301       0.93655115695737501       0.95468466472642499       0.81399632724852911        1.0162007347366293     
  0.90959436612220701       0.34413857981557028       0.53983022855733387       0.69540489967298769       0.75089379322861960       0.75228535486555548       0.64057973725509376       0.79614061735030950       0.96038551478984246       0.58809501136714792       0.85663553467504594       0.66380703550887177       0.76949526948669644     
   1.0441887850381084       0.96409171900285173        1.1816524291470702        1.1365525821271270        1.1774524672670179        1.2000607843354678       0.92645246773619772        1.1628928826823965       0.82458098939045887        1.0060399989676205        1.0218763951452960       0.91892875333058510        1.1057007940949359     
  0.91545542387797985       0.36901685273403312       0.56446342211954337       0.71108979178865261       0.76964453185194781       0.76890828157205671       0.65191324189208477       0.81113922154513074       0.96254504582714429       0.59604328673438023       0.86795164521234380       0.67837588053171727       0.78679320319610613     
  0.99096504087653159        1.0290379971019468        1.0594770201897756        1.1109499727478662        1.2595252066815199        1.1945907490394314        1.1069093482161361       0.91755146992517589       0.99677390046337533       0.94714453003322474        1.1746140360193105       0.86867966649318584       0.99699768528255539     
  0.92220671687776001       0.39724958915469588       0.58934032458445007       0.72816812348002502       0.78767264535726722       0.78501743963822379       0.66279303612985330       0.82511261365373856       0.96457858507918282       0.60440185067309260       0.87780055151323266       0.69303715433879054       0.80421236251656325     
  0.96149100149356370        1.1579065583639798        1.1085687088643503       0.92720411917851897        1.0096065403904610       0.98741215177133346        1.0323146521744297       0.78129334286864549       0.77231130898949796       0.88664915169116698       0.86789912057461915        1.0464822569420109        1.0144069052640228     
  0.92797221492578486       0.42646155468520869       0.61308121913555069       0.74599469652705497       0.80510170777106571       0.80215161736152041       0.67395972094923839       0.83942257393380859       0.96662378695673534       0.61246685504631515       0.88678090223832229       0.70876386191251173       0.82063954532861805     
  0.89454579219076302        1.1542515486806528       0.95353333353664371        1.1732666864833456        1.0571855459432156        1.1184319997453402        1.0668519815809565        1.0446268272831940       0.88437441081008927       0.99037237234884934        1.0076645653374998       0.94855921898377027        1.0276613556841925     
  0.93482397556241126       0.45627475406719958       0.63771880380947588       0.76318682731245790       0.82161376476116488       0.82052035197431916       0.68695286652091181       0.85378537939427279       0.96873703883960205       0.62076013141592190       0.89621441132292945       0.72789150490404120       0.83666254451075184     
   1.0537552218150534        1.1962574480276751        1.2254219655508345       0.90018312179652693       0.90231618366142885        1.0793392802035722        1.0196660869354808        1.1615560371231775        1.0448846546602593       0.99570855118577184       0.94911797182832347       0.79433679716650096       0.92262153544245551     
  0.94099410928647376       0.48870000879856967       0.66568625658298863       0.78105070837739365       0.83819089134106506       0.83899544411488935       0.70104666159807028       0.86811412427164825       0.97105369863968227       0.62851072478396453       0.90539710169617327       0.75106097700390195       0.84962760912980617     
   1.3010140861439685       0.85318299643916751        1.0448870380727766       0.98488251145272743        1.0077625971529787        1.1824088901031025        1.0599071483476161        1.1038846618281939        1.1910705447606318       0.99736146635264789        1.0400247809698944        1.0192556898229534        1.0657350003665347     
  0.94688575125059693       0.52519333348417618       0.69409193990359197       0.79957784930804165       0.85556009498162056       0.85658856922911619       0.71654259178959057       0.88152712697504376       0.97318031788536075       0.63824929156992227       0.91471712058652310       0.77638020074994529       0.86292588490063005     
   1.0471132901444886       0.97940544909480998       0.92970289179363075       0.88447443743187648       0.97039320604048163       0.98923820505923343       0.92541110073804445        1.0066814043017140        1.1757205965981108        1.1051061193002361       0.92326431127622433       0.94561282849067674        1.0779674516448174     
  0.95253523682018471       0.56565411499354812       0.72214255825175577       0.81734767078240167       0.87278556291261877       0.87313277060555516       0.73290055151738631       0.89416961221330304       0.97543800181849394       0.64949776149155736       0.92499939165497125       0.80225948699097294       0.87647522187076943     
  0.91763303609803926        1.0091305772015924       0.90467388033340046        1.0214073890391815        1.1848241599685967        1.0111738596767268       0.99776299039538141        1.0152727594937621        1.1298717585003668       0.94973331719177168        1.0091886533796643       0.91508084745991458        1.0145593872071648     
  0.95805999832288413       0.60935825638088104       0.74982381609036841       0.83447075234907775       0.88965210962817776       0.88920522915572231       0.74855301476862224       0.90727331285435064       0.97770648596614385       0.66177443053225882       0.93534373487257050       0.82882113736189600       0.89060643560170583     
   1.0199286603144657        1.0583443141971016       0.92874279228109236       0.87509193652825457        1.0612117654559865        1.0174213570171620        1.0351467485646217       0.82976827379778295        1.1429523209559553        1.0626388068353827        1.0473699722155534       0.98920248712963965       0.87257281244110563     
  0.96344943134943395       0.65477067070594452       0.77737258809361487       0.85176580757471410       0.90571966343944410       0.90497529438942781       0.76552164916762722       0.92129276823453865       0.98002643187452998       0.67426168788896113       0.94556651200832131       0.85405231110582169       0.90663450235171139     
  0.97017265813740428        1.0271735270151097       0.97431596471236137        1.0205437739811181       0.98208842890957126        1.0502668095261656       0.93933539353709117        1.0226795017094601       0.98258447848113073       0.93251357656631928        1.0718495636887224       0.93148335979614472       0.90892599036146937     
  0.96867291757376128       0.70496097177833761       0.80702633170800286       0.86929239492591248       0.92093726423538846       0.92078647648539713       0.78353325972671473       0.93598722016372204       0.98250916890007689       0.68764314431170814       0.95586223990378194       0.87852798843561675       0.92390574914660950     
   1.2974452584505549        1.1157661113082029       0.94238366403877261        1.0438492203940437       0.89322515380444245       0.97924011790166299       0.95566914973586004        1.1094598340815052        1.3105963953393882       0.98668438982934203        1.2397432665572310       0.92828864630791164        1.0344217168411001     
  0.97384606345395708       0.75602193359954006       0.84114564856821594       0.89073184517344239       0.93539365001250674       0.93770809481597972       0.80489998938642526       0.94901879340969797       0.98510520244583499       0.70167308995724709       0.96585576590691724       0.90268918717101743       0.94058798775312069     
  0.88435869140419521        1.0182635143650778       0.88271908148343703       0.97485975939739944        1.0261983416378115        1.0296585757300762        1.1036019217801538       0.95620777545295210        1.0900226117533518       0.93001487080615641        1.1370099654184906        1.0756269558046134       0.88341556503185059     
  0.97909951629042080       0.81187201074237525       0.87449898155158723       0.91516353420875352       0.95095985501897273       0.95426046659575725       0.83378515277696830       0.96198360784313719       0.98775098680203233       0.72316896824207477       0.97523939184227382       0.92639291667953949       0.95548607003980845     
   1.1996500356122806        1.1174926553891948       0.89721163659746628       0.89177033519239446        1.0628871355765774        1.0882579206504561       0.95318056402432860        1.1600503693225221        1.0706599620559842        1.0003607731409974        1.0161095476153461       0.92948630957613032        1.0093744864315650     
  0.98527163469478651       0.86850711925993784       0.91014762806361438       0.94121097426802491       0.96697642418585417       0.97014869379587876       0.87138826807873571       0.97382522619900769       0.99080115741064723       0.75649241136077350       0.98387743348743084       0.95074970787296464       0.96961717802615943     
   1.1477830242500073       0.90991115898257380        1.3073779324632844        1.0601285245616627        1.0694929721351965       0.92718258346455429        1.0227916982298426        1.0343886553196191        1.3053146844788877        1.0802843798615025        1.1074923927070923       0.97782539120040102       0.96289794061899792     
  0.99257476317400828       0.93258053412791075       0.95299112967470900       0.97008746403276469       0.98307281069316010       0.98475729451473770       0.92636906255575868       0.98449922427013736       0.99516710153427201       0.82534858951727186       0.99209644071514835       0.97458347648064170       0.98448548837018435     
   1.0860358757138679       0.95129734580885672        1.1368716405669124       0.93459373100550380        1.0284911812411655        1.0392734584321346        1.4728576729909670       0.83263634366505113        1.1498439077116316        1.2757940949593995       0.94654162334704206       0.86853011865490837       0.84606921710259564     
   1.0000000000000000        1.0000000000000000        1.0000000000000000        1.0000000000000000        1.0000000000000000        1.0000000000000000        1.0000000000000000        1.0000000000000000        1.0000000000000000        1.0000000000000000        1.0000000000000000        1.0000000000000000        1.0000000000000000     
   1.4437129960765118       0.99941764082356210       0.93147651387165697        1.1243818834308525        1.0297035621903212        1.1367643856000396       0.89084406643560654        1.0344276424012737       0.87672668753700966       0.84706247354483133        1.0147637841099293        1.0158556889130856       0.83272998124655107     
   0.0000000000000000        7.1491337639198527        14.439745729917723        2.9425969531319929        8.4278638817317564        7.8782544320574992        13.410052846854521        7.0883627358126464        0.0000000000000000        24.775253404557429        12.244612631260589        6.5028557484149880        4.6197744805564138     
   0.0000000000000000        9.3301584400162980        4.5411059177627218        7.3105162647870134        6.6642581841801078        5.7814876039123817        6.5701387698237763        6.0927867693272031        0.0000000000000000        8.5269723676177289        11.864004231903685        7.1688681578064335        6.3693526869694690     
   2.1003159675809151        6.1660026499656260        3.5104831596135164        6.5851244968679090        3.5646153592927843        7.2154166545257290        9.4840844488823208        7.2295526160445958        0.0000000000000000        6.8818991930979765       0.86323578354391151        6.8006751259631795        6.7893679525217525     
   7.2177401783596373        8.1080011771918610        3.9417471742494423        6.1394921080882909        4.0955304454968111        7.3174965583908556        2.9252975544445836        3.6322295178530668        2.9040623296343067        4.2347234677934358        7.5715885428974401        6.6911072355181194        8.5450299212073659     
   5.4384215537416498        7.1887745005333752        2.6697374904871554        8.4174342368389823        7.5452045284900784        3.0775285390721772        3.2559333911731576        1.2687891380322061        5.6220984344929681        10.270972027042676        5.6378721589266370        6.0652732272093770        3.4575261891492133     
   8.0383412606725315        5.2974253926205730        1.7842232361358485        5.1824445827334644        10.076700165004318        10.522663746721449        10.242773950138018        6.7301553789930688        6.7125723539808160        7.6813730343437996        6.5992078949557511        8.4603437797034076        1.9708957216670828     
   7.0488418531165129        5.3294035507939332        2.6334519950372375        10.038392472652745        11.213705932238593        5.2015836934128643        4.6139006183850793        9.1361446121322292        6.1409699941351255        2.0909976146557891        7.1823988890715516        5.9799201350056368        9.5989954063326728     
   8.2282095390702548        5.3718710414733355        7.6767991267753510        6.8385603744652741        2.6501199884931834        5.6351141178506117       -7.1247347905978415        8.0672266834883306        7.3804431159026320        1.4730467059077674        7.2397753079172462        5.7889297248188569        7.0601450618411343     
   1.7898444725143747E-002
           1           1           1           1           1           1           1           1           1           1           1           1           1
   1.5864856993354295E-002   6.1387636933330813E-003  -6.9528928568340765E-005   4.9313760159771212        4.3724465868955119E-004   4.6574861888673070E-007
   6.5787028851159251E-004   6.0073655815235641E-004   8.9632294143196194E-005  0.79776060660213299        8.9622904540086093E-005   8.7476685581256645E-008
   5.0000000000000001E-003   7.1759990810945009     
