   0.0000000000000000        0.0000000000000000        0.0000000000000000        0.0000000000000000        0.0000000000000000        0.0000000000000000        0.0000000000000000        0.0000000000000000        0.0000000000000000        0.0000000000000000        0.0000000000000000        0.0000000000000000        0.0000000000000000     
   2.1891772611309714E-004   2.5212770323505853E-002   1.8609029141524829E-003   1.3013708374154947E-002   1.1271476112093434E-002   5.1318373294411877E-002   1.4170809765121681E-002   1.7849606383163543E-002  0.18583096370197666       0.19985242714653831        5.9491435015732258E-002   1.0293675833558788E-002   1.3091184594175164E-002
   1.1608679574887846        1.4952477603145713        2.9555715548853509        1.6259599969062328        1.4164722648426533        1.6865784261028174        1.5732355994345897        1.6038962532674252        1.2499088560243157        1.4535362703802148        1.4095912283902610        2.4950053500962475        1.7153065907082505     
   4.0224568238394072E-004   4.6860628441951963E-002   3.8586041833618616E-003   2.5125454119840351E-002   2.3831769153684387E-002   8.9663814008359308E-002   2.9133213239593003E-002   3.6473258702615072E-002  0.26392630210031670       0.25735059274391658       0.11287573738471575        2.0157509256182270E-002   2.7108381296336300E-002
   3.2832641214298692        1.7605290550531059        3.4432593884318998        1.5208926663378715        1.2710534435795677        2.5434857118897103        1.9677022940233113        1.7520270055536713        4.1576841062669461        2.1789571581814848        2.1021622480981530        2.9739594690540798        1.4834037423763420     
   5.5000638348554932E-004   6.4786656469517381E-002   6.0019951579586318E-003   3.7423341831522558E-002   3.6158816801142704E-002  0.11134703164530553        4.4663036464725955E-002   5.4228079058614570E-002  0.29117970236409341       0.28703830114296658       0.15571655059261760        2.9276092436601397E-002   4.1665665317693237E-002
   2.2444794284765823        1.4749767030288610        2.2890532775000727        1.9675518840860067        1.6987393140643972        1.8802830819723650        1.4685819322308518        1.9322419967297080        2.0453031395224635        1.7092862818170953        1.7339871787340895        2.6597576117044914        1.7772948707178204     
   6.9001278143386038E-004   8.1624591826005691E-002   8.3146962906384576E-003   4.9136469755251225E-002   4.9043696307490434E-002  0.13015652111734255        5.9874992614598485E-002   7.3881904863058276E-002  0.30639827965887700       0.30966307507609958       0.19281033455006669        3.6448342512614737E-002   5.6979014301997109E-002
   2.2846548516026952        1.5474826028378412        2.1425535806419860        1.7696941934612269        1.6100643080292474        1.6986520447634934        1.7215694500516119        1.7742494872810906        2.2288994148169383        1.9512659183078729        1.6226123477689023        1.7699343668404994        1.8392697113114824     
   8.3002013410102922E-004   9.9154370889194376E-002   1.0690735082654241E-002   6.0294365766812665E-002   6.2561778435322901E-002  0.14317361103916135        7.5391049569397559E-002   9.1567594165877841E-002  0.32305732569688600       0.32897164597607026       0.21767299845784355        4.4657921471974490E-002   7.2257835377019866E-002
   2.4362899382095100        1.5609118757896119        2.0755017914552436        1.8590248760620287        1.5881311175822388        1.9332428697817343        2.0888874188783313        1.8116355187157909        1.8550457552887583        1.8205719794837152        1.7621945774903731        2.0987604359797771        1.7815181929538881     
   9.7730930944521077E-004  0.11475545903015892        1.3262698974281183E-002   7.1547407161136112E-002   7.6991717781492455E-002  0.15608671489948256        9.0635347622423021E-002  0.10750754302805189       0.33678414605561591       0.34540468388736412       0.23667756881591817        5.3829761983666943E-002   8.6127672473241490E-002
   1.9194532631630001        1.6044638586663953        2.0647971690800668        1.5470877801654375        1.5653946654362818        1.8035459282322517        1.7068238095644213        1.9734634911921294        1.7900583117722142        1.7265483865121849        1.4947139544796861        2.2362222781321663        1.3397377765182044     
   1.1430399199778970E-003  0.13203953641707036        1.6083380129033101E-002   8.3239712198526147E-002   9.1934457964006816E-002  0.16797775892325795       0.10705616678180516       0.12245473637316875       0.34910841316353847       0.35887205389804422       0.25055220486282703        6.3304069260526993E-002  0.10081227521844983     
   1.8094398550859023        1.6914492964585808        1.6040870087619881        1.5582055160328359        1.3413863220395117        1.6601347218635325        1.5517553848208683        1.3980607419324473        1.5008467086786423        1.6779471709151377        1.6356280794959086        2.2103467202841216        1.5855091532837471     
   1.3468866271794805E-003  0.14888250109895901        1.9196979168377822E-002   9.4409936389498531E-002  0.10675894745407810       0.18024555338389925       0.12361424998964503       0.13661023324670685       0.36066800310329911       0.37208859675789668       0.26165483479107648        7.3056068871026489E-002  0.11723492097111339     
   1.7092926869391705        1.6497426339026093        1.8457349398596248        1.3768405765702252        1.9377395822571561        1.7392261931506179        1.7090771700376826        1.4340547542521660        1.7902468379021097        1.4392281109942529        1.7776510349770398        2.0063872078601324        1.6874787925020438     
   1.5766626717765349E-003  0.16555504046353370        2.2487859643814959E-002  0.10575066336285037       0.12158080269083139       0.19252720789519803       0.13884172699429118       0.15078427076206352       0.37170616730153555       0.38466082236774179       0.27357920767823102        8.3391756172896153E-002  0.13377041497944059     
   1.8529773147954276        1.4964038406279150        1.7644768491303391        1.4187763078671376        1.4835249039466067        1.4114814000860105        1.9013435573163739        1.6893593004012182        1.4911583880829566        1.6376833373943802        1.7975572585166892        1.6033732311215196        1.7472970124432989     
   1.8210111064143808E-003  0.18336723583438860        2.5658255923145877E-002  0.11698020499293557       0.13666960102181386       0.20472941874412731       0.15381948306016796       0.16613990851121441       0.38142893297623981       0.39533778764660693       0.28608607870100150        9.5001368307081863E-002  0.15096744807546872     
   1.9133276671300357        1.8668242208763060        1.7609289606450698        1.4181532214130181        1.8071860012448988        1.4860742633071826        1.5839605876970821        1.7089389105927966        1.5589647299965450        1.6083083532721749        1.5232655392460990        1.8701425811651460        1.7130944210405474     
   2.0925656518792149E-003  0.20218013307042448        2.9185050819491833E-002  0.12818066250954005       0.15207017551683535       0.21546564698987558       0.16810209862696382       0.18238045361248165       0.39042402031743467       0.40608315387562860       0.29801024320819636       0.10727468312824864       0.16917467603885486     
   1.4041308257513603        1.6605071577685619        1.4333355037021995        1.5975907757204286        1.9711465220133577        1.6907847800174987        1.2845807302688643        1.9483628261486030        1.3858013285617936        1.5044844701705706        1.6013334602586515        1.9218394471690776        1.5664865514170663     
   2.4149944059221888E-003  0.22146252922278042        3.3231109700927339E-002  0.13961870480926833       0.16785514040203650       0.22544085278502515       0.18412938007554677       0.19780122878456036       0.39868081326056032       0.41668542293614924       0.31002461518111729       0.11938544474145246       0.18816599164402581     
   1.7386485759685739        2.0128568876256852        2.0206269948724973        1.6017212207037819        1.5931468183715856        1.5911822025888536        1.6472028495563538        1.7148059060761309        1.3830993181501476        1.7033610519046480        1.4814282790221061        1.6122941452252466        1.8090979268826393     
   2.8057882822255472E-003  0.23914644621994827        3.7372774218989761E-002  0.15185160960266555       0.18441771928110195       0.23523692439222221       0.20245026435487987       0.21274666939916670       0.40660812270344798       0.42748220774140611       0.32132383152626642       0.13166860499898397       0.20756754482900502     
   1.8001790841290988        1.7819848181728133        1.6706347609188004        1.7374721310935068        1.6941452846715992        1.7006625961240727        1.6263721485820979        1.8677142863532183        1.5159419486471410        1.9340847237193939        1.5010396954017862        1.6507529379217829        1.5918341794023092     
   3.2665373320847455E-003  0.25513982404036795        4.1757713397565656E-002  0.16506635232362074       0.20142052947598088       0.24467971636043540       0.21964678953735767       0.22794828677912216       0.41521785596447891       0.43825012463539009       0.33099856017710932       0.14389187310551965       0.22594015472009671     
   1.8831947800129485        1.4943796975271388        1.7218954385579581        1.5163313008509840        1.8434578095270513        1.5639185858392799        1.8440511721667847        1.6338933232660198        1.4907869349038303        1.5003159066829652        1.6063982237426726        1.7547223089936319        1.5654668517758998     
   3.7693534727701260E-003  0.27050942426757102        4.6557812647395891E-002  0.17946647761005222       0.21844324175841931       0.25361655891449719       0.23591303012050766       0.24304340598846830       0.42414463435291233       0.44836999061952210       0.33935864414908973       0.15588282138444368       0.24208333444846361     
   1.6041191094035225        1.6200412624830818        1.8319764642947185        1.5445158723928558        1.6505589636374232        1.6803863295746013        1.5948238368653764        1.3948620869991413        1.7568216023933299        1.6250009155990095        1.3581958619169627        1.7845338380161579        1.5824529490482546     
   4.3004067325749457E-003  0.28589784262122453        5.1772906849127567E-002  0.19525526277418592       0.23474468876337259       0.26316047913496765       0.25129375888929173       0.25753919513778650       0.43313662191630575       0.45763888935036934       0.34696561648502977       0.17112451083447083       0.25611724209671688     
   1.6067240798595395        1.8361549368668593        1.4749218279560090        1.6039668846011650        1.7216733205769272        1.4748626830188467        1.7728993200863508        1.4533087292436344        1.6331963078280094        1.6183953287384076        1.4545903715282065        1.9431303104564073        1.6529453071325664     
   4.9004637085702570E-003  0.30094268572636740        5.7154997011059833E-002  0.21151915793685871       0.25051988756207028       0.27320508226118723       0.26642423168561485       0.27179888054424844       0.44191220748053511       0.46571105490136849       0.35699364832170799       0.18823484236506427       0.27180006931538836     
   1.8577904996931203        1.6674124785845026        1.3968159764246943        1.9130346459388334        1.6723928599094200        1.5427887948366235        1.5431283507120142        1.7587215228571782        1.3866198224036308        1.8245506787838703        1.3181531454971467        1.6702462229161816        1.4069828837358884     
   5.6054187553649330E-003  0.31847463726955161        6.2969372438729798E-002  0.22848654336067556       0.26623365760153345       0.28222725550214595       0.27954746533754182       0.28726725246479490       0.45103805226811161       0.47377109411535112       0.36807460492524074       0.20617328204740223       0.28849923952237516     
   2.1733371201223193        1.7642503402498453        1.5962352691214996        1.9527696970955624        1.4845384727840436        1.5511008709007097        1.8488387595233398        1.3452472203403971        1.5322419102506570        1.6419468696291237        1.8184745124303519        1.9852146259123924        1.6907213046247385     
   6.4251925239684491E-003  0.33840730000448493        6.9844346006842417E-002  0.24511525941463674       0.28196566101727633       0.29084019923873211       0.29199521831417036       0.30314391267958796       0.46088299426828117       0.48188947439353425       0.37990995985202786       0.22558540881839531       0.30641598413629784     
   1.9979436024716040        1.7049694900017296        1.9133984736464345        1.7732546987550126        1.6675640558038758        1.2138379385649001        1.5606609061627386        1.6556659938889695        1.4539630251116629        1.4477545617847232        1.6078966591395656        1.8144214104364997        2.3860895132921427     
   7.2573452848438396E-003  0.35840328182131731        7.7230513993952421E-002  0.26136313078477169       0.29806217848836358       0.29946596520010826       0.30440077663886100       0.31883559140590273       0.47121239135354115       0.48942570129384610       0.39235984142406866       0.24565774967165349       0.32629444843195210     
   1.6197790869778477        1.8331686283074733        1.6043326189719980        2.4742177054953518        1.7690538125751676        1.4459524699477362        1.3854449458070639        1.5346824402134684        1.6804548748293899        1.4020247320736483        1.6668794398416138        2.0651008556834318        1.9069851719356212     
   8.1049867297544285E-003  0.37439168558186464        8.5169300975364709E-002  0.27581009495243897       0.31361725963022402       0.30755328259718190       0.31728995140429123       0.33435118029823668       0.48174335877733565       0.49675754317774651       0.40629364031682186       0.26546045162902376       0.34720524772136813     
   1.4255540324231366        1.6865560298821294        1.6654922091106155        1.7916335843601914        1.7428330446259941        1.3750109364724383        1.4076210766857555        1.9125033373518388        1.8774242725437618        1.3395229101046029        1.3242532147732049        1.7706921474651733        2.2757500360474201     
   9.0254492038047696E-003  0.39151267298396603        9.3952316617219617E-002  0.28866086561469623       0.32916616731394632       0.31571910396517838       0.32975767329592659       0.35067217874114393       0.49235259550141597       0.50411896653015897       0.42094941728699481       0.28451940684437593       0.36503215988439047     
   1.7011113350585001        1.5323164700084384        1.8478091118249433        1.5414455268701006        1.5296134754284965        1.7356948318139223        1.5575641743742794        1.6062862839837531        1.5259069690148794        1.5514163876656997        1.7891806691236674        1.6580270760059697        1.7174847589967916     
   1.0022033735974925E-002  0.40725769556731889       0.10338261651816708       0.30386435250104055       0.34481710501820778       0.32570616648322437       0.34193951627483460       0.36800992942496674       0.50266696093776897       0.51109305332667654       0.43657855682096441       0.30321047844145227       0.38079595702233293     
   1.3655407030606406        1.8723513778516581        1.5527254811306068        1.5205109994808221        1.7023463868185813        1.8271343082345817        1.3743891043917376        1.9586552165979949        1.5087640116761218        1.4440505354785012        1.6823261946505124        1.5693398344641611        1.4915981436222723     
   1.1097292402069027E-002  0.42133463687709555       0.11235749296570975       0.32376669224616322       0.36035382854702802       0.33651282138281946       0.35644040036381408       0.38454750892569445       0.51364336697562818       0.51849810640407967       0.45146292490142576       0.32261967362682387       0.39523748494658439     
   1.6770785563743615        1.6387716691208116        1.6056431155038642        1.4689791021455239        1.8865477908774950        1.6203250946930643        1.3546928977102823        1.6691118473835813        1.7175759108072421        1.4379426605941108        1.6935734297377347        1.8190974659509143        1.5003749404250795     
   1.2332322709308556E-002  0.43684766485356208       0.12080688582995294       0.34450923399507027       0.37567783685011646       0.34558789966722570       0.37293856002685205       0.39946291034731313       0.52543788006437009       0.52592421562221414       0.46601150698928939       0.34098347005646923       0.40860985749639345     
   1.4574692946520045        1.6702540540891513        1.5722403630373996        1.9279054256081809        1.3233471250946449        1.5296323805592855        1.7464682224217747        1.5416040961680189        1.7308582718082752        1.7383092386346009        1.8864907365229004        1.6606766818872336        1.4211797573444993     
   1.3807942897648291E-002  0.45144248776024137       0.13028502488537214       0.36327623732716297       0.39011349656201261       0.35347195778474999       0.38772539114889765       0.41461677968525895       0.53694222743368425       0.53351497076631060       0.48039990664879434       0.35950178501399427       0.42109545694560357     
   1.6618447716773117        1.5574675200599879        1.5705876160763657        1.8481788497127591        1.6708443438190186        1.2951759718930875        1.7295031897746065        1.6718925286779556        1.6781880040279400        1.5030168001479725        1.6535143178923573        1.4345360437882040        1.2429947399104464     
   1.5565505588160070E-002  0.46743213549872159       0.13941295859493402       0.38228794552601503       0.40484346426694412       0.36168980220195490       0.40208042232307589       0.42972966390320327       0.54768101345960873       0.54097268717269609       0.49363528295173009       0.37842114692929002       0.43313370983306398     
   2.2776441339703850        1.6441724197116145        1.3345808990157737        1.8775391515035946        1.5675381815921128        1.7419332411976285        1.5729468854068902        1.7104001414994197        1.5135009135025301        1.8819454045467050        1.6526758004780095        1.6856694771855161        1.5034068751578922     
   1.7639724809272193E-002  0.48480126179450100       0.14950113874660792       0.40195911171001664       0.41963996879392834       0.37203771258446544       0.41665575810728878       0.44422498273635225       0.55797436342185081       0.54786023394527728       0.50801376135950871       0.39675103708179532       0.44621712512131745     
   1.7804025337965455        1.3836110284358352        1.2637451797469488        1.8431204055554173        1.6615231976656184        1.4387097815206487        1.7469642771180669        1.7448953255363957        1.7754154872727845        1.3711188787904758        1.6203092454122987        1.8874467244343194        1.6877456037501095     
   2.0039509049357036E-002  0.50245306023432612       0.16061453982648777       0.41998647805828354       0.43418719929913768       0.38339223352532165       0.43206272183491590       0.45812684394367442       0.56770562142821834       0.55414055739917822       0.52299719498268726       0.41367028063336420       0.45981592145310279     
   1.4783565049672889        1.6966154817800156        1.2919720609353054        1.7748942941636232        1.5761480233982668        1.6369318627112255        1.5757821781314094        1.6512767152527186        1.5373755994629028        1.3506724454161914        1.4222270127720524        1.9594305006594503        1.4221995987807019     
   2.2795988239671647E-002  0.52050971448414174       0.17217858749207077       0.43657444549383995       0.44888192454935888       0.39526062922638566       0.44771199268281664       0.47156172466933577       0.57669664589096503       0.56027519216729682       0.53831231337987384       0.42997890711510478       0.47298838551461703     
   1.6156398764511584        1.7739327883102007        1.5083219981543532        1.7336227925012855        1.6029503821898667        1.5898196466400147        1.4404285716794889        1.5272445305222360        1.6449447018211976        1.6297488954341699        1.5426936237064433        1.6685070316006039        1.8807759039275085     
   2.5824259225572441E-002  0.53724962327910797       0.18445690228336617       0.45356062944066811       0.46295447754647917       0.40667243494833166       0.46417817352362700       0.48554497251644235       0.58569294947226536       0.56653030538582627       0.55482665313371604       0.44549788140871860       0.48595552220458010     
   1.5583265485564854        1.7759053993591241        1.4309862380581235        1.6341464935325809        1.5250895446114110        1.6340028792393360        1.7795969288764686        1.7472221960712495        1.5878997281019280        1.7701277799729938        1.5194317824702499        1.4453952321720192        1.4139623811626383     
   2.9040839061548262E-002  0.55205218617077179       0.19680750767895322       0.47102353412888154       0.47613123694857340       0.41801894527569544       0.48075415669193011       0.50078458799420966       0.59495662910571967       0.57324851124804732       0.57105343404426068       0.46151008598288507       0.50038003506742312     
   1.7447131657778696        1.5526683504741330        1.7062155111433230        1.6873331443259119        1.5855491307142904        1.9543558736810538        2.0112733070856486        1.5714926979400148        1.4239870323201536        1.5829558904699401        1.6138088335706431        1.7266874792533646        1.5979182924015920     
   3.2853102599331920E-002  0.56684319836233810       0.20915258665947800       0.48906742544807780       0.49128211492024204       0.42959722375778459       0.49602066356762536       0.51745265142905328       0.60497594902030982       0.58001268168295450       0.58730843659205489       0.47676852471287229       0.51601187440696217     
   1.7189263178693479        1.4016432337041465        1.7669319703555972        1.7285634829082630        1.9084326679007495        1.6307332918049797        1.5831955745009949        1.9221642299852024        1.6249440520296858        1.4421454433256400        1.5102256831388559        1.3322087725040803        1.6078126658468370     
   3.7140760249408246E-002  0.58157004625017150       0.22168654787217262       0.50688980282578378       0.50826893900179948       0.44178105256431177       0.51118064125269325       0.53241070224087228       0.61587379556698163       0.58649045204101036       0.60392730992186827       0.49314532837731995       0.53237111112134083     
   1.7739985655920760        1.6173841645596228        1.7081030734607994        1.6553747242088033        1.9957655438261390        1.4136546678330388        1.4894920438116790        1.5300584285136791        1.7049256398784776        1.7803892057923831        1.5728223921922522        1.6781302122167494        1.7107909514920827     
   4.1801429630987735E-002  0.59695383839137417       0.23561784342823541       0.52394198182267937       0.52502223541351811       0.45430472528716853       0.52722151994358335       0.54786324696186983       0.62674808101108859       0.59292654512870158       0.62091568383509554       0.50873934400699983       0.54894108733025004     
   1.4551332691461640        2.1417884089895343        1.4171892859468791        1.6917282950432944        1.7709428581309670        1.7663832348540227        1.7213233537137198        1.5727881328715281        1.6610222159286756        1.5362474381568492        1.8075568006989506        1.6831892425807691        1.8081458076247843     
   4.6878274819718714E-002  0.61338909222394289       0.25144580180702714       0.54141898953416756       0.53991736866514628       0.46721492824537825       0.54368065982452130       0.56348761394294566       0.63722563493895268       0.60029647645513617       0.63880788670347277       0.52288326513848393       0.56578134251067813     
   1.4175670225230113        1.6764109776024918        1.9595851939655464        1.4215028820126143        1.6176905809848972        1.8570729822954088        1.7624205604782959        1.8586964959086822        1.6211124018975593        1.4649941936981021        1.4608828933971736        1.3649924712274051        1.6957437215537794     
   5.2481195425915395E-002  0.63008727320017710       0.26843356422929532       0.56003262827581202       0.55507742454352749       0.48033450327154908       0.56045236031489520       0.58066420316040102       0.64713431660303578       0.60776932059257627       0.65681137519559130       0.53771467306609622       0.58398001424194068     
   1.6380884464624679        1.6974991077518975        1.6266599822040120        1.7786569298745714        1.3211748870468898        1.8830483584272699        1.7697697903928356        1.5876286964466939        1.7603969268507815        1.9402887426566893        1.7075177888950797        1.4433660687174130        1.7046582673415991     
   5.8972556414206970E-002  0.64585812611633864       0.28597579682490065       0.57892529223233713       0.57231482141909051       0.49387659819553281       0.57786346660630417       0.59760539120652012       0.65693095182143046       0.61480947812600650       0.67395197230967718       0.55206326657001314       0.60132445144409585     
   1.4617720075037148        1.8946206159420798        1.7566378706390866        1.5393662618670101        1.8247963731121006        1.7817195548382554        1.6131779015827559        1.5856439738518469        1.6678191941016143        1.8105629066965330        1.7225391388032514        1.4452145221375918        1.7933951680598199     
   6.6055136396856687E-002  0.66049624342225033       0.30396739758071556       0.59803560078376949       0.58935188682635165       0.50837731070730852       0.59623919612362652       0.61078429427384218       0.66697487942394384       0.62215966300734826       0.69004742153057375       0.56594431587865934       0.61794191792864561     
   1.4954173915075444        1.7627068310400287        1.4834345926348063        1.8657193742983897        1.6842983268571121        1.7895628434061452        1.8970038994023486        1.4899473939926733        1.8818034603573455        1.4472609665823224        1.5312080648658746        1.6031808987354481        1.6141776054216468     
   7.2895424892412838E-002  0.67411378211628403       0.32203413659740343       0.61570950048150119       0.60556105530974058       0.52361010195641788       0.61379874684877400       0.62252745431274170       0.67755154432432130       0.62813393905183645       0.70656551252365807       0.57989316935110113       0.63409775146121283     
   1.2641741404768061        1.6235435976970074        1.9785321111115612        1.4408968617580225        1.8419173450165212        1.4672253389455430        1.7536931769361703        1.6557828333745885        1.4139200072540798        1.7243011641580799        1.5892497003017712        1.4877438377489214        1.4719552811082086     
   8.0953196912280020E-002  0.68661538686494861       0.33962516553158933       0.63385439592460069       0.62024225206754979       0.53884446397872043       0.62920758967255941       0.63462109533611621       0.68842196791196186       0.63333967711833128       0.72552235559531342       0.59341366271375384       0.64985092673298006     
   1.7008391106547465        1.5320784505203944        1.4322054472142161        1.6403040201347230        1.5753661200749713        1.8208574129455319        1.5436994583860058        1.4265583350178730        1.8217017398998463        1.5523167414366765        1.3676623547931002        1.5196344394185537        1.8362531358717973     
   8.9280361255818286E-002  0.69927429067529578       0.35624801316763666       0.65234750534243491       0.63489866750441815       0.55418206635485867       0.64502722771863508       0.64822234535951762       0.69946145169985041       0.63858861521812116       0.74394164251290962       0.60718268161508315       0.66617126243221825     
   1.3673882868547873        1.5659025731568936        1.4310064126149902        1.6018513334577136        1.5348712600740515        1.8697477757313279        1.5229912279350510        1.8429522120250492        1.5199776948224908        1.6494988038770160        1.7182783342807337        1.4494181540119893        1.3935815435561127     
   9.9243027156707228E-002  0.71277612843632010       0.37343294946055966       0.67233224889688925       0.65041742492268917       0.56996249920177433       0.65957841472287893       0.66154298472201978       0.71062768882156324       0.64439203119128963       0.76068730927100459       0.62048231711194168       0.68315981440452633     
   1.7141696037039436        1.5528378414362929        1.6460098264914758        2.0368410402208679        1.7228840855176712        1.7227374898195322        1.6207165938699217        1.6777882083839650        1.5394632989856272        1.5211982458048905        1.5476803379363220        1.3811742018221913        1.6016314404918701     
  0.10841266673100314       0.72664066400554395       0.39249232787135524       0.69107861626628730       0.66692760002932794       0.58564488226079614       0.67518370441131703       0.67475557583159340       0.72243171551509500       0.65072259272015132       0.77677526563948174       0.63391169974242878       0.70142372057743785     
   1.3769316996959793        1.5336658734680502        1.4600997702670666        1.6458356905082545        1.8271504019063682        1.6796351669563379        1.5159904554690660        1.5015352983450305        1.8609817568218328        1.6428875465673320        1.7496520020463966        1.3556789420802031        2.0396160390673157     
  0.11783400571161100       0.74074943704583385       0.41305814304692096       0.70733169690340070       0.68372207753785719       0.60043980799043228       0.68975308468885510       0.68939036089813077       0.73599785807859941       0.65689255981281203       0.79367620471677780       0.64713373777072491       0.71957086509102364     
   1.4368428931496318        1.5382819476551173        1.6036567072620891        1.6441563823102299        1.6797422995524702        1.7196652179979015        1.4848302024363953        1.2520810664381661        1.6003221185896166        1.6043374148858651        1.9391857653865912        1.5264045096574483        1.7141654161696178     
  0.13064597114780091       0.75517762384462994       0.43484868436483320       0.72339961057094537       0.70043873098122300       0.61564414237587262       0.70515211772441555       0.70529062498275097       0.74939919937453503       0.66307306847442860       0.81135314836977490       0.66045323165301795       0.73791833201458568     
   1.5700950848474864        1.3856063100750600        1.6418187337688122        1.4669673234852845        1.6220823725777727        1.6541132998077159        1.6943027558360675        1.5437198542216157        1.4740605257155734        1.6862156072625485        1.6822116418583293        1.4131807427132734        2.0174829862075452     
  0.14720251521685845       0.77081949147417017       0.45781658995298452       0.73961764733302138       0.71654938849425431       0.63038207122934264       0.72049824316375144       0.72066027556874312       0.76011754573815005       0.66939328768995887       0.82581124004246653       0.67385864497442782       0.75544176732619861     
   1.4438024851207236        1.6228333868837488        1.7415505642362539        1.5675890593943371        1.4613646525028556        1.5474444419711040        1.6713114838715748        1.5880803152799685        1.8005114308465888        1.5776191761837846        1.5446973974298319        1.8162657399359887        1.7866762371169991     
  0.16395125301740018       0.78693794582277321       0.48169777661273128       0.75560385070533986       0.73225397999473862       0.64644428837650703       0.73627784101727334       0.73722311213816527       0.77199263508881899       0.67604163209649759       0.83797488482159876       0.68690822175564814       0.77083028020727673     
   1.5916437683330757        1.5378274389696798        1.4626105274171906        1.5666935702996430        1.5249169054652996        1.7953977427334706        1.7232819466180909        1.7549362661303745        1.7554229852776846        1.5711362135718601        1.5068906874021701        1.5077295904265291        1.4643717968541186     
  0.18282860639689158       0.80184101697541899       0.50611160795325139       0.77071897633606157       0.74812334970927585       0.66266783290705000       0.75176844809073162       0.75559904802171296       0.78258512575355510       0.68257221598500240       0.84991257685687838       0.70094538785049654       0.78618899986838675     
   1.4619365685660783        1.3861633594024179        1.4374563967793113        1.6522734480282795        1.9675076390873933        1.5772388342349264        1.5768342625236800        1.8226080139843088        1.5733022958299070        1.8655876215349061        1.5194230750531112        1.6045346466677810        1.5179932690775857     
  0.20527145006675848       0.81590034649619803       0.53136066022120820       0.78541395350610499       0.76521358106597270       0.67828377491257319       0.76651633530867835       0.77288005662906500       0.79304200533539726       0.68895233073407280       0.86131891808734329       0.71681944337612014       0.80132036571445353     
   1.9729088496856155        1.7535765945710864        1.2923812359622353        1.4924853263746920        1.8973847229598639        1.6175886673328839        1.3928408986945666        1.7893464408899871        1.5265842966837917        1.5826224106001554        1.5498088952272895        1.5325059676531918        1.9342488661332611     
  0.23100634750449578       0.82848417171484046       0.55576375078904661       0.80027629453830629       0.78216706747821341       0.69228266813315342       0.78147498259828541       0.78867137178622737       0.80661476165458412       0.69515314409238294       0.87359714999958271       0.73495470243710748       0.81806156400824337     
   1.4725818411941822        1.4021366222979712        1.5161997517569503        1.4137394495702200        1.6231803926643229        1.4258309895576953        1.6675875374247435        1.4319204169808155        1.7404177456700805        1.6317536216139268        1.5700361977407549        1.3682836348090106        1.6099638506554987     
  0.26812370127040169       0.84101989154659462       0.58136486972401247       0.81512668428119595       0.79861899970403694       0.70455006493349182       0.79697253746547714       0.80424881672993476       0.81808733419222202       0.70139139837763542       0.88611679149052769       0.75131349956817295       0.83513523628256914     
   1.5979677096674187        1.3615142942389042        1.4019248105690030        1.6998250034938183        1.6773697250033437        1.5991550587547192        1.6400461225192000        1.7693498601316751        1.4254664817571245        1.4730354599704991        1.8425019003574581        1.3543831738158634        1.9928490382936590     
  0.32712813393417223       0.85113678369955736       0.60963598120415718       0.83136318689018007       0.81643708522904102       0.71919859002909292       0.81284182065416188       0.81851192793678984       0.83060497731138416       0.70811328114863514       0.89771442168359605       0.76904229711032879       0.85109531939187799     
   1.3964054483258106        1.5021605541387262        1.4383803545215115        1.5657099123166724        1.9800196773187764        1.5123240522592902        1.6685983295203390        1.4321735303006935        1.5328894412795580        2.0760181430773423        1.6650412231983340        1.4220277070698240        1.8402023197484922     
  0.38996044655088874       0.86430569622000086       0.63927867165362762       0.84803662014192649       0.83419732925614054       0.73452601937198692       0.83022838434983248       0.83227680290109274       0.84377319043573029       0.71514174565269717       0.90821580256198664       0.78891790460283673       0.86653612151495230     
   1.4461401637586475        1.3606645895431881        1.3901471034740247        1.7056908593589855        1.9666252890987785        1.2876576106639457        1.8494651575270771        1.6879872981228201        1.8668620297222522        1.6543032311911023        1.7333943811635195        1.3204806576440855        1.7941005693045751     
  0.45358350086997540       0.87805775655287599       0.66855644739788700       0.86442328058149831       0.85240278825194782       0.75196267013523066       0.84845186989040577       0.84546512666581064       0.85675939495780085       0.72220385135847409       0.91888911562031950       0.81231266404969360       0.88177749019088592     
   1.2733857327255431        1.6752790292204001        1.4136749053940620        1.6878753674685887        1.6062680883502012        1.6721684638225414        2.0749535077879933        1.5772658085328155        1.8584952782755488        1.6747001669797559        1.7926493831252228        1.4721956452641531        1.7030221664194289     
  0.51258360626084076       0.89284961805215080       0.69575216543061036       0.88099275399152677       0.87090374622215883       0.76988451855641304       0.86536883411216858       0.85944787261995725       0.86988395187722523       0.72982770879216985       0.92903920580914690       0.83574868496564769       0.89645705667899556     
   1.4625259896213920        1.9996327848811251        1.4797232233102247        1.7037159277676044        1.7890723577053111        1.6745480344441843        1.6625086738070112        1.5346278958539206        1.6661093266677227        1.7770807383524092        1.6698529158903903        1.5412410844125526        1.8132592328586974     
  0.56547846150970571       0.90731613262822286       0.72391976502775313       0.89768472285122825       0.88888735854028167       0.79008673975666399       0.88075257691927811       0.87523796657849351       0.88310073322653670       0.73852736889387571       0.93871841859170313       0.85857272749517000       0.91022668329052214     
   1.6231395589988493        1.5162766922789701        1.6574926688980420        1.6621194819430629        1.6179993614461827        1.6960666470236001        1.6468041055488871        1.7604752815962574        1.6262393563688606        1.9994616100680944        1.6450840472185224        1.6181978986253582        1.4202678279560546     
  0.61683351556473454       0.92216425504785404       0.75591972071069968       0.91427839634877628       0.90583310520766858       0.81104603720173418       0.89527378090459431       0.89234968640694412       0.89574030923360226       0.74843835126403246       0.94825112276167345       0.88060840476215840       0.92217812666184085     
   1.7294357812468588        1.6603827842789651        1.4407139133630069        1.7681005000668053        1.4951501993737666        1.9986678515433010        1.5690910264610283        1.6273918139219745        1.4272017436050408        1.5236366906812389        1.8271122946944114        1.5997145539392532        1.6097436225072357     
  0.66282079722720000       0.93653087721422901       0.79023169178327490       0.93089043909614744       0.92184960923574688       0.83147941524279789       0.91001237576339811       0.91244008086328521       0.90893588055697561       0.75905951959049400       0.95741975809429547       0.90194584629026242       0.93421154575960830     
   1.3743511452043904        1.9697111883877030        1.8454750043893720        1.8457220285184317        1.6764401130014344        1.5635554539930558        1.9789819542457032        1.7530636570865663        1.7158980852425043        1.7788784263609239        1.7589199896717995        1.4051107281223365        1.5910889410462392     
  0.70773233968153282       0.95063610336946014       0.82472571089425095       0.94661017898747501       0.93690029258670704       0.85303703805834319       0.92793794261882301       0.93103440620830913       0.92254151899861803       0.77143342461293307       0.96616983638909526       0.92359235973097054       0.94657240978556623     
   1.5490556712317138        1.4970691396047600        1.5564366549315909        1.3618801471821491        1.6797869131576602        1.7978201020312017        1.7970113597945401        1.5862540190414050        1.6263454117543250        1.8970223545838985        1.8291827471354811        1.4625684894255906        1.4864717569230417     
  0.75187668508706074       0.96523722363463216       0.86599029397750260       0.96193892912582235       0.95130015741035923       0.87624047076252520       0.94789211998546274       0.94718261744652144       0.93757876032459808       0.78752706040868670       0.97424976435405264       0.94387896969217822       0.95971683506298022     
   1.5888262764559522        1.6586839744761832        1.6390727691033695        1.5292539505989919        1.7114222882581867        2.0721619523742993        1.7519971359657984        1.6451916033939158        1.6533226338275619        1.8472937125145501        2.0703607891489484        1.2675092528014051        1.5358622456835063     
  0.79657217393488611       0.97915420074628889       0.90768976141413094       0.97601498584019253       0.96625607671960667       0.90714584460058101       0.96577708624444092       0.96465917728577044       0.95361762175900322       0.80687712202795625       0.98257147499545905       0.96335773220599497       0.97222358541972653     
   1.7010519781901765        1.7936037428690719        1.7104053772105841        1.9103856342113508        1.6433213577817918        1.7649594340390649        1.6681657471852112        1.8279868134900525        2.1186483989041029        2.1907213882328622        2.3416685567513080        1.5694986108026221        1.3970149093440314     
  0.87066974658090590       0.99011756939924211       0.95475733741595614       0.98804320054711459       0.98305459617943425       0.94841240761181012       0.98235299569759105       0.98187326353645765       0.97415800081909143       0.86715447938077328       0.99098763415981261       0.98180827132499049       0.98608477503534830     
   2.0064492970372094        2.2403138938052125        1.8842796822234980        1.4304779856126077        1.6029553330531228        1.9684630856305281        2.0068025117085844        2.0423317163865349        1.6041112094671433        3.0369259006279523        2.2224905592237714        1.3563395663684461        1.9344911158912323     
   1.0000000000000000        1.0000000000000000        1.0000000000000000        1.0000000000000000        1.0000000000000000        1.0000000000000000        1.0000000000000000        1.0000000000000000        1.0000000000000000        1.0000000000000000        1.0000000000000000        1.0000000000000000        1.0000000000000000     
   1.6932791255160498        2.8212935581649643        1.7531760927945510        1.6017436079824023        1.6250138900587889        1.5837767494212360        1.6873758425041465        1.8803484811389812        1.6141923258709816        1.2507930878058102        2.1922951736898950        1.4813431316864643        1.4926692550201048     
   7.0882580385815332        5.6078611603756787        7.3928360351356099        7.4039680734675546        8.0126315416087994        6.7852703619418255        8.4039521668270041        4.5551265197235145        22.466359511044320        8.7719530361859945        6.0842477852262071        3.2758463353776106        5.3060713990508006     
   8.7879478335922787        4.4074187724842657        8.0644820664493668        5.0611652364261381        7.1580962664412757        6.3115035666044728        4.4739331148347636        6.6837880305270758       -3.0170664465657118        10.675176950182161        5.9645430628601979        6.3661562343281117        5.8554158872499977     
   6.4066492720581927        5.9691477594903066        6.9185809162249896        4.8344128864478897        5.6991845304094380        7.6130307142716767        6.5833445997192168        7.9305653841275312        6.8107553289291003        6.4014821679539375        7.5647683150580090        6.2267157485694575        6.7466404739500367     
   3.8088534264928606        5.5963798920679508        6.5538078953948409        7.8805832434246676        8.7394751681400251        5.3749330812977210        6.8321748708814836        6.3849571260202369        8.2120635159440525        7.4559259551834023        8.9075717524330251        5.3383567256674631        7.6551394254328073     
   7.0208127345733162        6.4887118079897990        6.3727121746402560        8.3111684268066259        4.1725720007126910        6.4010842659334424        6.9049551362433981        5.1225222417933205        4.5068168721791064        7.6937263625625976        4.4162786706778032        7.4273082899154952        5.9224353005997736     
   4.7031846176183789        8.2188829254126290        3.9267362241556309        7.4220664873364903        6.7593568077818409        9.4561889105068282        9.4652803813929118        8.7935659670907107        5.6044760201054729        5.3123926305414981        5.2163470551784945        5.8197743334732355        6.9811818670659846     
   4.9078160904799537        9.4157069858659810        4.1812641382557985        7.1182223453809250        5.7992006869027621        5.6764006281668538        3.7966712309805710        5.3157815119687903        7.8509362009142212        5.4482566841551394        6.2460872800109604        7.4855668457453897        9.0726672123875165     
   5.1219648290499409        6.7850365366292156       0.67161516563935297        5.8234429941301444        5.0177023265366545        4.7062174774971410        7.1558072037324125        6.2482143012385754        4.7238169125181786       -5.8352368286662877        7.6545065688102030        5.7956215685472898        5.6458485730301016     
   9.8422639346440679     
           1           1           1           1           1           1           1           1           1           1           1           1           1
   2.7548397285711665       0.85518260113603239        1.0282511064631035E-003   6.1937772950174308        4.0116022442119405E-002   7.6821692396874592E-005
   1.7322651352043378E-002   1.3493226013015466E-002   1.9325337631077486E-003   9.7732727790425800E-002   1.9324025698319279E-003   3.2527979203086161E-006
   5.0000000000000001E-003   6.6977157702546357     
