   0.0000000000000000        0.0000000000000000        0.0000000000000000        0.0000000000000000        0.0000000000000000        0.0000000000000000        0.0000000000000000        0.0000000000000000        0.0000000000000000        0.0000000000000000        0.0000000000000000        0.0000000000000000        0.0000000000000000     
   3.8088923795980012E-004  0.28706503869476946        2.6227664614269469E-003   9.6280830410876653E-003   1.3872031695683518E-002   2.8555609515494559E-002   1.5087812527431656E-002   1.7023462789120907E-002  0.51735073830974743       0.20420381625373865        8.1592451663096976E-002   1.6855603161928072E-002   1.4136844307024722E-002
   1.1627715102254081       0.94549732992751823        1.6036228201378782        1.2969853976861572        1.0851713651568151        1.2286050311956691        1.2385680293121255        1.0019241079674908       0.87404715494058960       0.94186329399042945       0.92167240259850947        1.3243394503548260        1.1849455861710938     
   7.6063720583901184E-004  0.44418955746212724        5.2149303875693174E-003   1.9155965447432352E-002   2.7779178443517714E-002   5.2204171304418033E-002   3.0046349195793239E-002   3.2744465940314611E-002  0.60033815300436133       0.25786115279401567       0.13696449358312232        3.1018191051080148E-002   2.9592862379045726E-002
   1.5007427483508775        1.1872120317935706        1.4190582573095381        1.2226671220582874        1.1376000837715796        1.5067747649709882        1.2293316062809116        1.2423942085478725        1.2199016760198136        1.3799840979653282        1.1938372314706103        1.0514680706557504        1.4464806348985959     
   1.1225705546733097E-003  0.53888096760805271        7.6491201804962765E-003   2.8771193129872683E-002   4.1911144797386536E-002   6.8453545052161974E-002   4.5166268993555983E-002   4.9541869040901104E-002  0.65238028089442268       0.29075821339369723       0.16720001929340825        4.4461725871582557E-002   4.5095857833820328E-002
   1.7021861992817184        1.1128891057349499        1.2456760584913724        1.0902795253234603        1.0464054155732050        1.5806725171265048        1.1055855602144407        1.0152736851384061        1.1132555479135358        1.0567740839049105       0.96195613871647567        1.3503440378867984        1.1704453121990530     
   1.4747224475503539E-003  0.59734106346990534        1.0103809879213579E-002   3.7683422306037231E-002   5.4557861589347181E-002   8.2992418747024968E-002   6.0754816595900672E-002   6.6780851861289639E-002  0.67659220291986055       0.31587694380563058       0.19297660581780840        5.6470537188244685E-002   6.1736462157157113E-002
   1.4099250343777117        1.0056818133918171        1.2211426117889879        1.0513670597358931       0.91162591929408177        1.0813701753093736        1.4013576211454697        1.5784154264548755       0.99097243024969184        1.1174925131797337        1.1496105941401296        1.3033100692247770        1.3863020305273230     
   1.8518880558294152E-003  0.64856910772231158        1.2666754996419408E-002   4.7235518075187902E-002   6.6375339179682996E-002   9.8738021300280462E-002   7.7561763241346046E-002   8.3246866728393445E-002  0.70319469577949478       0.33580572828238203       0.21631224808461533        6.7900950301133398E-002   7.7677937581241197E-002
   1.3318181945765211        1.0198714111233329        1.4613699591336788        1.1539686442297856        1.3479339060430970        1.1335723968826799        1.2478855452432911        1.2593569555138231        1.1826230197829426       0.94823043347123359        1.2110766974612983        1.4932388903600748        1.2988898642946074     
   2.2804156524499652E-003  0.69345715394555751        1.5221793203188887E-002   5.7203248639003584E-002   7.7354278436516849E-002  0.11359300752140349        9.4063518265466883E-002   9.7800648863114195E-002  0.72904721882441070       0.35053637516728259       0.23717638864934582        8.0448451681108479E-002   9.5842155077947036E-002
   1.6728641653048455        1.3219219759618415        1.1827304549131341        1.0390112935496914        1.1409412876742235        1.1662183533689143        1.2378908663389225        1.1910252751306187        1.1955111206461659        1.0748166772266667        1.3195400716490167        1.5200989658164257        1.5779692160382186     
   2.7438648600618606E-003  0.73002321237706702        1.7761316501045850E-002   6.8432654748590380E-002   8.9505198317506890E-002  0.12746339546099897       0.10966383811068015       0.11254895417331055       0.74915648887236996       0.36358631536001279       0.25629138785461736        9.4219057281587429E-002  0.11403681968133446     
   1.1860667278266568        1.1848124345689262        1.1307157685902398        1.2865467238291235       0.92483100027186249        1.2097447268053010        1.1133197527517824        1.1862869129786682        1.3923323242734245        1.0321410951150707        1.1396572268452605        1.1763981629423896        1.1980561443242574     
   3.2588684403582003E-003  0.75614987193380545        2.0420559970447196E-002   8.0477515605653610E-002  0.10287366642473060       0.14109832450750093       0.12654224654634114       0.12742877156815052       0.76653138882956318       0.37683879960385785       0.27216540990762894       0.10780331606538747       0.13073385237033658     
   1.3451452166485205        1.0044669505056618        1.1735953241260879        1.2684363419935751        1.1464737954239244        1.0307531510959962        1.3011565440489574       0.99257586191864000        1.1651051843615794        1.0446420490100272        1.1223950943979517        1.2707996130403130        1.2059158397663692     
   3.8914615795547975E-003  0.77858745547192854        2.3181366639458075E-002   9.1571154723219236E-002  0.11785434511891284       0.15261458884593626       0.14416070766722111       0.14316367851736597       0.78194017551879136       0.39090362721242378       0.28709035807763966       0.12091124623608981       0.14632044140179606     
   1.2985401968847066        1.1865174219157686        1.0043367889456518        1.4738883883606502        1.1066551416394916        1.4394236391298496        1.1983326540799475        1.0907935318482729        1.0886710905062804        1.1282924269057995       0.99393876782376633        1.3912183023713003        1.4081341157497178     
   4.6643867362854106E-003  0.79805346617619477        2.6224536602829408E-002  0.10218342594443638       0.13470038126038597       0.16459289610038083       0.15968311232994190       0.15803501384388610       0.79605279175343790       0.40399017878126853       0.30153514633530815       0.13392220648113679       0.16285821682573881     
   1.2634050520576714        1.2911120236792324        1.0596653678004788        1.2135074795494238        1.2428535481155059        1.1880833607788088        1.0828341782428117        1.2086909033940338        1.2055032234415268        1.0566731922955215        1.2741869973059063        1.1388935439115002        1.4004135113077323     
   5.4881480695673788E-003  0.81442883471615124        2.9759272185907851E-002  0.11241404108066440       0.15187024858260620       0.17592517898664514       0.17193913268207642       0.17245067680436310       0.80792137783637852       0.41701318035382251       0.31610095961763807       0.14686950590985809       0.17912973289854603     
   1.3129125254030063        1.1557658062001614        1.0433584245351148        1.2025354918538225        1.3172996954671508        1.1090676470172718        1.0026782197963893        1.4698913814866883        1.2635582997788692        1.2853465858070028        1.3341960701049149        1.3662736796795105        1.1770794810488887     
   6.3363232357683307E-003  0.82846243409289222        3.3693095358342556E-002  0.12215303122695118       0.17010125270904008       0.18705111779307956       0.18243878486843343       0.18705571338257873       0.81796790991674473       0.42990420547355340       0.32940710378844762       0.16009704677972858       0.19497847834379833     
   1.0656479395833265        1.0884465164284318        1.3792993449630515        1.0305930189885995        1.1111333835362147        1.3728995896817209       0.98247298790008353        1.2039181053363643        1.0044849058400427        1.2129315385249446        1.1914177794366991        1.4545392068682474        1.0899909178553795     
   7.2444490046735532E-003  0.84024575078261976        3.8098211931254747E-002  0.13432617552324572       0.18749205051469267       0.19779546404911250       0.19336757392819431       0.20218255749783359       0.82696874663837849       0.44083178526851707       0.34107505589172521       0.17226050836384785       0.20906456306580454     
   1.2652905923297744        1.1237269668437910        1.2111763002536595        1.2572165983973573        1.4079843965686427        1.0843997048296530        1.1106469792368909        1.2464029900730575        1.2759181129481401        1.0753183568636435        1.0472253853744653        1.0115984315501578        1.0698405182925890     
   8.2770206894167697E-003  0.84979632221944668        4.3316352141382457E-002  0.14860945774293652       0.20258396306790477       0.20885148861163885       0.20684678597674519       0.21698979273084609       0.83584712635318947       0.44997089149343961       0.35308556634092558       0.18430384631588509       0.22305313042850214     
   1.1034139566260537        1.0994593460010069        1.1749447932648203        1.4939708999373689        1.0218896834033886        1.1913703544210523        1.1351690315800909        1.2520177764467917        1.1708389585967744        1.1162787758473207        1.1811820537215867        1.1525030407002985        1.4278035001436589     
   9.4290319407370725E-003  0.85803702438340190        4.8145572409793176E-002  0.15989972650507958       0.21641150224631633       0.22067790741611287       0.22089360949063055       0.22985014245974850       0.84399072883295179       0.45908394645248701       0.36606676761400592       0.19650926718151962       0.23870385831872404     
   1.2506641987796565        1.0819324244357196        1.3029850563505816        1.3523322041157591        1.1326654796757167       0.98279262387923383        1.1117918459336686        1.1966796306205234        1.2180861373968033        1.2484646339515446        1.1655528358332825        1.0030256913311066        1.0887557918986226     
   1.0678732260545878E-002  0.86621051612547673        5.1692539292143368E-002  0.16941309059854032       0.22981842383267748       0.23135691785035276       0.23540382350999450       0.24355578827609889       0.85125854469308970       0.46834040196810850       0.37918311176376418       0.20856383640343557       0.25454191188913267     
   1.1874008481223792        1.1483903606175043       0.92462973688690375       0.97240497146398897        1.2531983069296706        1.0831807952765939        1.0685340335336966        1.2358994738604556        1.2462719975794285        1.3347729636531043        1.4510076979055457        1.2558234234474777        1.1014598875403405     
   1.2201868118035277E-002  0.87441350685921659        5.5297376891157518E-002  0.17888116797547415       0.24273835829115650       0.23975350355835376       0.24910522763565132       0.25736788732831400       0.85837109669899447       0.47714041661813750       0.39109934623939807       0.22538878879683141       0.27073721105989429     
   1.2315940713722200        1.2429958206635430        1.0571283494802570        1.0626429012343130       0.97846464058089355        1.0008636180311672        1.0939586464497366        1.1778648916075551        1.4556631512506670        1.0720442673490775        1.0880792440061027        1.3805804162333222        1.3681033444223067     
   1.3737812571134551E-002  0.88157095660845619        5.8760585363624551E-002  0.19028088130285117       0.25430160036788058       0.24824136312571071       0.26251717864857088       0.27162987758946872       0.86521422280813720       0.48488380557389610       0.40215486901288100       0.24530336540077585       0.28770564578153002     
   1.3992278152074937        1.0225212715760887        1.0594995623265115        1.3121913398381528        1.0908659427510392        1.0718921280208045        1.1221743215201256       0.98833740975317141        1.2309795298842698        1.0819559412657360        1.3118002646010785        1.2906906535640517        1.0219723553079441     
   1.5939904344502896E-002  0.88759837194539704        6.2989139507856784E-002  0.20205751566883950       0.26632912964652761       0.25785733187995574       0.27637805312891150       0.28719199933924300       0.86976347175271218       0.49218000520427224       0.41349133023960988       0.26221723497363336       0.30595803724779513     
   1.1111473249066730       0.96914553793967961        1.1230295684858793        1.2099261979707800       0.97240497146398897        1.2872752420341320        1.1199172660064844        1.2007878335607809        1.0738455367477355       0.99727551645312662       0.98663785240499291        1.2407225386123901        1.1842221742511962     
   1.8078950124043657E-002  0.89360459012782922        6.7736674368855054E-002  0.21426634304372266       0.27776590277622010       0.26874074591789654       0.29020432643419003       0.30271364745382273       0.87448046383288192       0.50001013370598946       0.42418936759329545       0.27609309403661642       0.32264477948670861     
   1.1037052677245360        1.2308560307408705        1.0256336555211605        1.1155923864466744        1.1275221367634773        1.0155716274464182        1.0946099413569252        1.2140787144491103        1.0002987722777577        1.1251412995741943        1.1615007147575085        1.1821091317417709        1.1286207538815130     
   2.0829616772552878E-002  0.89912145971009794        7.2812818796546955E-002  0.22632231367793035       0.28937015212236278       0.28094914042478747       0.30366502532710521       0.31796535061942388       0.88004444722609410       0.50940069451191206       0.43475494366003620       0.29170514998255909       0.33620907252296300     
   1.0599489340100618       0.96629167316514730        1.1770754317453851        1.0139374111528212        1.1414499605966422        1.0541997736663176        1.2942255573767862        1.0775366780727467        1.3516395566264912        1.1776715031061133        1.0245032976038067        1.3417338785612438        1.0307509011329690     
   2.4286359691673663E-002  0.90446250261477712        7.8201512861431774E-002  0.23800428462180678       0.30194407794202699       0.29276746481023785       0.31915961331169690       0.33304596714162105       0.88490882280265082       0.51891655351277066       0.44562404543546158       0.30825154876647115       0.34895417196274381     
   1.3525913337971365        1.1743308964442387        1.0455720734360576        1.0462828546299578        1.2564596169866178        1.1340873826547955        1.2078143423091177        1.2576702387525616        1.2195075593631945        1.1956888323872239        1.6250435520765940        1.3045645988614818       0.99788377466641409     
   2.8299990257818888E-002  0.90852300393872054        8.4150949003087255E-002  0.24976737773030558       0.31447751475391561       0.30511202885024274       0.33621022548995910       0.34736419851713379       0.88959245271133347       0.52815636449978653       0.45672145907065059       0.32524365758360158       0.36337672736271909     
   1.3688064171090846        1.1289668031065603        1.0433109002315675        1.0336163687146434        1.0715739045901358        1.2795565316787443        1.3886394672733458       0.95709169882459644        1.1348127576688847        1.3731874040101206        1.2081147540209090        1.2054677183518903       0.99445742408604410     
   3.2522220784244341E-002  0.91271238102492502        9.0668113843601322E-002  0.26160753779289508       0.32685917281336380       0.31977871436707689       0.35274531993763997       0.36221898526444529       0.89446871766775116       0.53732442609921427       0.46813712815166403       0.34250569014570736       0.37748826936339547     
   1.3286368405559985        1.1274123270422594        1.2045606783291218        1.1079194488630304        1.1373293766197217        1.2491806372237111        1.3685906039745241        1.2513984338324526        1.1908907169180432        1.4453654990046854        1.2036627344974673        1.0447849690470676        1.0272287018080406     
   3.6844170049963029E-002  0.91680326353313790        9.7137691648040897E-002  0.27214202410013449       0.33712572198651358       0.33388425196827987       0.36744229381028465       0.37793190636533491       0.89923487379774758       0.54568142414747933       0.47959001892347258       0.35911769808205851       0.39027553946200150     
   1.1696743393857703        1.1416250890602748        1.2045080097317076        1.1035540696467936       0.94595641599826674        1.6158454213478748        1.0479736556156465        1.2040149980943546        1.5121566658886849        1.0211097597490810        1.0276025195677680        1.2048980333255066        1.2881969770363944     
   4.1356649320262277E-002  0.92025747089813426       0.10538154721999415       0.28418177753675944       0.34810089233191688       0.34714015535922926       0.37998167151962542       0.39185529016931325       0.90371769357498344       0.55338103552910867       0.49156654889707940       0.37372602338634070       0.40555308673131002     
   1.2136121468395513        1.0260571241336611        1.6954065184436096        1.0347463303882432        1.2303532758388693        1.1793036314252334        1.1566966763373849        1.1444660384528893        1.3107555210323298        1.2009622437269767        1.0729341384878981       0.97318416870980262        1.2433341098867501     
   4.6248073514095919E-002  0.92339081816417545       0.11394094220345163       0.29779736983163924       0.36131502012399686       0.35966333342535789       0.39178834625656123       0.40288078449788167       0.90775128233999536       0.56109519809643038       0.50303978872947075       0.38978982633399328       0.42260017897803448     
   1.0445887987087632        1.1417420818662509        1.0842390777126978        1.3703183541342814        1.0129874291632524        1.2264772449238330        1.1061648683829222        1.0895973848960181        1.1762989216045745        1.1636813463530229        1.1637396538093663        1.2037940244495080        1.0848142247269181     
   5.1905422637350908E-002  0.92707766300736283       0.12222156174582637       0.31094354451657163       0.37417960219101931       0.37221918619819105       0.40379029506003788       0.41338932332350498       0.91120837726975212       0.56928741819977458       0.51419267825680215       0.40592939554796581       0.43931387021885632     
   1.0913724467303323       0.82866445407129885        1.4724703381523130        1.3128161871314532        1.1975087821216517        1.0190283033621974        1.1408340458751838        1.0954909372688970        1.2572322369257902       0.99769850145380645        1.1434727428610389        1.1522717290257298        1.1447597450828413     
   5.8765442288303417E-002  0.93122013906628132       0.13042556550591955       0.32418808593136994       0.38658870616255803       0.38478200457666645       0.41658201231982950       0.42326243187932999       0.91419282390512380       0.57816202976683173       0.52613838818990466       0.42172615364403659       0.45441283717528708     
   1.1145448816191090        1.2327181260893265        1.0945339203491617        1.0220684881713855       0.97240497146398897        1.0306163195156952        1.2262337271954484       0.89567913677177202       0.92134817253809298        1.2919190477248785        1.2146968365631314       0.98450487503337436        1.3018159681069352     
   6.6799921024461612E-002  0.93542090921431575       0.13857966933617918       0.33905245570080456       0.39895790238559248       0.39729276034336597       0.43027089492965581       0.43596640707650952       0.91697456452516135       0.58750480672969763       0.53944790201039161       0.43727227762271220       0.46768784286810794     
   1.4022962882822261        1.1883689647517013        1.0500068610733826        1.1763765559830368        1.1116503591574982        1.2654102080388505        1.0425557842409130        1.2121192329981538       0.99647803442406468        1.3517560573031695        1.2484351072040194        1.1109093086194155        1.0717892943519491     
   7.5547331565516171E-002  0.93920172831042925       0.14677957949656986       0.35567068477921998       0.41237683795886121       0.41010886086770115       0.44528339160024655       0.45132813824459944       0.91994905290276774       0.59676184566792190       0.55249639841804232       0.45276633940272260       0.47821138055000412     
   1.1822543064149562        1.0878815648719322        1.1340125272403561        1.0965425381010676        1.0501125235363158        1.1691121636253228       0.96698250978143241        1.0796203263115329        1.1363116319105855        1.4156873485369355        1.1873623222151823        1.0333922985362756        1.1814238446788428     
   8.4433512402137353E-002  0.94208083869475145       0.15463114692148433       0.37269665145389980       0.42723264319495180       0.42383955391694922       0.45927781568560361       0.46689560110269224       0.92283580630728201       0.60562607746375208       0.56428889567706242       0.46904134902499428       0.48833845632061862     
   1.1737397491026818        1.1219982713669248        1.0664690863079005        1.1248101249060938        1.2811084635594274        1.3590734345014261        1.1657677088764935        1.1002896488441600        1.1090494402192870        1.1538137171430325        1.1514999254332521        1.1500835272765302        1.1217611507568308     
   9.3177279732916063E-002  0.94469903278237666       0.16281480438646448       0.38958452909069985       0.44316113647664912       0.43856491231850864       0.47452876328254268       0.48349706310244511       0.92566466547215420       0.61429755592476365       0.57635637539828199       0.48557346008931601       0.50056423543668982     
  0.97896159000650973        1.1279288339873497        1.3224428588658426        1.3176898440728777        1.3344105410977496        1.2038530987619558        1.0352650595830579        1.3433922618059326        1.1761464276256279        1.1367040812371660        1.0525017448223406        1.0699361327045034        1.2917439498427377     
  0.10325637979817660       0.94744899813613637       0.17101883662284065       0.40651241876668781       0.46017376976140578       0.45195103199656600       0.48944406551991837       0.50120593312370143       0.92850434447987940       0.62336071987283892       0.58999109201444044       0.50205101242093286       0.51603366280323137     
   1.3223608562889755       0.99544139085158856        1.0484862146855702        1.1061138362631622        1.0358634652397127        1.1953550369921389        1.2135590541211629        1.1104527738674166       0.97018293414341705        1.3608078828243004        1.1009929843537221        1.3193466419349558        1.2191702675739617     
  0.11462426894365703       0.95003666971707645       0.18039835863204937       0.42340179451901033       0.47740261717733179       0.46534216009625357       0.50545202205418516       0.51855213032718472       0.93131232809230369       0.62945140071934935       0.60506426526838153       0.51875656645102985       0.52996529766962519     
   1.1590555636286171        1.0669480483464322        1.1630244301298314        1.4086192475321593        1.1384726987735079        1.0793377720304220        1.0389471558239602        1.2339200263000187        1.0069357605354294        1.2234711100264444        1.2761198147853274        1.1955033770590200        1.1632611260129824     
  0.12744873564447440       0.95251380942882591       0.19038806768819999       0.43898080784677479       0.49426037195502620       0.47730073060799361       0.52107566112924641       0.53414226769895290       0.93384464940678857       0.63546339434888921       0.62121000928911141       0.53645044958384658       0.54221058038279824     
   1.2900467447912694        1.0819537871466642        1.1510036756727939        1.0819769538750514        1.0972374541125764        1.0269257981790341        1.2850283842101167        1.1024054084544594       0.96572282201639970        1.1100212827694493        1.3522533088852593        1.2163600068244647        1.0464135858199051     
  0.14243617977048492       0.95521361504112889       0.20074285857783059       0.45390752950122382       0.51074605703777165       0.48679341806040310       0.53746804643596424       0.55040221641106502       0.93633580349598855       0.64141857805790259       0.63781597992415417       0.55400275339575733       0.55330687389280830     
   1.0662444166815428        1.1208685050702758        1.2780996970785812        1.2405574793936422        1.0816077468744334        1.0369539835638917        1.4522559950987508        1.3469816307608788        1.2224041600681013        1.1462745256368498        1.4010894709455615        1.2057254070247709        1.0008508420021125     
  0.15820461807231820       0.95800450958163308       0.21163118316496624       0.46846293697668662       0.52713360019480271       0.49766678950216575       0.55365846347269021       0.57013039728544068       0.93926630894571561       0.64811729957919750       0.65409228699328203       0.57055684263371953       0.56733373023171452     
  0.96254794736734750        1.2031955807680976        1.3809496535291923        1.0177700699277870        1.1143977222361461        1.0187547931710808        1.1731163139544303        1.4080043017936250        1.2605832652488091        1.2398301869853074        1.5550343720782427        1.1877248732128032       0.99126068354785080     
  0.17483512877727023       0.96077980838893506       0.22329577710449289       0.48339128842668783       0.54421715539643589       0.51071021910994097       0.56889991564851750       0.58921204867138199       0.94202142292538227       0.65547738160601365       0.66824405665111164       0.58643665494673636       0.58242677251380304     
   1.0450721870739159        1.1440300623294715        1.1086338771339876        1.1324685405884540        1.3101344212343733        1.0319958460763412       0.97174568175452580        1.5189950049040302        1.1386308246752026        1.6430933801117067        1.2793610678911218        1.2648823921912780        1.0641421900430126     
  0.19079090601553719       0.96346369504352414       0.23519413833508337       0.50144661544130575       0.56149902261027074       0.52464628535883784       0.58628316439006001       0.60351905744486645       0.94456891748799876       0.66283344031228597       0.68145503278877306       0.60307874431426267       0.59834575884090879     
  0.98936807780898306        1.3164040090302866        1.2772355233600341        1.2593451695105946        1.1918157448733402        1.2550610452086559        1.1697313768812356        1.1520861652330137        1.4753042083708963        1.1666590198549402        1.1794670155478120       0.90703380864993965        1.3074873002524019     
  0.20720077091407310       0.96586024068437137       0.24673405504286580       0.51880677212290038       0.57909414480604460       0.53820971520629757       0.60316463013808586       0.61526297475623737       0.94708907578830137       0.67040405022736960       0.69370659269732415       0.62085747116769241       0.61493724643995751     
   1.2062003096381484        1.5255614770693371       0.96269748769078900        1.1528247179381987        1.0370326228636582        1.1274283576120083        1.2359603418406331       0.99453874327491087        1.1552242302580755        1.1246636992523451        1.1431678698194701        1.2946067520700753        1.0827049532401298     
  0.22644309994707654       0.96802407989763239       0.25754446599195019       0.53781565301015322       0.59801946504305503       0.55208184715108632       0.62040615616138461       0.62761107067806365       0.94932313873802876       0.67695862843496091       0.70575697201665688       0.63992166565461983       0.63077751962050843     
   1.0767369400088480        1.2325813552338432        1.1229924519071350        1.2410038850839100        1.0949972180509187        1.2239435874195357        1.2088154390461663        1.3224033734073646       0.98891289224877099        1.2395996485829046        1.2445270497303402        1.1688701561559585        1.2092130144982849     
  0.25335107035613902       0.97018425651494478       0.26760043778709375       0.55598855714289186       0.61687710380551153       0.56444294911979376       0.63521671611627595       0.64146417266277045       0.95162361937004003       0.68416729903960616       0.71872056337273293       0.65906068611329904       0.64563317661822939     
   1.0847412397803640        1.1931586873419580        1.0452717201364106        1.1263063616172644        1.2035089343985572        1.0819695139322385        1.1804248559800863        1.1686128333319215        1.1857147381100619       0.94502403057804740        1.2154962638441837        1.2300416969977706        1.1350205418004389     
  0.29534599534307776       0.97217098326968254       0.27782558580691996       0.57612042874421121       0.63381000532063270       0.57817077918435900       0.65140110956672403       0.65537019771139482       0.95386865555890044       0.69152056311998567       0.73210359646098300       0.67694439897080150       0.65890219605675204     
   1.0011797027239602        1.1264535689262456        1.1009601849384398        1.1177931310035194        1.0800009473772920        1.3600003134602052        1.0531517576721534        1.1175512201513111        1.1922702514638845        1.2460814279343644        1.2899990970748634        1.1572381874919164        1.1098629058034408     
  0.34205839921951881       0.97407035091229988       0.28918588099718567       0.59671621095034633       0.65072157607352776       0.59479859172926441       0.66856868541545011       0.66922612444884855       0.95599160780794945       0.69845998616987959       0.74495326522053573       0.69431108953359466       0.67505442831517215     
  0.96561492521472436        1.2923241604597797        1.1576515674545285        1.2450718675362555        1.3593763919648474        1.2891767346559742        1.3554523917074488        1.3423187064726421        1.0065181051467154        1.1026228544529986        1.0316355324904958        1.2804826194390624        1.0009199804900482     
  0.39418854022212402       0.97597982746492085       0.30137992431462168       0.61746580289905395       0.66849506767380418       0.61129259990290308       0.68618399073468783       0.68454384388973599       0.95807710867796847       0.70562091320080511       0.75744573859196496       0.71186912279557546       0.69090538285628023     
  0.96495991261058012        1.4495393403041594       0.96362259745383239        1.2975817266227188        1.3301475290444156        1.4813668728022360        1.2220592025879324        1.1338758848839909        1.2673063606518828        1.4062297001220303        1.1343270503051059       0.99343519719604767        1.0788268350713628     
  0.45079383571932635       0.97782929516974548       0.31517408400687547       0.63797077020382997       0.68654127394220865       0.62355201254439430       0.70441079772220605       0.70227072114016520       0.96022321816451905       0.71288609160176908       0.77014388170303583       0.73002388312892086       0.70612244547128611     
   1.0935207072383022        1.1489660899265095        1.1131237373855833        1.1562455623198022        1.4074349392696914       0.98522943544018038        1.0531616853510208        1.0416672005460921        1.0426964365194415       0.99416970894115064       0.99134063150241836        1.3215923488774939        1.1258504678199612     
  0.50621202133723520       0.97967336476463618       0.33104965963759103       0.65741509233731144       0.70498261349130664       0.63211976137745607       0.72298756773943607       0.72120888590123622       0.96252656585246277       0.72021326313584655       0.78317670835055930       0.74883635375107249       0.72118816322741641     
   1.2354158193699709        1.2252112389373586        1.3376205387189855        1.0538068482797764        1.0569310201109523       0.91567760423659683        1.2817385143008271        1.1286707714640138        1.2697193337948021       0.94654619490749425        1.0274994083672937        1.1411515962480334        1.0289583764493326     
  0.55755754012491021       0.98126787054753783       0.34669279743238629       0.67927655661562514       0.72411982904591343       0.64189044786354177       0.74180058192397280       0.74018791611072099       0.96498538537819001       0.72740970803835148       0.79609958699461558       0.76615353675142361       0.73736334735836995     
   1.2470666650704874        1.2594555544946890        1.1710454185502917        1.3482458414186342        1.4053228238768085        1.0173349458906327        1.1362898964150148        1.1526125618515428        1.0975978771520576        1.4685323671076753        1.2122757251984098        1.1591185390635617       0.95529888104762295     
  0.59770346104742567       0.98280770560896358       0.36498198306168711       0.70129220445177243       0.74415380999746994       0.65253382510978475       0.76057450429880535       0.75913584782438615       0.96746085937667881       0.73415061106775581       0.80977559583865411       0.78141207168929472       0.75324805808810003     
   1.0278896973123952        1.2100746141528504        1.2390960345289885        1.2112011759758234        1.2489045566127730       0.88614122412299601        1.1791431085894568        1.1756090419000920        1.2662836914244471        1.4768901334457569        1.2751738780644089        1.1717581380791426        1.1673047662568525     
  0.63034244668085737       0.98431966013254379       0.38381744527348866       0.72377578894531369       0.76517887082178804       0.66625885517101446       0.77909245763093837       0.77776065748164303       0.96983802689806209       0.74066137581284053       0.82298497633019096       0.79864974494412089       0.76876913696867732     
  0.96921339022001918        1.2633178988846370        1.2881826939846923        1.2240809249055746        1.3299222359437399        1.2032049945565528        1.3421605345419931        1.0590052025899723        1.3802912924947799        1.1611022333120409        1.1476558824224941        1.1796593129336783        1.1308215613512418     
  0.66109728645487731       0.98581901174807984       0.40504288713011688       0.74722367579841509       0.78656327063309794       0.68161980107335596       0.79775117576743249       0.79513221522206989       0.97213670652626161       0.74788971756001910       0.83356014053614391       0.81779478038878550       0.78374667901667949     
  0.89696380076060189        1.1614433341764745        1.3753110649833771        1.1767182185863028        1.5898888916815541        1.1396635319555251        1.1586965007061247        1.2363896174642197        1.1254936105676840        1.2973809408988732        1.1888757563854824        1.1587889505132052        1.1126283541884345     
  0.69242320469311724       0.98733243282996541       0.42764502454143399       0.77031791177196152       0.80727403241379314       0.69734442117775219       0.81628696956428293       0.81215982642208495       0.97441567016567865       0.75561555749574860       0.84801642507384878       0.83601693317077697       0.79989074840991015     
   1.0128950934147463        1.2768136446178235        1.0824993987601330        1.3114245298372735        1.0453616842148665        1.1528010724597204        1.2587569817002968        1.1993017081156536        1.1701471134926946        1.2999071795946375       0.99509014316049904        1.1433015591736184        1.3321349294647888     
  0.72365760619140329       0.98884342159753336       0.45118443417407539       0.79235189186171440       0.82641705423881362       0.71500393082845592       0.83352293836441016       0.82946011427724986       0.97676480177809932       0.76395125672842623       0.86442105592045249       0.85298232981863253       0.81730841365403617     
   1.1427183172087019        1.4246639474422260       0.93737115067536925        1.1775009318974210        1.5233309781704785        1.0975095170773697        1.2067241002783242        1.1925298746695419        1.4488969449327445        1.0725665943443743        1.3933346919309937       0.97240497146398897        1.2262568337774300     
  0.75601081239051582       0.99026322418707358       0.47643518437389615       0.81239348912345666       0.84310547300984373       0.73532271219133805       0.85229705662948696       0.84665741292572250       0.97900375237672921       0.77196100163709602       0.88017171137260752       0.86979534622139987       0.83618064487343602     
   1.3418569132348968        1.2888038982043526        1.3307940443194521        1.1095673711635148        1.3354475000984198        1.4293691738615990        1.4084107167718107        1.2285260123084503        1.0719139866687910        1.1802642013799189        1.4252092371143776        1.1207719156227289        1.2672137314670762     
  0.78635919115784703       0.99156481432441457       0.50556877692838509       0.83009216357859483       0.85941117179153881       0.75680579958099881       0.86982367711237629       0.86410320805056162       0.98112192677701671       0.77997610299799303       0.89624918428499778       0.88681652827721480       0.85508807349969718     
   1.0862847515501999        1.1173224443341172        1.1681660526649262        1.1616170379765542        1.3608812867742459        1.3125726557596331        1.1711004730686565        1.1613150344740570        1.0908458233518394        1.0323675171808719        1.2338537278924708        1.1438080023937820        1.1307640354595170     
  0.81512032273358526       0.99278298333326964       0.53695680544286006       0.84778432367925138       0.87734321226187728       0.77711450856449216       0.88651643638597932       0.88103785836743831       0.98315437743505085       0.78821951119680655       0.91067003377970068       0.90333555002459243       0.87261573330950548     
   1.1616185487777828        1.3008260206699918        1.5451516212940168        1.1337509812311706        1.2811848671228199        1.5132829755606483        1.1921470217387811        1.1473581688715508        1.0927414964217699        1.2478589100913564        1.0792098793786560        1.2577472035920430        1.2582848642177671     
  0.84046502049285876       0.99390283640428467       0.57124337102374756       0.86658429182453933       0.89632344418389487       0.79592385592250825       0.90276324005066999       0.89746264154401434       0.98512273505120918       0.79670713853926145       0.92335266904714652       0.91938175892544549       0.88910234123282983     
   1.2192438168702642        1.2959714197103802        1.4525573886020100        1.0579158084988654        1.2462704391434174        1.1900846744146496        1.0494266667084156        1.1285142177884606        1.2544482806619022        1.0505678189316277        1.3052038429618995       0.99218652677531216        1.2003365797110814     
  0.86307498770316504       0.99495308873407462       0.60585093767748477       0.88711580804611412       0.91505584629575687       0.81825132876761109       0.91943070289961404       0.91368825469474080       0.98701204818889277       0.80597925946544879       0.93515205529464673       0.93560499505321626       0.90547179644011500     
  0.92415618022873425        1.3731655853976363        1.1092413744004965       0.97369196102870370        1.2285878923449549        1.2553884791282497        1.2368870879401852        1.0973014324585468        1.0818843705310848        1.1476684332083029        1.1207734976246304        1.0849685897455357        1.1454031008222103     
  0.88590144993787201       0.99596951261096556       0.65462209504291091       0.91001725688497292       0.93330481765825335       0.84121769969223459       0.93757941106385323       0.92972998165912635       0.98883871538875567       0.81818358106055544       0.94681877553331062       0.95077256742457672       0.92253729114732641     
   1.1245711858499314        1.2717418956159168        1.0800146223626144        1.2092815293722614        1.1795741128287065        1.0303961024652202        1.0998752568030559       0.97232074901260324        1.3008232035874265        1.1655016511132339        1.1182130961037258        1.1362391083068286        1.1401703157895917     
  0.90787496595929718       0.99697417225955787       0.71487449287687199       0.93527536471165706       0.95120619004765639       0.87081956685990813       0.95586558435690439       0.94615496600855731       0.99073609195420820       0.83572196172702984       0.95895118530780499       0.96322076148662805       0.94057344656805653     
   1.0003431562170104        1.3162235887161646        1.0760845855485899        1.2503666414761028        1.2484446967200158        1.2829339840821719        1.3183873893642870        1.2980793392605319        1.2552470779383786        1.3462342883049883        1.0598010449216293       0.90528291314324461        1.3455077629035213     
  0.93079910030145174       0.99795631724468781       0.79254845053308487       0.95816163164016999       0.96838094703115818       0.90394922015716617       0.97167897874147580       0.96436972685795841       0.99302013148697055       0.85694400786056968       0.97318937885106571       0.97454719090199315       0.95947987325793660     
   1.0062424561500212        1.3131640565499529        1.2406607910591498        1.5522228355669327        1.2151657511101772        1.3408362338405231        1.1745180651080116        1.1477314599908151        1.3328226909568741        1.1867415249546853        1.1816248928606903       0.92141444364518466        1.2704382667990095     
  0.96258103151384167       0.99895857735666471       0.88750797323426589       0.97940767935413597       0.98392550663248313       0.94992688910202261       0.98581822928482543       0.98277920110743100       0.99643256099393018       0.89229075165162874       0.98571846868438184       0.98509448266668764       0.97973244770346024     
   1.5881677682022539        1.4353957586356612       0.89532235275121397        1.0114010901967243        1.1280400364288350        1.1936537641163965        1.0659451095847248        1.3303586498461877        1.1758216849760423        1.3465229720326826       0.97155443892493387       0.95251836185951522        1.1944653214225849     
   1.0000000000000000        1.0000000000000000        1.0000000000000000        1.0000000000000000        1.0000000000000000        1.0000000000000000        1.0000000000000000        1.0000000000000000        1.0000000000000000        1.0000000000000000        1.0000000000000000        1.0000000000000000        1.0000000000000000     
   1.1214442786723156        1.2763401836412904        1.0526543169886609       0.99296306272568047        1.3625859405110536       0.93625517434014827        1.2580179644179423        1.0899060142986035        1.3145178198508143       0.93225513327478449        1.0174460818779614        1.1740997418792636        1.2456196950858007     
   10.829667967821681        4.9451167112971746        3.5325115359862793        7.7797113492182079        7.3801852541911899        9.0960239558779552        2.2667191634038644        9.9637685417727955        0.0000000000000000        11.793428820362712        3.7625167694974979        2.7934423982696668        12.035019883668090     
  -1.4068033614391904        1.3311448561222516        7.8699608900970004       -3.4960353381997775       -2.9174005230336064        2.1699841256922805        7.8400261295896634        8.6396697735134129        0.0000000000000000       -1.2207794166091943        8.1598772722444561       -1.0980637927731489       -2.2747421791342251     
  -10.918276538973629        8.9063135352822052        6.6524859839916175        4.3682138676927265        1.8367018526749541       -1.2509484673701454        6.0055976667589874        6.5722681885469987        9.1296073265179931        8.3047372583995642       -2.9287523154784703        5.5131210179234547        9.8676194690209318     
   5.7942698835270452        6.3712106401856223        2.9605201877394878        10.301912133987194        10.759553396142572        1.5133760798302234        7.7661904488683682        9.6149369932894968E-002   7.8909404561451622        13.267568552323869        7.7699853396548413        4.5208013178219408       0.91031478073232419     
   10.121860217695607        8.4332050464252344        8.5825780434861709        1.7521207638605496       -4.2126861355518699        1.3936670021730853       -7.7422777396640843      -0.61296778784027717        7.1221554672767340        6.2864122472172799        14.740024908678299       -10.064340517192301       -1.1044539389113894     
   10.639046013198737        10.010331559721498        6.1834101766077803       -12.975252585280243        8.3274588384460468        11.757142541294840        5.7607902381733407        14.753404361024668        9.5859345699375904        2.4072008944722909       -13.888156251391715        2.3785901628772588        9.8862393217528286     
   9.1512960501131246        14.134855667708051        5.9639851242408506        12.838706431314169       -2.5896176509442435        11.365268771352882        3.5429513755458446       -11.437624311347831        4.3934182761111931        2.2524721755391850        4.0799222178067938        2.6507573414543439        2.3552836851871892     
  -6.9956676154943596        2.5388550066687938        8.1189640923026456        6.5932212474228189        19.406761810287218        6.1970549316974779        12.172417691907320       -6.0173509684447541        5.2906228887113622        2.0710612966752588        5.2144428093116790        13.618935930730894        3.8368277958126398     
  0.13735720757818243     
           1           1           1           1           1           1           1           1           1           1           1           1           1
   8.3710393189302873E-002   2.8726714344080778E-002   1.9856536870631462E-005   6.6989471476287372        4.5761671237705301E-004   7.8816379171445596E-007
   1.9349620099462790E-003   2.0342583773508252E-003   4.8228610806742140E-005  0.43091619382820506        4.8228522501510076E-005   8.5140316618704339E-008
   5.0000000000000001E-003   6.4520268215568333     
