   0.0000000000000000        0.0000000000000000        0.0000000000000000        0.0000000000000000        0.0000000000000000        0.0000000000000000        0.0000000000000000        0.0000000000000000        0.0000000000000000        0.0000000000000000        0.0000000000000000        0.0000000000000000        0.0000000000000000     
  0.19630517536490558       0.30569385229233820        2.2807207806508335E-002   1.6003474451850876E-002   1.8474002783261022E-002   1.5891255884323288E-002   6.5200702283160893E-003   1.5489384221369735E-002  0.58553055134133047       0.21782367331439312        6.0538987079777853E-002   1.9529935168938684E-002   1.5044215363488940E-002
  0.44637412671223708       0.56565739239351975       0.54817635366655793       0.56735051385274282       0.51404356611303081       0.74755646340568493       0.46512778219247181       0.64535103889817846       0.47916521736146223       0.57742985428693450       0.65391799063836276       0.61204322342048512       0.71268058502698428     
  0.20639911631202876       0.42406565411349079        4.5050186148414821E-002   3.2409136438147072E-002   3.6462598545768013E-002   3.2383816650572397E-002   1.2378562073901185E-002   3.1124877838147273E-002  0.66008754399599479       0.26953394136899356       0.11155221361888112        3.6492084318897396E-002   3.0089755884683555E-002
  0.82266211241230691       0.68476919207117759       0.60825970773676330       0.60265740188910966       0.69272122574464756       0.66795248120328821       0.47549514909107554       0.59240827716319400       0.71531318244659359       0.64556732009464179       0.67175444948357599       0.59319729749044336       0.53538841155486161     
  0.21337262106937285       0.47938100006124168        6.3311452862643586E-002   4.8519475711149666E-002   5.4972153039538833E-002   4.9662957361188698E-002   1.7759341823265461E-002   4.4954059109039761E-002  0.70068495969366174       0.29981551518694544       0.14634032286060636        5.1459511199129816E-002   4.4874688994028675E-002
  0.74165542772106818       0.65216429659715558       0.53889318919183182       0.67495403309771829       0.55276145506424024       0.58169522094367876       0.80311657368853018       0.54634434565912027       0.75102049755081801       0.54896906811759372       0.53092797003189551       0.65240963362773330       0.62886225927634487     
  0.21931380810525558       0.51480610641175650        7.8166439249090308E-002   6.4404836228838469E-002   7.3648640027768650E-002   6.6866321056072958E-002   2.3171278787691069E-002   5.5469616874614394E-002  0.72886920952759260       0.32145096397930284       0.17259377192282643        6.6764686787585403E-002   6.0079581376282276E-002
  0.62831618512630916       0.57712153659535037       0.56879228082145894       0.51020410731884780       0.62184426582756913       0.69078123658105828       0.56090119762762480       0.56352918444818345       0.71730053536473715       0.57214662384763459       0.58415365760682103       0.64322803138642526       0.65562067857743744     
  0.22623850597355560       0.54555993440508221        9.3243616411815750E-002   8.0902619663490632E-002   9.1731489612949219E-002   8.4148928192775252E-002   2.8961188947457892E-002   6.7165021284324236E-002  0.74772297612190797       0.34053316941279482       0.19182027659261416        8.1650028470565905E-002   7.4868411259708889E-002
  0.95251725374143204       0.53588963785632793       0.62063922663468518       0.62088786236090387       0.65560120339671268       0.65648304824437831       0.56484414067389899       0.54942750344516922       0.72459342910014091       0.61898852559855899       0.54130129590768383       0.80768346819339687       0.61114063390721729     
  0.23280568825931464       0.56960521060460501       0.11136874812096818        9.7472712081156668E-002  0.10878074472472153       0.10127220375074926        3.6451443900619745E-002   7.9142250906896555E-002  0.76379750846726813       0.35603262522988371       0.20570725346575108        9.6373400818051624E-002   8.9900374653002504E-002
  0.77941914306554294       0.62659531771220234       0.68939299880153904       0.62692607676970113       0.59065436426025608       0.63333616856189912       0.59970919057557337       0.52023060702736479       0.55346871373306183       0.63158566567118501       0.49060396102638798       0.68196449169916351       0.59155614406891199     
  0.23946123077873532       0.59468360505770068       0.13167249733320321       0.11114122130803300       0.12624277128461828       0.11729980217344119        4.6059276274639224E-002   9.2832334002780223E-002  0.77781158063503308       0.36921992134166554       0.22628797594027278       0.11196982467977462       0.10358452650299345     
  0.61722001723555719       0.59083983919694771       0.59828306298672695       0.49400106473965011       0.60039220620567701       0.63462648787467879       0.68242062297641726       0.56333475603413607       0.66579689542346154       0.57203673885982254       0.61389712502079496       0.57905316446250388       0.51677466740485400     
  0.24659739031613814       0.61532815856016132       0.15156757571015278       0.12355950359124369       0.14356577658002054       0.13254817087354184        5.6453511253502904E-002  0.10901335289542050       0.79017611498070794       0.38161884785134004       0.24171975394367354       0.12413315704078198       0.11653894679208324     
  0.66714569730298723       0.63455006487893861       0.63933771090168134       0.56099103810715234       0.57798828098045896       0.51556410179937129       0.64555544572535373       0.56176610214014222       0.64086713334133738       0.63690542470459355       0.60996444746226997       0.70161351877290012       0.58797520295354211     
  0.25594964981190238       0.63493208216116437       0.17047468351489825       0.13534178595543214       0.16085813542684071       0.14775854999080915        6.6866270405725681E-002  0.12498224961624016       0.80020003082652136       0.39433773267370470       0.25600150550695838       0.13509653893178319       0.13026223314178159     
  0.57944272731220303       0.65116546427154309       0.58722518293629367       0.49621590262310128       0.60326017578787006       0.56606956378653772       0.69473675721639805       0.52355935879281934       0.65446656871046860       0.68686092554435552       0.48321784554720476       0.61146506355976438       0.57183776034630707     
  0.27016343041656560       0.65316080770002327       0.18787538502621468       0.14949378128641108       0.17711269443093069       0.16423893754391874        7.7252543044660754E-002  0.14072083521174805       0.80887974055850997       0.40682971707513865       0.27024315184897052       0.14562533817999371       0.14421642779157196     
  0.68546525154779470       0.63827950833457525       0.58951789261128151       0.56518883197157754       0.55255414995019370       0.56645628507393730       0.52125664080002199       0.61196641420042652       0.68428169159896890       0.59117617761317021       0.53767758225553142       0.53398040969654981       0.68564702875803929     
  0.28670982223585123       0.66932549231637206       0.20335118394688576       0.16389373139635088       0.19276209367095215       0.18060111533778522        8.7794912529098310E-002  0.15564571828042348       0.81669074344435744       0.41805323616970097       0.28442158321381367       0.15721992286934700       0.15960775746827804     
  0.58223727940957448       0.54165692368584972       0.59729386691264275       0.56855761307743713       0.59001654843392137       0.58387807913097212       0.60164338735164835       0.54324713993010587       0.70290567584132357       0.53793299789201265       0.63279025636823660       0.53552954070110981       0.61991109776122322     
  0.30384135122346906       0.68329772535941391       0.21879209903603664       0.17644441040363981       0.20863528893662983       0.19475052948844040        9.8543571335454175E-002  0.17013407596069746       0.82415379589549553       0.42812491765608790       0.29814342005978006       0.16951786262493487       0.17429331316662622     
  0.56072941925200392       0.58003485280542499       0.72135625834705752       0.57448189720161258       0.50122168178613458       0.58012280931820892       0.71807044233501460       0.59924143978568989       0.52842144131688384       0.51801663021857858       0.69327982984832071       0.71606811275662863       0.59381399899138287     
  0.31941360204628322       0.69579684697933908       0.23374217424762378       0.18780380245298731       0.22546428362251114       0.20927165733474315       0.10870224934149519       0.18512925019917562       0.83151027859302207       0.43712440971659972       0.31136686016090109       0.18277172835701055       0.18848824208183768     
  0.57976873531510087       0.48400495274239175       0.54974080970502104       0.66928692789778910       0.56150137060154059       0.58170405854503737       0.54442873756042898       0.51997061909370357       0.57601933168022101       0.66186894565127208       0.66807957583428357       0.59302271830443365       0.55640092023388399     
  0.33603903939869262       0.70804336123016376       0.24818001496877323       0.19831600002854044       0.24250433936280935       0.22419554152311727       0.11799910777910282       0.20086151498091456       0.83867907065278990       0.44631122561699571       0.32456762754500212       0.19649843258977454       0.20213733643297493     
  0.62826121245332489       0.60185173863768171       0.60537560011757918       0.55167814703082974       0.63774731597455903       0.62206715521388734       0.56043884222394225       0.57573518856498418       0.55073647685668625       0.59249498436767456       0.67446305127097039       0.59815335024124139       0.57757257780241045     
  0.35218521305109929       0.71955312353284240       0.26104982454153441       0.21065576278781922       0.25921271204709412       0.24003409571783665       0.12751037849865748       0.21789401620392321       0.84549570641186456       0.45488175161726063       0.33819265720341712       0.21071349953541002       0.21725704204976670     
  0.60406739519543251       0.58462831478506061       0.66184170130904330       0.58231289047102630       0.72083477574280563       0.65035820491821017       0.54122821057002735       0.61956314758799369       0.61979564749085492       0.60609424605726125       0.57895468284608786       0.52612023857855772       0.63913584134997259     
  0.36737611887451893       0.73052039464153473       0.27361940669805518       0.22607609170015680       0.27688897399768453       0.25718214987540883       0.13786072481035649       0.23469387664892286       0.85208048078497534       0.46407427659888867       0.35126188515889073       0.22671196204581948       0.23304301471381333     
  0.57832782093865065       0.58809308935698057       0.52226311019783089       0.73219200640331961       0.56102354117819742       0.63805641221990017       0.65374614099132400       0.65615628257594927       0.70181824374546542       0.59655274174139661       0.60846764157386679       0.62118671253132884       0.63171625126070308     
  0.38288743582456342       0.74119568328624885       0.28680656575949065       0.24212832267606574       0.29520860480458927       0.27384158940588404       0.14911909136562920       0.25067790236372361       0.85874591688921986       0.47231910787945325       0.36413720315464937       0.24333672992586716       0.24973736665563151     
  0.54687653820431392       0.60775477378398779       0.59401146532463989       0.60413637258536945       0.66795515575007958       0.57070450157669872       0.53174804882829685       0.56738894317042898       0.69635748614898740       0.47585677164715096       0.62525716371890372       0.56403015026396319       0.65040294568830703     
  0.39757893861191101       0.75251754807687010       0.29960638166783421       0.25775086432952549       0.31161504375234167       0.29112823663754112       0.16075434853551399       0.26639325373535017       0.86510828327342715       0.48050414260003071       0.37640952449312137       0.25944310026969908       0.26674278545266572     
  0.58094204575442976       0.64869347726615034       0.48928648183502732       0.64384288810392420       0.62074048473755561       0.59748195068393539       0.58988608587450930       0.59379832854746462       0.64497710737562397       0.58663389905707841       0.59696142184778056       0.85793518072885144       0.61020780861003510     
  0.41254627558948337       0.76312491607916744       0.31255474288993962       0.27373741397476681       0.32653739329376241       0.30850953843869006       0.17248348484739909       0.28171590377805333       0.87119918535540775       0.48887707209340758       0.38809340002900344       0.27427585681947092       0.28424284202372901     
  0.65370239212258563       0.66977881572624709       0.62157296119885219       0.67923127793880489       0.61240110979304585       0.63805827515152691       0.61740316777749793       0.69848163622440540       0.56684663355394271       0.53002905451447957       0.62796668330129590       0.58689234315661398       0.54637420270633230     
  0.42757652223467574       0.77201154390581450       0.32472868068823368       0.28983779788444591       0.34015470468044995       0.32216440430275783       0.18457183349034142       0.29715090597724303       0.87696996353076784       0.49722723958153137       0.39883474421127590       0.28895544737014250       0.29955873696056445     
  0.71182744231917683       0.55052112930119435       0.58005085296567727       0.55339478468941528       0.54117940079012916       0.61748897019626925       0.56327304230553232       0.64700970951299486       0.57284084530839052       0.53896076322128350       0.55284472544227181       0.48811296486143069       0.68894590861039207     
  0.44085673138005715       0.78165972836822173       0.33828847374647047       0.30447801570367888       0.35668657996215614       0.33361316452803613       0.19658543643763438       0.31312816123806247       0.88239181873825645       0.50606998913713441       0.40972716522196667       0.30346742567391705       0.31456932536098225     
  0.56293063745226568       0.50952542898873932       0.52328206344527917       0.54205362962558135       0.64021765962209420       0.57350059502473338       0.61581773850629817       0.54128112338210344       0.61184351701075179       0.55933596645779737       0.55681654245043455       0.65818615631731348       0.59931918226117964     
  0.45378792865307999       0.79096252801938671       0.35150115140855176       0.31963426506491727       0.37430810465673742       0.34547633102551750       0.20790646866345835       0.32949952870678101       0.88748299728796676       0.51471284037797604       0.42040943961415517       0.31792763680195724       0.32932515516845456     
  0.62961402345715034       0.62021167860295068       0.66063891874191660       0.63062683628267113       0.62935640846453456       0.54580481351544952       0.61040434872528349       0.61977042818435057       0.59779943935719770       0.60283490514949778       0.55631531520347366       0.58076938158441205       0.70869731047173012     
  0.46658186778937089       0.80025954873328176       0.36503495724257629       0.33554870040624435       0.39405594583601683       0.35947144913055096       0.21886401035822617       0.34532206037725127       0.89231069281054143       0.52318897251011187       0.43276927158355427       0.33320122106179673       0.34496356404072598     
  0.66514891316241032       0.58097721632382504       0.61147044797749428       0.71376207048711948       0.54635044970600033       0.55727081724138217       0.56342635675266561       0.71924507454055109       0.60401919728057274       0.54367191947908811       0.59758793229751461       0.57220018795634964       0.52334747044601548     
  0.47914129857293369       0.80937742661913958       0.37906406310836904       0.35195017470396273       0.41324110117681290       0.37563289151545698       0.23026507611953392       0.36190277299692714       0.89687875594420141       0.53085286195601733       0.44471262183888849       0.34948211524848677       0.36232689907891669     
  0.56356427457277380       0.66698893304430362       0.55846229378561063       0.61930814160942471       0.68330089126934856       0.70917365138243860       0.54471580706552225       0.61538135295634255       0.56899751192762482       0.63867890504164981       0.57276770616669559       0.59038084747346509       0.52523376573052916     
  0.49093340799163038       0.81787296102014928       0.39224597139216805       0.36793772607725983       0.43195150038660374       0.39066280174170076       0.24186085069361823       0.37473599555288017       0.90132605861538895       0.53766974944104917       0.45816314029021771       0.36596124541579894       0.37936972929983453     
  0.58100486486137326       0.66252962773875690       0.53556997903344628       0.54848657837785364       0.59127453397511698       0.59269058375555628       0.55781981533177394       0.64102792412756937       0.56091842019538074       0.50610722829178312       0.60518508651644187       0.68125595936418548       0.59618849564089160     
  0.50256692343458476       0.82651327723984969       0.40506332508621812       0.38316216413277382       0.44934364687427147       0.40378399338421278       0.25341883922165714       0.38730506921064328       0.90548323340006265       0.54471333830417956       0.47088868888284441       0.38224769879186732       0.39573006029117280     
  0.61482954714766913       0.67786854134328633       0.56954414915981211       0.55312870941868697       0.62794338035860031       0.51210411645053744       0.69805277391759502       0.55360576338199274       0.58389618930944087       0.70329943881085066       0.77013413396475405       0.57006299914491187       0.61704872454315052     
  0.51494891427674250       0.83500120188860227       0.41763402237982949       0.39859296139459344       0.46712184701805004       0.41605981225856037       0.26500280016872069       0.39941380821452999       0.90943051837282707       0.55230280535138532       0.48393720612855801       0.39838277492937624       0.41065941074779710     
  0.51330107160130656       0.70262192292825054       0.56447161210939056       0.54605006989818072       0.62056998099676364       0.57239082022920185       0.59382196802584319       0.51155102785456052       0.50985462973580176       0.63305486265953204       0.63095398826768512       0.72457719464481540       0.59039237492676733     
  0.52763073876716693       0.84157811817186001       0.42997805306413200       0.41500516711434232       0.48452981038319032       0.42941937861335461       0.27673855697760041       0.41326207500907869       0.91319070454521933       0.56032417227484299       0.49732379734026150       0.41449971111740480       0.42502142424352768     
  0.52468523762166264       0.54138149276891157       0.66317102775206083       0.62488007819879210       0.62399483279829482       0.52463654480147670       0.70080208459406479       0.66644263783723223       0.52237564969321160       0.65976448427921308       0.59445211516917285       0.62675099507713761       0.54781183321297211     
  0.53960796643664211       0.84833594793017675       0.44154977085564695       0.43047004350628537       0.50134852277797826       0.44509132176126631       0.28881377624271537       0.42843050796664373       0.91691724443882938       0.56817610119727058       0.51037682822124719       0.43036257094476860       0.43933821567834441     
  0.58901556780477071       0.77511929296009330       0.57246905851410201       0.62327718471891047       0.63195040792918067       0.70616117117636978       0.64484967379554259       0.72131233586156518       0.56290378679055242       0.59488699775050435       0.66911319098333144       0.61531955514808956       0.54834035869278475     
  0.55135996104536700       0.85461389738153415       0.45322547365728166       0.44632318259592246       0.51880146238537461       0.46069452690367918       0.30091957592574337       0.44317701535175347       0.92068183071368215       0.57585980881282928       0.52312785370572601       0.44572052170212278       0.45362216050870768     
  0.53267031153099553       0.53184302215573165       0.54553414712486159       0.64688609741436776       0.58509809931339674       0.66807633612780837       0.62383762616648097       0.57391372727691559       0.56808611679821164       0.68923670906091172       0.48751771868158938       0.62861776955776405       0.60360302212565398     
  0.56296767764340905       0.86057606342084458       0.46558409184940236       0.46248710697288997       0.53668877829134787       0.47610138370113875       0.31343603677582260       0.45731672127590078       0.92428734962356007       0.58333968589334828       0.53613310992570484       0.46087635832850660       0.46820296470488965     
  0.56108677400212581       0.64397853824273088       0.55232126828740868       0.75077458226419547       0.63035182779380139       0.49269208659944830       0.61472791608422861       0.50516759162046909       0.50563756564014084       0.67024828107168899       0.62989984962983214       0.66040308666979175       0.58318405600108769     
  0.57499990382206467       0.86701328073623285       0.47889933183560179       0.47980294280727398       0.55463233087192021       0.49204246162324605       0.32563639318813059       0.47057208132702538       0.92779303439537242       0.59072021127455232       0.54993525743380256       0.47614652404481383       0.48282328302489530     
  0.53724089185787161       0.63159785147340342       0.55581422835061522       0.66046965610017438       0.64358447845773781       0.52103754199555130       0.67514946502417372       0.61916349680592753       0.60645783691033250       0.59710566796240405       0.57752440732349475       0.57938083620480574       0.59589023987636891     
  0.58698464507095127       0.87321873582996357       0.49247785258977828       0.49580736712803936       0.57259593242366269       0.50796789899082317       0.33861195576977554       0.48309899205385465       0.93113723419546557       0.59761555588443860       0.56474005389722726       0.49143258075643093       0.49603176145335193     
  0.51191563716608113       0.54955373171348809       0.63211009792306416       0.59868793765946249       0.67339092283151991       0.54405725732555676       0.60362401462761417       0.58918278765624832       0.51459718440013968       0.58066505630865972       0.67265702171702024       0.60827626557041226       0.60698359290170012     
  0.59859811349376690       0.87935837047798671       0.50429372567456021       0.51168864088067068       0.59019946468302675       0.52409779447316562       0.35256636447744744       0.49525991520050400       0.93444256808702053       0.60348506173382976       0.57900793067977385       0.50684918526144818       0.51012091184523911     
  0.62920795576198907       0.63056196740554937       0.53972180009260473       0.59499654361652576       0.61198354707083735       0.59274015076319997       0.68318040923441581       0.50374338038054134       0.57512814199326956       0.52349626447091069       0.57655037580665769       0.56016100470560781       0.62650862800918994     
  0.61061666082927057       0.88541071750167866       0.51471181962447876       0.52494117178559485       0.60717819428497111       0.54037852077968407       0.36621741207225716       0.50810311990932777       0.93768406167815677       0.60880322448104496       0.59224704776315351       0.52172066781271809       0.52422137225411847     
  0.59282676138765589       0.58038990106071708       0.61592704181586155       0.65427197086537903       0.57460065256623616       0.65983367419051253       0.54218236025253652       0.60381165995839381       0.67615784208195107       0.53474346268787865       0.63980978232478114       0.54806967746954971       0.55010461750193029     
  0.62301526862883028       0.89152397392696359       0.52403514522306482       0.54041896467683437       0.62317225060125847       0.55903350994652734       0.37870350584042051       0.52240293853427910       0.94070111653406829       0.61435238978288309       0.60545834125355502       0.53667272461658921       0.54035595100205591     
  0.61183991907877977       0.56658669831829456       0.52714475855393883       0.54973770342831618       0.63088535699964321       0.62608253344690712       0.51831522634523586       0.54725338289508496       0.52888617674053018       0.59963191503021374       0.54841942438754532       0.68056053351282519       0.53818587253784911     
  0.63555043791351984       0.89755802505832372       0.53293231932003526       0.55589223221941908       0.63766949174793852       0.57680070206278189       0.39031067971862443       0.53681219066645847       0.94350773276651545       0.62018339870122530       0.61866357541649242       0.55195037779327238       0.55797238002366878     
  0.57242011275711779       0.58655479106875241       0.57531561965419586       0.61531387362058199       0.60939493180881377       0.64706622295157479       0.59501139381825219       0.58527678888166101       0.68397743371923791       0.60210105223780830       0.57699527277871232       0.68569993072769508       0.63389523475219878     
  0.64767452568202089       0.90317137860973529       0.54447700634673490       0.57316701427394556       0.65266921124223454       0.59360765714065977       0.40304785210822208       0.55301424906006202       0.94617066595096522       0.62520479180442601       0.63361190535629364       0.56721873269761824       0.57606617858992348     
  0.61357442985235744       0.66046031515079406       0.53871607794544185       0.64931157697823483       0.59453258301839818       0.58713459745493102       0.50861914870392000       0.68230662675467157       0.62426628901087755       0.59682724721857483       0.68492477128523244       0.70150661114238710       0.60236311893107108     
  0.65971186914334878       0.90838918091640042       0.55783956688555769       0.59204715792337947       0.66778421291070122       0.61057007760445892       0.41759383748393886       0.57000578129019053       0.94877034202369459       0.63196034910739729       0.64996574384533257       0.58236696530288290       0.59342694924318717     
  0.71141127960027717       0.57103676703984629       0.55751367480661995       0.61625425669616585       0.55495094519036259       0.64840988063888993       0.68349056259411045       0.46241223043787932       0.52296008142886785       0.62368324023946287       0.60677177368925461       0.59747068296244987       0.66311538506516443     
  0.67224869821945199       0.91332268483739654       0.57162458810170036       0.60961297401132208       0.68417314654072869       0.62518914706945705       0.43198745598674632       0.58745967015058798       0.95136626978404260       0.63824146427395811       0.66627377876721072       0.59608538838269776       0.61016073613962085     
  0.68640714532618563       0.56417718124192251       0.65456647105818910       0.63189868734744259       0.61940635542234335       0.68357180728369937       0.66634971059374160       0.53762704945678952       0.56324827523693199       0.72689559773537948       0.66167442921720943       0.62987485509191199       0.61655104257571169     
  0.68537334006792516       0.91832257155944774       0.58555678451608517       0.62724730141811225       0.70169520428700527       0.64080185257863842       0.44685701794602284       0.60552120495112516       0.95397222952909211       0.64537865217684365       0.68146570914109239       0.60813574830611161       0.62602271158454603     
  0.61309310279914953       0.50766943580447277       0.65077555320298519       0.61911918627054185       0.62544459859343760       0.56977285296839730       0.65220082575739846       0.72209372152352702       0.55874851962871508       0.54790598661743362       0.60981398547944143       0.52230104140355305       0.64267111752624217     
  0.69729584568430603       0.92338247969491094       0.59943825615689106       0.64379996132555162       0.71926545367536177       0.65630375685965647       0.46215919002914924       0.62322079040602607       0.95655206283339145       0.65252025917164547       0.69452064990799700       0.62033871914897742       0.64193509728349929     
  0.57247305607572341       0.76208637309157645       0.58801387579813147       0.63006416180938096       0.53615026980773706       0.58134548887131754       0.61735330508782227       0.71251912129417139       0.63628068355609724       0.62391212647958805       0.63967329679657781       0.58827405479779971       0.60097610202292817     
  0.70887414252554926       0.92824515954396714       0.61328385228367677       0.65988070025534640       0.73686723137722165       0.67153572180944265       0.47876649169983615       0.64043959659255245       0.95910393653365345       0.65982707752473113       0.70723183541755907       0.63383913030521932       0.65897342451676300     
  0.63724873827571138       0.54518592619386419       0.67335430442597088       0.63821073763698644       0.61961250323602313       0.65882674316284529       0.62712713467550374       0.59272176457749814       0.63104468367766786       0.66214003479442740       0.57275414079574316       0.53234419492513685       0.68732859827694504     
  0.71910438328384751       0.93253798519641340       0.62724401898315840       0.67544643410497585       0.75319558239945195       0.68838394910761003       0.49477001406942883       0.65783434155037546       0.96164476455928338       0.66709684751254250       0.71950943848053950       0.64834745518385428       0.67630973179286558     
  0.57291237032615361       0.61016885234484086       0.51715500382996948       0.54270462807450370       0.63054224077781285       0.58441278274971420       0.56587090004279350       0.62164257363184872       0.54482877555111930       0.59093381251316923       0.57596788544800104       0.70419109741425057       0.63831628601981150     
  0.72946509759458611       0.93658547205952758       0.64162299171690262       0.69029333728711439       0.76596239578385927       0.70485092634618685       0.51072771739567480       0.67547289078956918       0.96415467183926051       0.67401222673822891       0.73314420672471581       0.66283815734814633       0.69381984900618876     
  0.60323753275746639       0.59268635848142714       0.72548923580909797       0.58256560270142022       0.60970384310035552       0.60782389196546172       0.65451548275871729       0.78076185422501776       0.52768733124574441       0.66269247544932686       0.63470581781712876       0.53720780840034388       0.61519453090592002     
  0.73979273541260238       0.94069261903111778       0.65685773517980950       0.70633404805279110       0.77913766360697589       0.72163662031780806       0.52634561414542491       0.69310985408264592       0.96663365730790263       0.68118789890153264       0.74826235985908685       0.67726705839881673       0.71075832867985300     
  0.60860016777047987       0.56625365514140669       0.74298322881397016       0.65765386158148309       0.59236147784190574       0.78240498388562363       0.54765940330393392       0.75957728275751624       0.70282695631172176       0.60676455742329982       0.57711793668094202       0.66265305459755652       0.52295750616720582     
  0.75072324714415839       0.94484768818825460       0.67265934775903580       0.72198750171221682       0.79298166426079697       0.73652391198898237       0.54307533061245705       0.71041815343016268       0.96905833008876308       0.68831785774851584       0.76317289557255485       0.69172656100776275       0.72814023264474459     
  0.73695085708036123       0.62716683011301522       0.59756461865738875       0.58437346443435700       0.68470487587424267       0.52330577225724884       0.54745283133558231       0.69819992915402540       0.64058441090753038       0.60179169838169899       0.54853992889566050       0.66253807586742641       0.53350606553014224     
  0.76382052871215478       0.94887358906318708       0.68890868344332057       0.73818307806175631       0.80742314505202528       0.75180429987127706       0.56033204430189143       0.72740391977162466       0.97145996311517413       0.69575849005440227       0.77840246908024713       0.70718009238107293       0.74573123391360274     
  0.64229980304112277       0.54215638915287623       0.64926225794520542       0.67009585490954016       0.50985071481476874       0.54342175951948157       0.66895778042079579       0.62339498212803790       0.66349171144816133       0.59082419147124920       0.62616002760663036       0.59345764960034164       0.66929774739677428     
  0.77376957730883367       0.95283309304421127       0.70463214540293162       0.75420339303187356       0.82376526693976604       0.76665456366717588       0.57999365513147494       0.74314236411601342       0.97368143734340673       0.70318728733139291       0.79349737065500270       0.72430895315641564       0.76239207893616290     
  0.53801351619543725       0.58329512469641198       0.60829943819234600       0.67219643129347673       0.54854903411790668       0.56150993148651751       0.73953238330625859       0.60539197258418287       0.67570725265016240       0.77824446869913255       0.60436961545473911       0.55182597124651733       0.66280431959562291     
  0.78336928439246512       0.95664838732338386       0.71976158733437801       0.77119333579748395       0.84121847245013226       0.78237775400254495       0.60048464689116721       0.75813806678764273       0.97590918927197223       0.71046215429798087       0.80850650216341513       0.74363731199114669       0.77917608026823404     
  0.50351182228358160       0.66415952756019059       0.64501540107226418       0.59728161684208769       0.63971479604899162       0.55036743810473165       0.68432673867173366       0.61641636998717864       0.60021143887324979       0.51742529457434272       0.58608104272513328       0.53655968095858653       0.58557222894729499     
  0.79276460509955438       0.96048245202523141       0.73514342389200826       0.78889030890794576       0.85784281685060848       0.79830050751590576       0.61993217057116057       0.77366151404844941       0.97822234376842743       0.71807007238703113       0.82437349323461684       0.76322769259163681       0.79683498848165468     
  0.56715107645224172       0.78054669643682084       0.75677151288663458       0.57099381517204728       0.69980486931596042       0.57017471759722493       0.58660568004297220       0.58793884852541989       0.59649387673032706       0.74405454182191499       0.72460521998597405       0.51814675679895716       0.55403255887786018     
  0.80342509074908952       0.96436235563424699       0.75083402830463009       0.80712165427943749       0.87345874791231237       0.81459997419208430       0.63881753141945796       0.78971018665568515       0.98023636855441199       0.72632430003719539       0.84059002410641115       0.78109637349746464       0.81461957148130248     
  0.61258749979781435       0.62934501720330693       0.66777403820416326       0.70554880888966109       0.68170172342236734       0.57707105903678713       0.54420254583637984       0.67891658190036530       0.68436879238163162       0.59271592831113906       0.66868120474579384       0.52358945489856612       0.57819675903104528     
  0.81601855394828093       0.96813593369686002       0.76811657893759755       0.82549283193249845       0.88834717018600518       0.83106499697534864       0.65830188265268519       0.80773352379642172       0.98206648716628808       0.73517184195962892       0.85604714696059558       0.79875496087944287       0.83168026197663558     
  0.60247707332461065       0.59681294039777555       0.66620083628673732       0.66163313656972866       0.54798929406132479       0.58355905679595588       0.57349500140980281       0.55989311251171026       0.67223302068125323       0.63987296828756368       0.70075427658115419       0.63530226056533512       0.63682927334357498     
  0.82849107281262702       0.97165983488321206       0.78633405996275185       0.84362693819376333       0.90172653086114762       0.84824969554550644       0.67813915518125656       0.82637721560307886       0.98382712275112305       0.74426103185917025       0.87088587189465583       0.81716591047605702       0.84785768358836533     
  0.58811518409527530       0.62191352349671769       0.65300016981397224       0.72726916240435036       0.66383890620623143       0.57942746775237675       0.61177873542913830       0.58860560780040672       0.56164210621864619       0.74074162750519823       0.59918605960476090       0.57087344996277767       0.67684493609483032     
  0.84001225054331075       0.97525414812180977       0.80206747169602510       0.86065477368999121       0.91469192844252856       0.86585965395041609       0.69765092151668662       0.84387706389995243       0.98559842179358559       0.75400039852350242       0.88549842128046019       0.83475019511458692       0.86338197312700604     
  0.62356692722782625       0.61844080172383009       0.79625866463087580       0.58651491673946787       0.64141323860631594       0.67832531814014874       0.57362539693376757       0.55910037547124880       0.63439207015745092       0.58364840728190848       0.53007046991984319       0.60826882906800162       0.64252115637496943     
  0.85127622760734944       0.97883007448583226       0.81772125654482841       0.87728346714502969       0.92622786093790133       0.88265357467956529       0.71727297448729144       0.86014459931563492       0.98724420903406407       0.76446414343269298       0.89999304262687752       0.85295327514173558       0.87851375888647787     
  0.55422507755629935       0.61171669130500250       0.54244427074180568       0.55628489791581814       0.63620159837025636       0.64389215476894091       0.58224431240690999       0.64030947281257544       0.66298350955615104       0.71774960989983327       0.63440488045905696       0.58648498636787694       0.53889604969555283     
  0.86237195523852517       0.98183430942765770       0.83416850611960669       0.89191550425232835       0.93536860660909726       0.89822853747365472       0.73812612774062991       0.87607895624136101       0.98879060801410590       0.77581666211146016       0.91422872055669568       0.87032292205261519       0.89386391149647793     
  0.53329943258079993       0.55131076303253124       0.64355344670672110       0.57232319397401255       0.53776899564873148       0.64921448946882776       0.64875761795906350       0.55413096486338864       0.54168695263394462       0.75773436819456952       0.67362489767488576       0.54290358175973519       0.52844837561348323     
  0.87586141903714587       0.98463030872941415       0.85349219508062435       0.90733437125465721       0.94506148251571842       0.91209333959398176       0.76083536203990088       0.89214271001166090       0.99026974412766255       0.78950342189831935       0.92776993816582221       0.88891735643508896       0.90919995610964255     
  0.62572961789555281       0.62712944677164595       0.64241373617922926       0.52333558822799620       0.54612934074846275       0.56161102702818921       0.53704038969823231       0.69574932138901202       0.60581220870336694       0.73229889019665495       0.66324521142875104       0.48469221248228705       0.54176671153089617     
  0.88943895342273549       0.98711218849803339       0.87576259197520911       0.92406267975172030       0.95482957281607883       0.92533521204931724       0.78477919135129670       0.91019098179165570       0.99155153278293628       0.80338135577427394       0.94093204484781334       0.90813035537049502       0.92460355070750189     
  0.56366572184522834       0.64750080564383161       0.54340699753198474       0.56775790195455467       0.54789316766366747       0.53828035794544560       0.62704710306516376       0.59687796880086441       0.67361556417904223       0.56947472520782172       0.60348007345898225       0.58765965489561445       0.64693604921873482     
  0.90353204776374207       0.98934659660578617       0.90196649348493818       0.94079707322633910       0.96492713396819030       0.93892373600801249       0.81066420539815853       0.92785552463518994       0.99275555690463946       0.81762966818887772       0.95353395314438960       0.92790202289344814       0.94018436241651038     
  0.55797329739719881       0.57130752382788241       0.72040252637611679       0.64846435367317912       0.58644483848192608       0.48318793235430801       0.58841207236081161       0.64533526874002056       0.55248898971199156       0.64350222857846384       0.54818219580987837       0.55388643576757535       0.70945495362484001     
  0.91860704110198432       0.99138736190530019       0.93005817972497473       0.95682921191232551       0.97543127543405894       0.95300911841535496       0.84040741171799171       0.94671771054653231       0.99412779522992401       0.83669433703011420       0.96577582885110869       0.94686341616411673       0.95569337771469265     
  0.63396465191315454       0.64597646355536575       0.65949069881049649       0.61892500665233741       0.76702891330992984       0.64133589003581271       0.64999732543354849       0.75322315165490084       0.55886308643358384       0.56835629753301131       0.55801643737242113       0.60177668359393532       0.66275959047169675     
  0.93595152925211933       0.99337859882426682       0.95630269332118645       0.97189021738724846       0.98406219351038959       0.96882999440521578       0.87601358743187308       0.96485763678665837       0.99569358681327580       0.85595753362542371       0.97754562501709730       0.96534179498203065       0.97116527891419946     
  0.58380028250755189       0.60392147813444896       0.62609550802629133       0.70794543969408030       0.61698746107985325       0.77772566580410973       0.56993263447741027       0.64119454807698584       0.65460169845158711       0.54997183917853920       0.60188887389598855       0.63464579288382617       0.66568954568507144     
  0.96239794091744202       0.99630032451426453       0.97946123821265718       0.98644139721073598       0.99192784524336663       0.98466081520798399       0.92521429106037323       0.98291058515666774       0.99749642689447593       0.90123381186089013       0.98895545692206310       0.98264603530535499       0.98567063839160229     
  0.58667440594851716       0.60001687786805535       0.51395972801609191       0.48939905594234878       0.57306266412803319       0.78113437952035658       0.71925852507942634       0.70380258749966884       0.62270200013398658       0.61163511336937693       0.68424651682766136       0.59866047997147009       0.60503021421566994     
   1.0000000000000000        1.0000000000000000        1.0000000000000000        1.0000000000000000        1.0000000000000000        1.0000000000000000        1.0000000000000000        1.0000000000000000        1.0000000000000000        1.0000000000000000        1.0000000000000000        1.0000000000000000        1.0000000000000000     
  0.62635449029578893       0.55364638134309097       0.65210469916457825       0.55724652419101772       0.55349458678639818       0.64585251710725444       0.68166703365746339       0.55971387843652010       0.53072228992485604       0.44637412671223708       0.56330445105932314       0.64867784879428991       0.65826749906885063     
   0.0000000000000000       -52.585618843597750        2.2165961316819001        27.478867107052515        6.8314767755730843        4.3679995245309149        9.0751256318778637        11.566382046944799        0.0000000000000000        11.086006783210344        3.7639773688634781        5.8349802157734878        4.2491436917220211     
  -18.699315087530689       -6.5293978540464330        5.4969665623146771        14.135079806117103        14.121948600577319        15.190068554253720        12.443110783622970       -9.9219763269878065        0.0000000000000000        6.0619134890023227        5.7923208406698450        5.1035539280221176        12.785377218264815     
   6.5313712095190049        2.1596474887916117        21.560893787225986       -20.567017756119046        13.813276631737040        16.087651638605227       -17.648482766370659       -20.892063345120640        4.5219753235001381        4.6700645557956104       -13.594161220566097        3.6125196112939939       -12.394698163963401     
  -10.296293167745926        4.8986170198508203       -1.3746942533444508       -6.6734848497356065        7.0122896622512867        16.607163506308105        11.705001249159389        8.6869962055202663       -2.2619971554297309        10.406638135100007        1.8473596383224931        12.587958473335524        5.8426993457045642     
   6.0987842535639141        7.1513949846162141        16.381552967993539        6.1917039614736931       -6.2527029714076745        6.5720739619056330        8.1585146649006681        18.385415581316153        4.6443554338788395        2.4463158030768333        27.878351698865359        17.242209408894144        19.059948874536300     
   6.7300074413691959        6.2094273107479392       -9.5859016603049199       -6.2174470089703808       -10.327717144910718       -3.4258701974491581        6.1495716404362204        8.9482275104475519        8.0440553725853725       -1.3952929080111911       -4.4587146050744666        4.7830909677062872       -17.502607872116538     
   12.507800827413318        4.7564775524025000        7.9884013575230286        8.1931556840706197        22.957090763181181        8.7636792553756759        11.101989991461927        5.1060312983283165        13.838933494816136        14.739162710288616      -0.86190202704167773       -8.7319855699758460        12.664371580234290     
   27.978172351563675        3.8938856199157361        10.104870200078857        15.667327795930795       -2.3165353029511744       -16.226667834381288        11.983859879628572        3.5852808942043590       -1.9572487708922748       -1.9532805286841632        16.244582992523739        16.232446772163144        2.2822116698334276     
   1.1179869407664296E-004
           1           1           1           1           1           1           1           1           1           1           1           1           1
   2.7487098417197036E-005   1.3932003047886980E-005   1.5376872584069377E-007   2.2160414163316005        1.1803907717740319E-006   3.1095976090511028E-010
   8.9507051989957303E-007   8.5411971046192670E-007   2.4141724085706324E-007   3.2598914114253841        2.4139888503603782E-007   2.7679912073053835E-011
   5.0000000000000001E-003   2.4420346212068003     
