   0.0000000000000000        0.0000000000000000        0.0000000000000000        0.0000000000000000        0.0000000000000000        0.0000000000000000        0.0000000000000000        0.0000000000000000        0.0000000000000000        0.0000000000000000        0.0000000000000000        0.0000000000000000        0.0000000000000000     
   7.7677563148928746E-004  0.14410570415183518        1.3324389808330502E-002   1.1616959014517508E-002   2.5610472014544871E-002   1.3753767727980707E-002   1.4501169013368457E-002   1.1472516238166544E-002  0.56091720126248135       0.18545751931217824        6.7455633686734226E-002   1.5653421786711211E-002   1.3281394923763864E-002
  0.61529458050024743       0.68432442924313086       0.86857993735510586       0.70529849771113662       0.68350318781629693       0.80279346235110238       0.94813150140467350       0.83083106740391410       0.64879260387839977       0.63147034173598937       0.66466018323114595       0.85224902353150411       0.81712437465291576     
   1.3927758634215989E-003  0.17784046935554151        2.7506269849508304E-002   2.2656758492464943E-002   5.4562172711949249E-002   2.7244885288973383E-002   2.7683377270351951E-002   2.4239976768791159E-002  0.63151972251670241       0.23886284418855974       0.10728642171244217        3.3632760708212042E-002   2.7024824100488513E-002
   1.2965791090004251        1.0460696671003153       0.78638721065658457       0.80906648664669645       0.71094213773487558       0.93159900539166185       0.80480550202640944       0.74903659916237386       0.86519260088860250       0.88159379605639920       0.79506511165693838       0.99628100353607729       0.85011258013385949     
   1.9090262466591869E-003  0.19283213429428023        4.2358597934131610E-002   3.4783094502094124E-002   8.3613311787164538E-002   4.1684801430123063E-002   4.0642143506652878E-002   3.7863801105809822E-002  0.66032425125350369       0.26921486320999521       0.13585170197916410        4.5572812777096725E-002   3.8149119839737830E-002
   1.1350245830032186        1.0170824297658054       0.83188092983850281       0.94781761938267750       0.70773868104922177       0.81673152351851619       0.90966883978654822       0.79652411763298903       0.80919540072115281       0.74748425029424725       0.73276024328778011       0.87376596799563921       0.72500960746410237     
   2.3932323409632584E-003  0.20667278920084112        5.8418914165942526E-002   4.9476665110014181E-002  0.10912816148584646        5.7334560606750087E-002   5.3562632935186774E-002   5.3351862227683872E-002  0.69923566059665143       0.29181531633842400       0.16877231333259735        5.7452606804734407E-002   4.9660850470336297E-002
   1.0910212065509770       0.90671602007186869       0.93380631647517232       0.70877650841115636       0.75702378590754460       0.86302325234414357       0.78221305708588240       0.94542084003749449       0.92775027981431313       0.84477357824644450       0.70569549211222504       0.74335561534517747       0.90463827989196821     
   2.8763258067748760E-003  0.22012245443080972        7.5999183600059084E-002   6.4432156484236600E-002  0.13394062844032556        7.4712524702776839E-002   6.4359518195073614E-002   7.1508929557317399E-002  0.72888645407731889       0.30941954594572735       0.19483283048578481        6.9945369982874761E-002   6.3256116914432337E-002
   1.0684722901880308       0.83431818881442144       0.98757552343589639       0.85436493130942781       0.81786148596403285        1.0319434946730115       0.80582659923527744       0.94656930208481271       0.76012397373341578       0.79210416491750568       0.94486286649115292       0.95291387170663933       0.87007877109698195     
   3.3812337741317652E-003  0.23494503292437277        9.3738256093332542E-002   7.9150826856986101E-002  0.15685143632340950        9.0939321905709025E-002   7.6397236107323838E-002   8.9027287798748425E-002  0.75285420837813166       0.32571917443336157       0.21869374436224387        8.4076466810298872E-002   7.6396680690958743E-002
   1.1150669399475515       0.76836734492889081        1.0315391503306235       0.97648181947335688       0.82533193543990202       0.90151404613032449       0.83336555873194307       0.96563873017546753       0.91193576291255163       0.81673417067776988       0.89724318245817403       0.93354921464279161       0.71425672427824016     
   3.9080821071385803E-003  0.25686726888726652       0.11089731798769420        9.4469172890657024E-002  0.17800279096696420       0.10653112478375405        8.6906300034465436E-002  0.10747753890859121       0.77140420180683067       0.33994736918260127       0.24110881616046387       0.10418848564681463        8.9537434175728250E-002
  0.79244748684310018        1.1167072734268142        1.0187890763842158       0.84104556875506786       0.80076724020981660       0.82646796264019751       0.80123571717994990        1.1493080833480223        1.0562373392707267       0.79078976401835899       0.86125313496010236        1.1635958983053893       0.69138414070886611     
   4.4985289117981404E-003  0.28354095380632199       0.12746343299309640       0.11046474790075581       0.19725923711390073       0.12234629197230831        9.6324698668539460E-002  0.12592882944549785       0.78593521588882720       0.35502351009937783       0.26053169935486964       0.12419592588786010       0.10400160892442246     
   1.0576168331767566       0.79630554116903407       0.91536888577123321       0.73734327704664449       0.80673680527134095       0.94589722803566045       0.77076713594069224       0.83368309442620370       0.93423998925055207       0.92670337020695470        1.0476166501224957        1.0267008082022491       0.95147071383423676     
   5.1109021490967754E-003  0.31091596010724420       0.14357349469947600       0.12767554391376373       0.21638328750152766       0.14010658736541604       0.10742403239468941       0.14288818374319215       0.79734676923592773       0.37105431829127783       0.27747155188284212       0.13966956968010499       0.11854670112843849     
  0.92479124483282360       0.83282597253110424       0.69663003865050610       0.99008956967480000       0.79361074275407006       0.77820954942734710       0.83322849493334639       0.76060006018695381       0.78575722123328828       0.97721587120584319       0.94524125265309777       0.93452200571869615       0.90496343416097902     
   5.7717353018836154E-003  0.33354242181094268       0.15971345485188976       0.14491667079171233       0.23740988052771961       0.16072071748816907       0.11943567960237908       0.15890167702630331       0.80694659769785249       0.38521263176083365       0.29224529164560142       0.15478015665643483       0.13250253645232424     
  0.95750497611943375       0.74530791154932019       0.90753392965701785       0.95926742666825227       0.78928838804819901       0.93201518337682332       0.82349850916393619       0.97055565662472898       0.81122113513968286       0.74821858046971501       0.87877132807949820       0.76007706698987243       0.76257636251477146     
   6.4993197399591139E-003  0.35460570530117880       0.17653376940515375       0.16091999205434721       0.25861998216568205       0.17453467644777251       0.13141653873607739       0.17273621525650540       0.81570530779019101       0.39811391050367118       0.30428897128935245       0.16675318226108080       0.14547079785762235     
  0.84269159093097801       0.80499834472890053       0.76243706996982086       0.81029153423026989       0.92222058418833408       0.71005347506917116       0.76531289228224186       0.84046116756677469       0.86958634595985529       0.91421050866382092       0.87741601056874585       0.78684766975474030       0.96281304459875183     
   7.2442591267973758E-003  0.37658977684449402       0.19358900873640841       0.17686118272240503       0.27836780030519614       0.18874617005210143       0.14490343029319433       0.18736963136702631       0.82343972938659860       0.41019017269600766       0.31757652028895639       0.17798481033380634       0.15907783595152916     
  0.82877341356030565       0.74657461657640922       0.85493037088437518       0.75337936200608624       0.90867151015146674       0.93657938832487886       0.81976453187404252       0.73163465921871695       0.70216811163978765       0.89436473700259977       0.83030996865647355       0.73652405162245249       0.77975026112337265     
   8.0711954509161982E-003  0.40115730961715096       0.21121454927148853       0.19192004452664599       0.29841216423356248       0.20307238171708436       0.15791762389982686       0.20247761216759114       0.83065739661839644       0.42173175185774808       0.32893862673783347       0.18750680474074133       0.17346040887761657     
  0.80503914839099489       0.70586859143811798       0.95686906973565777       0.81996188662612324       0.83503600004967504       0.73782224213734604       0.95010412506676734       0.87731231085515327       0.79067857445056011       0.80486596826319112       0.80820273499722517       0.78285138336630744       0.80602363792942311     
   9.2734577861841028E-003  0.42231271636671008       0.22837805484885954       0.20489021619680028       0.31537138504369477       0.21694605331888581       0.17144668480250302       0.21759985797367271       0.83873595538767831       0.43310720539732350       0.34096453739580396       0.19640707385735823       0.18841289082394494     
  0.81291758755850563       0.72896306847801129       0.76478601354517217       0.89469510457655965       0.94971309062856901       0.91348027725773040       0.84690566735574535       0.92394561760195248       0.76033757415373626       0.79086947056772439        1.0092699737317570       0.69431457735219815       0.82456125961589188     
   1.0446927278596807E-002  0.44126980295776380       0.24572845049298278       0.21864910901962373       0.33443178621777220       0.22951436222480548       0.18424678499710978       0.23203213833994338       0.84602465278624828       0.44263491789833981       0.35203661539332470       0.20701101086212201       0.20548798221520470     
  0.97948237387917059       0.70093863774212828       0.80405407755713265       0.81852694796559333       0.98076862492706784       0.89228743380154696       0.92168135984691602       0.84116714293295092       0.75606133555244392       0.84700633375085765       0.82598886209376077       0.84068730121731594       0.92942905490803140     
   1.1744310679768338E-002  0.46138918235033083       0.26232067943526521       0.23163488133946755       0.34596775262641100       0.24297493530719383       0.19744609741829949       0.24663897460819550       0.85377062336258414       0.45247025391557349       0.36461173428488797       0.21958294325525082       0.22337639528901670     
  0.82678937554457310       0.79918423686745665       0.75037238593883848       0.81250082308333926       0.67199766557352514       0.83394814109436988        1.0193899486805049       0.66951878344036708        1.0301396862096537       0.92709870583074627       0.94372100878448351       0.91946334796115947       0.97577399696286782     
   1.3286779703521672E-002  0.48085481127765040       0.27781895746637442       0.24516208881721852       0.35583982640098433       0.25742196728639111       0.21122450244605068       0.26157689252656441       0.86140575414657439       0.45953582477441440       0.37711963648473878       0.23340736686863434       0.23944115315227021     
  0.97679727941427708       0.75617976264195919       0.84078193416560676       0.79484756318420957       0.76788746785111284       0.82231108298444011       0.94592975681825431       0.80014846753158730       0.89974713419686037       0.75093561876021064       0.85454818816831213       0.82434700351763845       0.77375422180436204     
   1.5139923417838201E-002  0.50128976767094913       0.29091989398474483       0.25870899671574338       0.36559457999187683       0.27299406937524096       0.22498640166071016       0.27774995313478817       0.86837491092413965       0.46714390949265144       0.38799575228074157       0.24566396597194315       0.25354691114132200     
  0.93231365023588442       0.83627538275307511       0.68818194195051896        1.0059204182774348       0.76439807622173417       0.89419268162679022       0.77191040039069547       0.89045044180141220       0.97318075552754835       0.71171385531873310       0.72522780901139494       0.77357407111923071       0.98463919498165964     
   1.7022739577257272E-002  0.52257250117788712       0.30226644099605726       0.27324858673734098       0.37683860923399165       0.28851400343718769       0.23779854610058510       0.29634322299936539       0.87476984897295085       0.47488875797020980       0.39888413989191751       0.25766974461938286       0.26448485260238774     
  0.90857689264427888       0.82698490003958514       0.70012228832033174       0.70368593853267436       0.98940086036970443       0.83360638056526681       0.99190770312063348       0.85412999814107693       0.79587703616501015       0.73583728789704195       0.92212062124865124       0.83581518619565132       0.66175491309487211     
   1.9240269792627260E-002  0.54139205200862950       0.31369931440917359       0.28840031499929059       0.38931779413328887       0.30383251803280065       0.25196131936810628       0.31427952182141855       0.88140943657170345       0.48382501751659240       0.41010444233705368       0.27231642151423080       0.27445214655032713     
  0.91891273747555391       0.83662813785283019       0.79312230155827457       0.82475308086085686       0.81660088470664183        1.0333993257562664       0.91794216642632531        1.0540991893774776       0.90970170080128088       0.94355952357463369       0.80587420132440446       0.78143669395721860       0.89255633163465165     
   2.1455698923983184E-002  0.56010826737595920       0.32734097566802783       0.30320066255280287       0.40215751061470584       0.31982719198864296       0.26655178084829628       0.33153937905043912       0.88508309286081999       0.49292598495523321       0.42176904815261818       0.28790401848743180       0.28423981622118483     
  0.97293085469341944       0.74968700445264824       0.83500635911971588       0.89475352605587444       0.81346936546807469       0.78905549815649678       0.87206120015377675       0.82237279356880089       0.77579062817430622       0.78885978189668327       0.79939674105959790       0.99942306060667430       0.68890679890334239     
   2.3938614992222877E-002  0.57888783156789592       0.34452872279750391       0.31736228712979914       0.41432776197791343       0.33523258052916000       0.28198005364852691       0.34773180959156080       0.88872958287157366       0.50093949550785943       0.43468642271582941       0.30405168691208739       0.29449627906972053     
  0.99227524193777283        1.1110333362695919       0.80852008886767457       0.80306567371963422       0.79243826149139462       0.78699507196253204        1.0633112668271882       0.86891253245267897       0.87805922108813805       0.84182137464796569       0.85718170559889384       0.70587573493187894       0.81752220546826515     
   2.6592322267434441E-002  0.59683045665841872       0.36169523595954894       0.33164005143531500       0.42513712443820140       0.34886804023417473       0.29824800312359812       0.36358392301570946       0.89191206465843598       0.50848322600758977       0.44765606173661898       0.32026378918374060       0.30491128247629440     
  0.88053681768267900       0.84554242175156835       0.92410559112013690       0.78131936035106186        1.0177960690175112       0.83591700440189665       0.88448609245382681       0.88810759135057638       0.73230739834462200       0.79185096557441548       0.88864033742448956       0.89971769351257247       0.68674996076179917     
   2.9441224592714369E-002  0.61177810716283798       0.37969051196326697       0.34407539286515249       0.43583864628547986       0.36060520075269203       0.31447457904541826       0.37841313387806358       0.89483946103198453       0.51545141167248443       0.46090694726862796       0.33587485183736160       0.31273953677330302     
  0.95398834489097017       0.76973525068438231       0.84959308413240742       0.70184054755458081       0.90042401509902015       0.76273383331592681       0.77039529735521861       0.82783941643048942       0.73768410362906567       0.82133825921567738        1.0738415577921212       0.74906135576136101       0.74900816194507025     
   3.2349813517715438E-002  0.62608318887528547       0.39731108317275138       0.35895208234326209       0.44718521048771065       0.37106750164203711       0.33064433922750963       0.39495159017276754       0.89789204617435492       0.52186855717798952       0.47400433189964192       0.35118899667722175       0.31956082955092302     
  0.92547090829649892       0.71584112336973926       0.79877417671002993        1.0783328581221845       0.97102599949598334       0.66197655571402969       0.87209198827639556       0.97591912284664184       0.72544943327522904       0.80381830256449582       0.82858770968355366       0.76008077001673513       0.69300474785606569     
   3.5248620238740445E-002  0.63975278120598611       0.41397908915495885       0.37586851991049475       0.45960476092409019       0.38079175816681976       0.34335336572853514       0.41186391640674525       0.90117849792827354       0.52840524533975031       0.48643786477850159       0.36562966927901730       0.32774946564399948     
  0.91202584827728339       0.80883752263361619       0.85453712946136007       0.89387108105923840       0.79368098870856107       0.73830247358806333       0.88664360733598890       0.95981482777248550       0.72180219327331940       0.90729147443657365       0.84599205691424217       0.73134878283953619       0.83138993749883372     
   3.8312085143734707E-002  0.65288119593928928       0.42944893514337329       0.39286885583034392       0.47244017174705916       0.39135204835613652       0.35354991406437147       0.42818025836353152       0.90482597786753238       0.53493634296246406       0.49904479393508278       0.37738666283965810       0.33627341606285815     
  0.72531841991371016       0.76926678807112747       0.86291834763723840        1.0136697265913959       0.82519617901199238       0.73771534146155016       0.86999208976588849       0.90073877256385959       0.88617978058776614       0.70193607054272444       0.85595434778788249       0.81188164363279325       0.65493164801500114     
   4.1525672609854319E-002  0.66761968808333438       0.44211579699838066       0.41103688635409086       0.48403066341472822       0.40702387447210370       0.36298054531103546       0.44485620578415153       0.90864590804061718       0.54155869909898091       0.51171325820753044       0.38979037487691232       0.34735390052913151     
  0.92475319193964589       0.88527362662998033       0.83533368943687125       0.99807687817266211       0.80442518455334744       0.82482636474206694       0.73850286786605390       0.73871365594563299       0.85060939700341709       0.84376970766721027       0.83057226191164757       0.83812162224859166       0.74981340742737412     
   4.5483318699460727E-002  0.68375464447014134       0.45965903723135210       0.42886309566050185       0.49554892224161584       0.42310981657437585       0.37219629982772728       0.45536274772295909       0.91219977282781417       0.54849134625409179       0.52520037150541177       0.40131223554597040       0.36066752293126886     
  0.77211060029871359       0.77123010320898533       0.89693543756210170       0.89596885565130646       0.84476415896113644       0.80482158164887541       0.72170426045994274       0.77054089938588965       0.95055200563575815       0.80233146122531274       0.79780055046560483       0.78447638171183687       0.84906105787497066     
   4.9409979389722650E-002  0.69970642916081738       0.47768431753080226       0.44545184858202314       0.50757242155568916       0.44262287749016960       0.38241462563968243       0.46474068236568017       0.91548817782638148       0.55620479853442273       0.53983580049493696       0.41440673211956403       0.37605127531799071     
  0.87581990047169000       0.79264074779363469       0.87305402498528117       0.85345644875546312       0.88521875537573091       0.84332722648569203       0.83192003966982120       0.80378092175874494       0.77928320259459261       0.78100675749896165       0.95608927729324278       0.74307756717132079       0.80137048515837306     
   5.4007001250808345E-002  0.71468788152599450       0.49515935291148888       0.46195279965650032       0.52009563718776131       0.45921478212071720       0.39370137230690772       0.47530832610293100       0.91867134180710552       0.56332431000525485       0.55386689848206039       0.42886183366631359       0.39292440077076646     
  0.86554790960734918       0.96212093090816431        1.0490989937666684       0.91898240839949652       0.94204499762287408        1.0364051869162543       0.74770429211703837       0.87466431264480826       0.89144844844219562       0.82070927403946425       0.76472068378385794       0.81391042089241916       0.81272077024851019     
   5.8877410087559083E-002  0.72913736689828379       0.51246583954787284       0.47770856876775408       0.53368359653354935       0.47701675861477510       0.40489383345232510       0.48779235802143578       0.92174507180987131       0.56959540173313628       0.56728879685349465       0.44543320407925369       0.41096141994535501     
  0.93409355378794490        1.0211186294326182       0.87515066461818314       0.86556646219058986       0.83639994844850241       0.89162237551317669       0.78457004441263223       0.73489574925626444       0.74098667598648205       0.85197056510276203       0.93068550396027772       0.77654352689103545       0.81541732748165696     
   6.3350304659573711E-002  0.74199427831064790       0.52973427325794442       0.49332535951645373       0.54826702167691344       0.49446746968754440       0.41588855938938851       0.50077907998827831       0.92450018585607252       0.57556801642468680       0.58075918640457147       0.46124671040954324       0.42549497358633864     
  0.68432442924313086       0.84090750619892896       0.84542497519017712       0.92147540010514117       0.74497682384907959       0.88049632400490208       0.89490547032697709       0.82803685641997060       0.78291607279238096       0.80115902782109016       0.80776789539870930        1.1416627389601108       0.90821986460663817     
   6.8116547596696220E-002  0.75396884486344351       0.55131008537363613       0.50973102094579181       0.56268227366999302       0.51290699606299306       0.42679369673925466       0.51456791703548477       0.92723619919704592       0.58163353007956997       0.59495719199569486       0.47654673144006027       0.44033365551441267     
  0.85545367909012215       0.88929562375089188        1.0345316594544356       0.84741612114896547       0.96488222900293363       0.84194256068236040       0.70238582327729338       0.98485546243060573       0.73868165507431238       0.80860812983738761       0.86600777587804367       0.69982973132555382       0.89075204421033027     
   7.3410772956611331E-002  0.76532024317310388       0.57068780643624473       0.52531060605357949       0.57860537238184839       0.53276678428132895       0.44051329582826670       0.52853083829804404       0.93040497482752849       0.58882274409219404       0.61125515934821006       0.49185448748449728       0.45930020731213639     
  0.93670655033826833       0.80990937812159636        1.0275732629106347        1.0515581643953384        1.0228854454298808       0.88356176688232924       0.72325371568249763       0.76767114531995251        1.0462450191702757       0.84873429851979432       0.79716012213758847       0.72385773047439150       0.95716012679296025     
   7.9097385621200264E-002  0.77520779539130269       0.58941348636326452       0.54232391509921885       0.59532668292037272       0.55311117962080836       0.45372625482409795       0.54250298506496841       0.93347662914967744       0.59618356305865550       0.62800791350549179       0.50808855510964412       0.47955061160710338     
  0.83565766321600465       0.67086629256633568        1.0864233052960783       0.83539947123744085       0.97339594481395642       0.85549091878780936       0.77199993520096855       0.77875860458793666       0.86223609941830737       0.74949837971898103       0.84106145924180764       0.75022732370521050       0.93966182099947315     
   8.5269725487071665E-002  0.78413374909810785       0.60853737472185843       0.55937301686992902       0.61048703559943918       0.57309206046921302       0.46284754168876480       0.55631054529701685       0.93651360262477701       0.60355340353475961       0.64369686722246355       0.52700942752816426       0.49827884932255267     
  0.73506457141598114       0.92474943487778061       0.94232587287846836       0.82375772511738998       0.95135505648408569       0.81343662934442951       0.67079671253601558       0.91155640841243057       0.99267463076016593       0.94769569305656132       0.84782678706211634       0.97475106160567404       0.89896599722788317     
   9.1881643150875658E-002  0.79344712253807348       0.62743329696149863       0.57634331686635354       0.62498280620446800       0.59210749638991444       0.47551076190546671       0.56876966833733211       0.93940005972839780       0.61116551951698250       0.65889906587727209       0.54494837905319915       0.51464913926957623     
  0.88324598282566558       0.92284253129626481       0.73742148618832504       0.89545831451320124       0.98391262680702873       0.92864213527531558       0.71340881267219447       0.83598520955166822       0.85760277258875073       0.90781157020618219       0.76818444091233851       0.98071891433940206       0.79612794715297641     
   9.8573970619699885E-002  0.80329128391989535       0.64602599183823217       0.59259246878751404       0.63949292307910066       0.60970044268736823       0.49217518981520669       0.58066341808752264       0.94217266199987337       0.61930171745790563       0.67440880852874230       0.56161541612678834       0.53338093306490997     
  0.69547755613635642       0.88199921873040099       0.90283623567105964       0.68768914669295766        1.0007523327399910       0.90782134879048959       0.88985020892848976       0.74171047281066094       0.82607338054365576       0.90800773296077675       0.81540012352951574       0.72473660872380707       0.86417909259189440     
  0.10571734245336591       0.81315478393427687       0.66322829197689515       0.60891833110617066       0.65246742102679034       0.62617358957755798       0.50764701359177145       0.59414732979742080       0.94495239173061130       0.62740876451994321       0.69061572236442181       0.57869717575643365       0.55203805230472791     
  0.66598491024393658       0.84052768232495978       0.85118940601008797       0.88140869263351962       0.85560829042889908       0.93096593018847440       0.85143573197328570       0.75019062817244242       0.84816760853380535        1.1094714245599460       0.87478487050532094       0.96052044729855512       0.86532899605378499     
  0.11327491253560473       0.82235259814590511       0.67899384294492193       0.62506507244226950       0.66416624044057559       0.64275571153409661       0.52345079724870469       0.60949020071232762       0.94778172278920292       0.63476978578503351       0.70764483627575114       0.59567150218184328       0.57190452990608864     
  0.82555230741846564       0.84241390808883942       0.76592461685916458       0.70303904079729573       0.72161935220684192       0.83786076882727956        1.0333922128362090       0.76118296008868014       0.78315046986964743       0.91057258429218391       0.94148549001643378       0.76696114975386731       0.90229058177167021     
  0.12287583970210712       0.83038033127635924       0.69332286552919731       0.64187701246447204       0.67590002610090449       0.66029029328296107       0.54000408230638597       0.62647342259783145       0.95061839174359086       0.64187416983179302       0.72610780336711900       0.61100825160550998       0.58967914820859624     
  0.80744797657457823       0.99097777062919445       0.94196424114782717       0.83039210310003519       0.91290325752736745       0.84034105259322245       0.75034983065867356       0.94744947242964572       0.82879580889817406       0.86623998036097749        1.0446521513333826       0.98882975417569985       0.92111636268105102     
  0.13277631821731989       0.83820532845971607       0.70778344131928639       0.65823783037140227       0.68738857530450870       0.67920999029432472       0.55842338119521806       0.64341995122771045       0.95344921895103307       0.64881294764490050       0.74547261226537875       0.62567687851546250       0.60446455392842546     
  0.79796756444497674        1.0029610232353414       0.92880153953273925       0.92024541917086788       0.90257833120784448       0.95025709366344657       0.77061249887084982       0.89951409946992533       0.89172697103524523        1.1181526971798370       0.87011154896739451        1.0812369855981907       0.80093188082119848     
  0.14381652302295178       0.84547632426597541       0.72286233071439276       0.67444677986846058       0.69837813589425912       0.69818830373211649       0.57879663169201967       0.65981024079477812       0.95633761300010200       0.65493230906347155       0.76282820615966307       0.64154632691319347       0.62015844393975461     
  0.80502325818629639       0.69816519528065024       0.86918961576755860       0.78804502987616987       0.83599813179811489        1.0854337114302544        1.0073891029614535       0.83365810339764068        1.0591271861768894       0.80697397748721722       0.97378351499627525       0.88026758239891933       0.73051079340534286     
  0.15702990405801681       0.85233606163135966       0.73974478132013533       0.69131190574945245       0.70893822363019221       0.71616986743058542       0.60144393177461897       0.67520995673101136       0.95867888656349209       0.65960413261927264       0.77795435536681212       0.65797022265058225       0.63762049374849450     
  0.72640038452548328       0.80131760183648815       0.89496226717145422       0.76704547074540652       0.98487061197186310        1.0020641397518453        1.1018277078596701       0.76733945329517916       0.86410710115365541       0.73689459795742107       0.99881651595147392       0.93515513674289930       0.91537663398179525     
  0.17335051274433971       0.85945873280226903       0.75630468102310033       0.70853361154826389       0.72048680263651144       0.73385294782768851       0.62180094534383590       0.68949119332492159       0.96080687772835549       0.66459515224377352       0.79109974179209053       0.67374180310912646       0.65559566353696175     
  0.80569073262118640       0.84142314461201895       0.80398330029544895       0.82699603682635781       0.74748418442746012        1.0491987904213760       0.93782257401209668       0.80706245365193685       0.92132109081413061       0.79581757897635774       0.91407059488111908       0.88977932290739770       0.87401142133386434     
  0.19133440130456975       0.86644152989054701       0.77160519094329971       0.72747289379837787       0.73460227444716808       0.75205808247890071       0.63955084084294589       0.70338579359843401       0.96291190707756336       0.67082870483853185       0.80331566148044309       0.68834235216348882       0.67499319968069904     
  0.84754556449468954       0.91393867476794977       0.91306991186849307       0.78195005028443965        1.0514091383146063       0.99151496787213111       0.80729958682684300       0.73123051310195397       0.83729981861902403       0.81510391239177071       0.74588642242533965       0.92445607314431155        1.1372601084268728     
  0.21054875842813484       0.87330109178062665       0.78618799606939693       0.74586672440515389       0.74730697541387026       0.76944555959323779       0.65840081252337379       0.71795509445135208       0.96504908316739746       0.67734229032258964       0.81573085155692049       0.70409398668429757       0.69484924318163932     
  0.91072964223317321       0.81552270892273582       0.93347224607377044       0.82284615071124645       0.97810742559737618       0.82440091800558768       0.91472272308463320       0.87937996193718382       0.89092781007957134       0.88616243031240005       0.67606562976753581        1.0254291384812622       0.88088302313430811     
  0.23248908257391049       0.88045977267041420       0.79989046388997787       0.76476874440257092       0.76396017728906007       0.78383539567187432       0.67857736815516645       0.73400541449012091       0.96723023169006805       0.68436592610248947       0.82776498191886627       0.72310968139048870       0.71532587991062302     
  0.80995381863465155       0.91654176259287168       0.77303315348696378       0.94108869447709131        1.0536337506122477       0.72909680029567847       0.77307628961489094       0.87210189234182001       0.86583703621097186       0.89994314228599415       0.78370893795821817       0.85918761507179520       0.93334162104990537     
  0.26312075917387079       0.88761481372311124       0.81325223803350555       0.78184522727832939       0.78089002294734788       0.79785360972799801       0.69835164759774015       0.75112060748025566       0.96941959394742894       0.69209834224592159       0.83982230674512881       0.74158266163112707       0.73709623182085371     
  0.81739010447602078       0.74808740674640917       0.71963037597349977        1.0361942023451318       0.94403450596251415       0.71821292000206871        1.0222683603996192       0.96686478044233193       0.98599848753802233       0.85073024235765293       0.79778955129933882       0.80138570624722483       0.88353338999445175     
  0.30832529410402942       0.89434648662961203       0.82672460825127936       0.79702814577968106       0.79786794948921158       0.81355201610795380       0.71844867301254633       0.76764590961640888       0.97157769231892999       0.70012269400437133       0.85268886787850429       0.76172874506867172       0.75857014796609856     
  0.90132796414053640       0.82638889985503239       0.88585879506604326        1.0221788572126405       0.86613157477083913       0.77457331532917495       0.94812665553676656       0.73267565281706826       0.89105864838065252        1.0495137816604037       0.83815446372905367       0.79412047794856377       0.76282814698936996     
  0.36414336305760803       0.90089518543051206       0.83980948327750138       0.81618793768676001       0.81497900228557107       0.82885732153380132       0.73710969469122345       0.78590216727865359       0.97375269702354150       0.70811399864110791       0.86578764467450686       0.78153846954115647       0.77901280901482584     
  0.81464285881870468       0.75372285489713409       0.84226579259862733       0.86827049956484437       0.92258337114294187       0.82643283240305720       0.93559537124001402       0.79643951149152536       0.88639801683448505       0.83488936755385801       0.87287818183363897       0.91804346282377214        1.0806201913993931     
  0.41481021348457220       0.90755638712991882       0.85296221498116853       0.83809634793351018       0.83185234124478713       0.84269570724284670       0.75386867984927675       0.80608369454714990       0.97581157875510294       0.71589249795999610       0.87798229924969784       0.80135291502186290       0.79882782408633046     
  0.76143383910975759       0.74079250473252456       0.72204379951244180       0.91343056283791668       0.81596354256536896       0.92512293354953079       0.79972885675227923       0.86692705050050689       0.90155891534952648       0.93172348862311982       0.78013927546116058       0.92892363896071928       0.88018946438204071     
  0.46619116563058238       0.91448840018464184       0.86570551636757387       0.85921233380513884       0.84672923463469696       0.85511542422180209       0.76951231089097638       0.82736489517790579       0.97765770187468637       0.72388907612633646       0.88960095833325603       0.81943811599053729       0.81828828299002621     
  0.83523668325020106       0.87614476107981831       0.84786386199431185       0.89366206829196737       0.82962317297553523       0.81748443335799170        1.0416595535180622       0.98699894781047781       0.95503331732812002       0.83178032142319003       0.68862047019104744       0.79605074981460144       0.85547473810829977     
  0.51758739402223364       0.92146221060208977       0.87826560810799970       0.87813255469497631       0.86123168889997659       0.86620276107718885       0.78688256317587957       0.84521232249296474       0.97946729409036848       0.73326291538695765       0.90192363263514774       0.83744734422236822       0.83726363476737198     
  0.81361374692549893        1.1142330800854989       0.72323200135752930       0.97495459675216400       0.77547163334796643       0.69767248353229661       0.72180219327331940       0.90257447493842147       0.78939920326894764       0.95113459809873557       0.93950371966980428       0.90759745044898277       0.88873914076497962     
  0.57044916450748551       0.92815529367555205       0.89234323741151300       0.89536156649059861       0.87656299582640995       0.87756384984691638       0.80821833524820774       0.86056831513162724       0.98126789702476824       0.74385524460967933       0.91356176631185448       0.85590813355028506       0.85624414824090722     
  0.76939591924768791       0.97402283567729953       0.70543776504812017       0.87104343854514454       0.91230171033612906       0.81661907037962023       0.93315042313961705       0.92645173018808602       0.74254374579122051       0.93088768951373779       0.88399375297067129       0.79381326478064917       0.95675498307270224     
  0.62602349632961807       0.93472345266295809       0.90734575890026492       0.90932741709728693       0.89121483476295116       0.88996158142357518       0.83122887618232433       0.87741788280201582       0.98308551360176921       0.75410616403632924       0.92678373880861453       0.87499548391165483       0.87484844776092940     
  0.75243413502182876       0.80516771308181823       0.81055174447999900        1.0355996996475447       0.83839840503007346       0.76754483746536273       0.84288630820570898       0.78578175966055130       0.93331777563017082       0.82402514096111878       0.95771843151383107       0.91382436610855688       0.91962149186079356     
  0.67896882089033173       0.94115458151064990       0.92378855292953732       0.92190286072527206       0.90595122173927789       0.90252693788926097       0.85812796195519592       0.89530247086814008       0.98497197585465091       0.76603701510440747       0.93946144626635641       0.89368656860510087       0.89346754583948029     
  0.94433561358376139       0.80102582964009583       0.83784111472872747       0.74601728716685911       0.78845697735903708       0.72831420473199160       0.82448770442484476       0.78715823245926386       0.80189923835290600       0.99309730906274851       0.91937442697129568       0.88839175865862408       0.99329794860074627     
  0.72624134865873591       0.94852344503536379       0.93990782486576840       0.93474937390629498       0.91860431164134182       0.91953970179939148       0.88292267417937453       0.91285993012355648       0.98694988619519031       0.77939532433698300       0.95027348933819344       0.91106047608201812       0.91075274080363655     
  0.68950832208042356       0.79846301161592781       0.87814625708207406       0.81770348812928784       0.74147090740670496       0.88178351852972348       0.78034333105337184        1.0544180074231682       0.88416503757806142       0.93951385640861917       0.77363281259212779       0.92586512597259041       0.99955136995572513     
  0.77103521845972312       0.95697806380599937       0.95355012443822151       0.94814201428780398       0.93241473146243192       0.93750858369271906       0.90532469804981131       0.93045839294799948       0.98893874771185042       0.79371864424940863       0.95985643542336629       0.92912593245736019       0.92715103949624611     
  0.84595351943260400        1.1978766233203395       0.81703611909222162       0.83411312963853868       0.78299811681684084       0.71281665335398114       0.87497259756869250       0.89825447383331192       0.86285122481965981        1.1600690458259775       0.72283545896977186       0.87185387206610931       0.99103391039182342     
  0.81414626876175156       0.96585585081714875       0.96484664727004632       0.96171379018317071       0.94780071105140862       0.95229573885365715       0.92768671774692057       0.94876455922851333       0.99098092495534862       0.81077264579292407       0.96966364268019101       0.94827749096931846       0.94368125125236046     
  0.78112322162542047        1.0674653943886074       0.78048391119818483       0.80551590572958598       0.73061754758021558       0.99526324170710556       0.79812943977049222       0.86048872257540021       0.89372996730841192        1.0027289777866315       0.88245149034632453       0.75978089813615424       0.94075406250179472     
  0.86141687421163160       0.97533535451411102       0.97690527217312129       0.97435429102693472       0.96453766612176739       0.96700657620255603       0.95234280288835182       0.96710786297909901       0.99319249773037344       0.83204434454306730       0.97999176643243202       0.96701137847526419       0.96111898487346781     
  0.72392834368983072       0.97038575292578444       0.96583625595042311       0.72519465195139310       0.80146968664423845       0.85037458241949959       0.89530559121820452        1.0491863804347317        1.0302137658109429       0.89252060427617386       0.89632116771758807       0.90656834551457832       0.82493086889346867     
  0.92072715441937991       0.98730180089036501       0.98825415329867849       0.98726706071756110       0.98192185601962767       0.98271755999546972       0.97700166201563932       0.98425420587656665       0.99632759536502247       0.88521504417557750       0.99038622841254631       0.98291113430048738       0.98011118039067457     
  0.69798811375767000        1.0633269485819756       0.87003327259735275       0.75911942906375762       0.91637593372909376       0.98748474964823929       0.90197211911466091       0.78964046347571881       0.90937551786369586       0.85597069701962769       0.82475203338379732       0.86469281192688896       0.94798220445019610     
   1.0000000000000000        1.0000000000000000        1.0000000000000000        1.0000000000000000        1.0000000000000000        1.0000000000000000        1.0000000000000000        1.0000000000000000        1.0000000000000000        1.0000000000000000        1.0000000000000000        1.0000000000000000        1.0000000000000000     
  0.69138205843133460        1.0262306407236685       0.84447695288486990       0.79639450871283024       0.80883853262920147       0.87635732786418774       0.95059218119344679       0.77336238580597694       0.82529278226492742       0.70377205652375097        1.0026755249284196       0.75000992463790228       0.84634962254201729     
   3.5720586575876547        0.0000000000000000        7.5459629190219228        8.6220725496855213        9.3612843310984371        6.2110022191555636        11.170837292174461        3.4156327909124973        0.0000000000000000       -1.2695256437006315        5.2162099108950413        3.0999950142509145        1.3037610984999850     
   5.4369190469177147        6.8725444968881053        2.4219750381708121        1.4150993051672029        10.195737180570205        1.9269397320064474        3.1059513303797028        5.2842815896496189        0.0000000000000000        6.2095948350273069        1.9776131572648816        7.1167015067160797        5.9297081702785608     
   4.4359371286918678        5.6177454281407195        7.3937778280873587        9.5965975632392109        6.1727838378189315        6.5473610872254886        6.4616962934338682      -0.59178867984513395        0.0000000000000000        4.9217782771839156        2.6825825534633951        7.5411201593116575        7.7332093662858723     
   8.2459443804738566        5.9668685424136223        7.7667868201277352        4.1207662742470124        3.1806521500856797       0.89452452420371420        4.6831135445091254        6.4929643007171558        17.063042495507421        10.883863121697289        1.3528401613067706        3.7301573645879027        4.3879138605966785     
   5.1768281951511970        3.6029275903224871        10.190423338553549        8.3339316773627807        6.3514417932656739        3.7666120404311187        7.2560795267657978        4.0293997818447833        7.1867824701111633        4.4571671937104158        4.8953696884746769        10.349051848012994        4.7209382430938307     
   11.269799330229494        6.3103740010791327        6.2648653608211999        2.2478203384683941        7.0385970240588716        4.6371425215388653        7.9958396499147577        5.3637224032167179        7.7738046861727836        3.3998221601721297        4.0350618419354767        5.6471083438581324        5.4850877459321641     
   6.3495056379119585        2.5684798734609204        2.8729271963432730        5.0033216952834749        7.3929364146366217        7.7465952661996011        4.8072725119879678        5.6479515411577044        2.5477307860700518        10.503525416000308        7.8733158790508320        1.8905923425866857        4.1133345148468674     
   10.021344312692920        5.9474365443999053       0.90646523552526226        1.5139498003509888      -0.74806818771840566        6.4716910739480769        4.5363956012302848        13.653004908564641        4.6407832051228626        13.927569525129451        7.6369470391162526        5.3282757412345356        3.4699322850220726     
   3.3868179968386983E-003
           1           1           1           1           1           1           1           1           1           1           1           1           1
   1.7262963749969580E-003   8.0151300725675304E-004   4.5853668385796623E-006   5.4099376932813676        4.3003533688132778E-005   5.6926054111622406E-008
   3.6811043789179792E-005   2.8989048931583035E-005   6.8211392532045167E-006  0.41662846567547474        6.8200504207578009E-006   9.0338946463277337E-009
   5.0000000000000001E-003   4.5965397042679594     
