   0.0000000000000000        0.0000000000000000        0.0000000000000000        0.0000000000000000        0.0000000000000000        0.0000000000000000        0.0000000000000000        0.0000000000000000        0.0000000000000000        0.0000000000000000        0.0000000000000000        0.0000000000000000        0.0000000000000000     
   3.0264111251071969E-004  0.15987183901667040        1.5876146881497993E-002   1.6761359711133812E-002   1.4067860453356619E-002   1.5772978251555460E-002   1.3126331813018161E-002   1.4897116306928282E-002  0.41437777541731452       0.19104919360878972        6.3445871708807625E-002   1.4108752070795896E-002   1.4361899246593869E-002
   1.7036942532394013       0.80984540527705151        1.4410080058629076        1.1416178686488143        1.0061123398405800       0.95636223251380503        1.0064814382232823        1.1747938012724628       0.90053107085106499       0.90097850414283576        1.0087287169818593        1.0379061443884376        1.3488195871275699     
   6.0623143182926618E-004  0.21068497725360014        3.0915599962209370E-002   3.4131685759197630E-002   2.8943404252604190E-002   3.1902941429874709E-002   2.6711349143649955E-002   3.0227033475144709E-002  0.51622361481714407       0.25033024636243634       0.10873596919247697        2.5647955426775434E-002   2.9210141181564578E-002
   2.5258882806985983        1.0979632773627983        1.0216701629471390        1.2484678507177593        1.0463959470909849        1.1062397090750145        1.3310729200257463        1.0278832165528806       0.99102821791240781       0.99127186917789278       0.90097850414283576        1.0938633855055166        1.0062610708617787     
   9.1185970482469481E-004  0.24674090246303851        4.5323623518282660E-002   4.9497186232221546E-002   4.3086793869637208E-002   4.4109362417788636E-002   3.8981653631757388E-002   4.4703886553764678E-002  0.54536529443052062       0.28516356319263930       0.14185303557936188        3.5902835494593978E-002   4.2256391658237240E-002
   1.4800888503184080        1.8091817991150603        1.0502861821712515        1.0260301338714781        1.0288197243676940        1.2352932974278734        1.1896409731993043        1.2063882797514995        1.0140971438827961        1.1572054982270379        1.2467308673201576       0.93278645331646914        1.0646132501553707     
   1.2295685055156191E-003  0.27359334868975166        5.9905214274547494E-002   6.4589675318098588E-002   5.8598215427428227E-002   5.7317576276459253E-002   5.0897820375269444E-002   6.1108929611772680E-002  0.56471743798284280       0.31075699455887690       0.16874176545299266        4.6339450939981569E-002   5.5488384317069241E-002
   1.7784456256899401        1.3390825145715186        1.1872080381898364        1.0262301043102622        1.1135452949175724        1.0881884148016194        1.1716853590766521        1.2561898292644083       0.92091668353309331        1.2433780585519760       0.98092578575941181       0.96140212529039193        1.3342806330577923     
   1.5537261502264967E-003  0.29251843973442271        7.4073414082577602E-002   7.9129965391202844E-002   7.6016530448793446E-002   7.0236735147756121E-002   6.2972206063127742E-002   7.6158851052489221E-002  0.58029493588093295       0.33238847619152606       0.19430940313308462        5.6613802907894389E-002   6.9357862201087639E-002
   1.6619322088832182        1.0084637530474845        1.0597735553869001        1.2185187940202402        1.1041919262097910        1.0715160767242340        1.2135285071503790        1.1348406222504515       0.83033795847457770       0.84313525915600884        1.1610128675781837       0.89577204865187587        1.0065210588235181     
   1.9276241186765210E-003  0.31027331198594843        8.9532999452071813E-002   9.3428766971584740E-002   9.1206325547469588E-002   8.5076677150481728E-002   7.3572561309543552E-002   9.1211884069201957E-002  0.59397651798081186       0.35070100662996911       0.21856284154256916        6.6068589879368242E-002   8.3810801967613965E-002
   1.5460356291928250        1.0538165891010345        1.1182330416704709        1.0801376765013775        1.1855734271936054        1.0080462293498096        1.4669464913312560        1.1913369123368160       0.81188598885855690        1.0555494269122268        1.2224227571490858       0.95934610360245109        1.2155127041694389     
   2.3350691059303382E-003  0.32162673606807901       0.10480039954933056       0.10944487657892286       0.10584522516704881       0.10078134820020142        8.5113042156230750E-002  0.10493218718189037       0.61178500798792101       0.36713326038443822       0.23960503898025065        7.5531459472446993E-002   9.9341064782044922E-002
   1.2934712160531721       0.88165150209154797        1.0941406914032434        1.2706347509382940        1.3647268480165349        1.2654420816808962       0.93931407822052149       0.97400601948936127        1.0979444403638270        1.1535939552282317        1.0807327778010958        1.0293090950637502        1.3266133967600433     
   2.7856246735202869E-003  0.33366162326067572       0.12020888002795838       0.12818396765823067       0.12121619053650941       0.11532612498784021        9.7346600793248042E-002  0.11918251224744762       0.62800522378950019       0.38151950964852538       0.25910014598240999        8.6536934251701655E-002  0.11636060257291274     
   1.1999146732036046       0.89613819966505948        1.0969403747599396        1.3980131562423592        1.1400702056908145        1.0242995418141601        1.0599011222012533        1.0425188249939659       0.90484699041630201        1.1887091718877549        1.0226094452390482        1.2433616881094733        1.0141290423990652     
   3.3974943336057763E-003  0.34773545288173985       0.13600319595258312       0.14503277050944394       0.13210154095174170       0.12983226911738513       0.11020169935536175       0.13545727610232089       0.63966535204675901       0.39498606677281645       0.27770489612686583        9.7822983374537570E-002  0.13124495548739326     
   1.5306741976876963        1.0820792950880023        1.1569215026327362        1.2384140225796163       0.97221816431968966        1.2155282017900286        1.3067787571001630        1.0659267163567334       0.95695061574814333        1.0796852859365957        1.2193383796649415        1.0277818769538416        1.0014591778898754     
   4.0568032710730046E-003  0.36130582812111101       0.15001340843168387       0.15435895156775095       0.14322605288982970       0.14449025911359517       0.12275882893792703       0.15236685109852058       0.65195646926990447       0.40956007704332748       0.29205270137415407       0.11238552963756074       0.14515254474650344     
   1.3619239292120657        1.0711967080614730        1.1665834165050140        1.1570969559953450        1.2082235973706454        1.0273447466873948        1.2783116271084907        1.3230068381190105       0.87115388061510757        1.4404635475904839        1.1214497295020389        1.1813253676569537        1.1431406462965179     
   4.7677048844342075E-003  0.37365516177778924       0.16722596506806403       0.16469506823477872       0.15254820874613081       0.15926203682251344       0.13277375487536811       0.16856671115005059       0.66517477599748487       0.42404657462888101       0.30678306623464674       0.12530052965662580       0.15538345227626393     
   1.3876336621090453       0.97884101222189168       0.88396554245815806       0.89204612293309049        1.1223794575108059        1.0871357914566686        1.0354164575283058        1.1530873268626007       0.95023147748632020        1.1831482418240677        1.2863489731030309        1.0189000988942785        1.0491912298059753     
   5.5364449303516331E-003  0.38679553260865696       0.18465173431736140       0.17400960236958318       0.16138716486402022       0.17285783283970133       0.14157335853009953       0.18536038859919465       0.68114873740377690       0.43756311119193719       0.32107238145968425       0.13872485689761613       0.16583737194623147     
   1.5237095409558155       0.89732545959726839        1.3400912713600721       0.93534527376103405       0.94899260023115262        1.1062274841914910        1.1368341583204344        1.0465075374851835        1.0828081343925429        1.3145129361233032        1.2379813335125174        1.0829590420824886       0.94927410114912103     
   6.3676045775351887E-003  0.40239491942615269       0.20288978611780253       0.18292876787329143       0.16966481032252798       0.18675869828741226       0.15154750358712368       0.20171120284725100       0.69684754140650174       0.45003661653188298       0.33469204765979749       0.15331143225992377       0.17614031386199555     
   1.1993649813244289        1.1426374640352275        1.2048348135975200       0.97875743711893892       0.93684170080577978       0.97521210573937889       0.98588176027849916        1.0882963607268303        1.0367908389120399        1.2797024946564790        1.3084478909106001       0.97651094275436168        1.0920157374786785     
   7.2707568101781622E-003  0.41896280895963822       0.22153083709926627       0.19155712060032737       0.17792492979936486       0.20041822823108388       0.16133927405156367       0.21860535637215775       0.71271731646983583       0.46057930102458544       0.34914117168044173       0.17059653648334983       0.18682622811417968     
   1.2997539895007593       0.99645754097713268        1.2392532964017406       0.85419746068076463        1.1347632019648151        1.0990450701317751        1.0103890355237759        1.0765329553118728        1.0824141269684646        1.1260138912759883        1.2599254307787753        1.1189825475591062       0.83818291972979908     
   8.3713020377411546E-003  0.43728904019484871       0.23969495274072705       0.19920985700151875       0.18483339850207464       0.21380136148363024       0.17047807456027508       0.23530812106601420       0.72919665943405698       0.47133077744426194       0.36261938566360891       0.18775885843990611       0.19752472962166426     
   1.4872917757821893        1.2743754513908969        1.1652574814841825        1.1079157542123945        1.0476114475248002        1.0023669451452337       0.90676153238165946        1.1077323791647935        1.3704123346481139        1.0079988999480733        1.1316152841176768        1.0457815802861843       0.97676687584841726     
   9.5782393952855600E-003  0.45546382675243807       0.25710792673724747       0.20772284058269774       0.19194976625803670       0.22756501761211953       0.17908431347480067       0.25017930571009656       0.74467987417581882       0.48057773442758522       0.37663664590779167       0.20509919448196043       0.20691890038623037     
   1.1265420603094241        1.0650224503340451        1.1200493048929800       0.87080003466280265       0.93519834332428375        1.1609546135185118       0.95142378758525004        1.2605502404120625        1.1536313723056904       0.91634535679394502       0.93756852714487326        1.2027001259391723        1.0215622494566452     
   1.0795006320596134E-002  0.47427474697355715       0.27408234178066376       0.21693710437364189       0.19990979897859565       0.24068457761156395       0.18753301938386699       0.26456155299350864       0.75816957970216470       0.49068390552250907       0.39027339504753822       0.22202545210926578       0.21688387956438407     
   1.1770567750564569        1.1204294294771298        1.0647595284517963        1.1641680324267145        1.0889827343557634        1.1158720636908290        1.1155858608525342        1.1112929837288474        1.1785118089700790        1.1299346131557595        1.1838604376742365        1.2361314905177039        1.0763195010144073     
   1.2232387645101881E-002  0.49199378415525430       0.29119731832083684       0.22711044451251433       0.20790886212548743       0.25341099717468357       0.19682266196849035       0.27462828713465409       0.77066241587069695       0.50056549622131119       0.40367109590281347       0.23845621730661296       0.22619639057762531     
   1.0935063865382730        1.1095246927574511        1.1294042974197798        1.0037250914737454       0.95400272956224130       0.90735845344979538       0.96074054247036933        1.0926995369170620        1.1704659760852518        1.1290882118890737       0.97687600325023216        1.0466885920843267       0.86489384512104883     
   1.3839872373903446E-002  0.50931113354932323       0.30906467623068640       0.23850567077520529       0.21623548856949065       0.26594979198595081       0.20478645109165025       0.28526734249624119       0.78266610355941324       0.50992025631059013       0.41682517335206165       0.25621993664858450       0.23714567619593288     
   1.2954975559662647        1.2458552232113478        1.1487386642815405       0.96972583649720168        1.1062212018492021        1.0614703586883802       0.92574550752150364        1.1664193879699334        1.0226541662968305       0.99732255036665840        1.1319464954383140        1.1938562894313069       0.91525571167781783     
   1.5506598711500660E-002  0.52476895327341577       0.32730967441785147       0.25242690939190199       0.22585573124199368       0.27872115649261237       0.21345311911827827       0.29596776119564688       0.79362139278940336       0.51896890281221253       0.43033561476721466       0.27453740708982577       0.25063424069709145     
   1.1416137708264040        1.2033032285413754        1.0645296171574106       0.94277543419763843        1.1058304911581587        1.0043397161104373        1.0023669451452337       0.93880009240299367        1.2954274192951261        1.2952112977606125        1.4361330386923716       0.98230728665566602        1.0862776258735496     
   1.7354726172209570E-002  0.53830732474690413       0.34561417372301495       0.26653706388178616       0.23627605058176146       0.29194967174027187       0.22429637914389405       0.30656466300494717       0.80334297668730847       0.52688264079176306       0.44317842580451045       0.29223446131105374       0.26662633340497188     
   1.1615585223635243        1.0412743230899137        1.1356706339600255        1.1305304396148137        1.1544150840975511        1.1209604678115754        1.0346279186308800       0.91867570301385437        1.1795129901924002       0.99264385324018733       0.95580412305849460        1.0931410553603000        1.2013118613966087     
   1.9323710615530482E-002  0.55300376371557003       0.36273422250592530       0.28179082343070339       0.24738729454257113       0.30725871684974299       0.23711765929672265       0.31716535688106523       0.81313225866199557       0.53670772831197755       0.45674542425926712       0.30918281221963162       0.28288281750752220     
   1.1474218961665266        1.1402490032848129        1.0642641664252306        1.0229502151463175       0.96993715398944680        1.1170002404308366        1.1022762819658767        1.1040303020293796        1.2809040958022200        1.0895194376343211        1.1179746799504378        1.1103504579546792        1.2806201882177013     
   2.1447881503779860E-002  0.56821986856210005       0.37951160264341555       0.29769177273165764       0.25883276891237733       0.32374616968550740       0.24969485408970862       0.32759601134536093       0.82289495345331787       0.54640566164427284       0.47010612728949636       0.32586096011913868       0.29848017902333795     
   1.2320963142852286        1.2690381002719644        1.2518638882750233        1.2604590864792209       0.98225334924602525        1.1532571676404280        1.0712590576532903        1.0817663943803080        1.2200238283965243        1.5054437582878297        1.1783139371269726        1.1399918728937215        1.1077605680360778     
   2.3818746020212674E-002  0.58318969418526401       0.39567550247742106       0.31301719870889638       0.27032473335216678       0.34131926448999500       0.26172824009460866       0.33793110753843392       0.83191961418183902       0.55601204230303580       0.48340074460151339       0.34334158633522005       0.31398216744207180     
  0.96287416956464200        1.1844734069987679        1.0365145356311383        1.0838729645954974       0.99021866968746697        1.2067845427601649       0.98936378061981678       0.89961324100407514        1.2856327406018413        1.0992927653189786        1.2294546805307860        1.0204249457587711        1.1320821935353185     
   2.6269960858974980E-002  0.59804886110096345       0.41104206961816753       0.32745222704165000       0.28197658295810951       0.35804157739221243       0.27293658089332606       0.34809109806607141       0.84005420270102182       0.56585812767592614       0.49801002286348606       0.36146715729561152       0.32843788745330471     
   1.1073655453649085        1.1839766783572734        1.1235501978552527        1.1238615081433478        1.0624662567443801        1.0999643887054393        1.0334265595647829       0.94436176088675516       0.98571639376805031        1.0989168526782649       0.99446732441558472       0.93913287458223438        1.1672986099193088     
   2.8935745613049995E-002  0.61299701160768238       0.42608607357944217       0.34213938863722965       0.29417120355081283       0.37448696618440547       0.28453041929424494       0.35801966832334842       0.84775788789254203       0.57526193041567741       0.51319261783266512       0.37828262345029373       0.34375243882407719     
   1.0606421502722156        1.0351717275057821        1.0825223289851140       0.96589650436938146        1.1191703287903125        1.0834314188160834        1.0619484797753282       0.98856036144296955        1.1578916458904123        1.0886394956072314        1.1255096298445750        1.0505140307659482        1.2929133174203011     
   3.1848356744112391E-002  0.62663922422388241       0.44223596905430668       0.35859210220683213       0.30560748608698074       0.39042801449204906       0.29608595510452829       0.36983282289110203       0.85512288938660108       0.58281902414860454       0.52843984480736894       0.39481529585788566       0.35895055483173821     
   1.0510848452403905        1.0923558616983651       0.99466427665214896        1.0930415096115207        1.1642343747869992        1.0967537097076845        1.1983623922574791       0.93561226550460708        1.2146540650885864        1.2692903997199390        1.2991206825026533        1.2693028537007012        1.0556661219013768     
   3.5008829633869365E-002  0.64046880033700038       0.45983899188661653       0.37642984756679598       0.32176198253519905       0.40548869521141406       0.30745953476551729       0.38225657150151321       0.86175769337284625       0.58939816369761533       0.54467629826908126       0.41354864644376504       0.37500341737836151     
   1.0712895395140138        1.3762963141030873        1.0970039711969339        1.3302173219993318        1.0593276018261495        1.1806409886414979        1.0259143645281616        1.2119944794351485        1.0762629012412088       0.93892167912208990        1.1729111813778847        1.1606992634816748        1.1973813973649756     
   3.8609234000985662E-002  0.65253304924251576       0.47808748027647369       0.39476987968872657       0.33753537512103660       0.42008854285828418       0.31853090666741790       0.39869366323835920       0.86799733331406281       0.59578972902529526       0.55954177803377336       0.42886910939452544       0.39197529474482806     
   1.1340113315289242        1.0104112026678540        1.0929829511060905       0.99425027724510107        1.3563138597724438        1.1183120112146629        1.2256591910290957        1.0625570907206316        1.0022914789898218        1.1429390467275593        1.2711279478360131        1.0390812632887467        1.1443378569004059     
   4.2557866977056560E-002  0.66388711462735650       0.49741265498457832       0.41063417447735018       0.35281892774730444       0.43732599024302593       0.33308771603426557       0.41460077846170840       0.87406220451976968       0.60223815347693888       0.57310040567639320       0.44536430945596545       0.40896253481008576     
   1.1027011026411746       0.97043755353563899        1.1501063980497428        1.1711585117304004        1.2091788874288032        1.3432529746343203        1.1410300432689822       0.98769346046641515        1.2451017508032138        1.0705192070571443        1.0228076259892762        1.0959772323113193        1.1310611367612171     
   4.7088664499947357E-002  0.67590492541692537       0.51685649525663990       0.42739564684047365       0.36803161146778385       0.45315212249219566       0.34888678464509870       0.43019058386238884       0.87960811113541548       0.60895269169714650       0.58658599057728067       0.46107955559725233       0.42635350832933083     
   1.3053694448663249        1.2381758899936988        1.0701033901083179        1.1916426932923685        1.3374680547432527        1.1126457726907848        1.2723223245205617        1.1509519713327863        1.0811638414756686        1.0853034694137120        1.2477635198978876        1.1105566902417761        1.2547112976829087     
   5.1655994896248107E-002  0.68854264527706310       0.53756978205560180       0.44455450586626089       0.38320700487250975       0.47161994612904584       0.36582869281467362       0.44608942506507954       0.88479823340104058       0.61609548674453796       0.60043528998250650       0.47793329743337132       0.44299225876032999     
   1.0226930229491586        1.1313574063963829        1.2145907396180129        1.2881363995770161        1.4705973968451307        1.1912548386476782        1.0691419055156703        1.0859692499389675        1.0447501684886942        1.0965346387614157        1.0125457637841329        1.4357359028216672        1.1126980283880328     
   5.6273143123317881E-002  0.70107029435038237       0.55848026072214063       0.46077808168551437       0.39827993190118477       0.49131855320522660       0.38428875043293748       0.46111580134677027       0.88984882750668959       0.62339626077935506       0.61463278473093996       0.49633436442878670       0.45895287706587362     
   1.0797730849483944        1.2204736730403327        1.1836511643796155       0.97887390213744474        1.2651258318856133        1.2589560336931960        1.3733578659928449       0.93274260849378132        1.2099372314101409        1.0811580318276606        1.0689354218484832        1.1918582910496534        1.0430731138369733     
   6.0948816331879201E-002  0.71329028551770857       0.57751603099095350       0.47894661247116277       0.41269246004147964       0.50994584589927916       0.40395329926692913       0.47579220017535018       0.89426119184198438       0.63014497539229952       0.62912191950862351       0.51511316950655428       0.47607716488032475     
   1.0024611131201575        1.0370320817183032        1.2819049008282715       0.95899192459950477       0.98939593350682120        1.2016350148627737        1.3625896594035916        1.1967335466066702        1.1788817830076668        1.0805185981418481        1.2541184930418519        1.2206363270682159        1.2872128533244791     
   6.5818834907420146E-002  0.72553063537616624       0.59513357217342899       0.49809458787272803       0.42651331358480676       0.52761195962965801       0.42275414767869407       0.49243074791361402       0.89840646374525412       0.63639514267977437       0.64359615060629494       0.53239699496086124       0.49260869379557654     
  0.90818937458672655        1.1522625111611720        1.2794935317989025        1.3111549017953850        1.1571327741163078        1.1642452812670807        1.2581745014954846        1.2068260474510555        1.0736171319845262        1.3233668493549933       0.81698116252281205        1.1551606019103233       0.94248519003295250     
   7.0756288564322284E-002  0.73713795167569207       0.61120587801669990       0.51654273501152859       0.44052797538932836       0.54669007232086453       0.44115002826433958       0.51257429034655311       0.90259338879024231       0.64267200366333577       0.65833514574044205       0.54774576857827506       0.50847934514731019     
   1.1263597326826065        1.1798796699542233        1.2143449041572760        1.0283734308864518        1.1957269329321227        1.3293212228966587        1.2122004123339341        1.3762900272224297        1.1091197399806925        1.2638689494275450        1.1011030230398040        1.1414382144515882       0.96772048084451556     
   7.5821052069419262E-002  0.74742041586525954       0.62817161922488507       0.53297929131401467       0.45499765730316927       0.56586593491422132       0.46060800202864666       0.53189561579715516       0.90693980448443245       0.64954817871453419       0.67413814337425282       0.56339779220809916       0.52441336310067399     
   1.0084837440697481        1.1622241693587345        1.0491336430434597        1.1538891283308825        1.0420757107908094        1.3506333887933653        1.0160859766575949        1.1572787625403096        1.1501383639158163        1.1792270951689765        1.0296042822062730        1.3080396987761655        1.0157968616143636     
   8.0801553611310473E-002  0.75702950881633047       0.64592091699740983       0.54790359947112333       0.47037496787354094       0.58466312312202418       0.47993131167325465       0.54860819368982905       0.91131804072835376       0.65632136962142262       0.69072289744267878       0.57905190932766204       0.53991200954230489     
  0.85559459315352970        1.1763063878767295        1.0987450485277437       0.96075609624372249        1.3403483676942960        1.2405007215994088        1.1170909239971314        1.0940321860172724        1.1497741078024368        1.2346271329347207        1.0874817066942295        1.2383096045483064        1.2186461531986927     
   8.6355659527913409E-002  0.76596180956421878       0.66336951371608699       0.56301193174422315       0.48530199234211557       0.60252840600528212       0.49906546460244872       0.56312394101478846       0.91571294687629368       0.66154348903803206       0.70659822511781079       0.59463099413121601       0.55789901172032164     
   1.0934518270390967        1.0556320859118737        1.3149912820142866        1.3169148736239351        1.1369680777956015        1.3230037258135583        1.0695826542001305        1.1619009957223143        1.1596402582114760       0.95748189572564912        1.1200527473819419        1.1145614693174895        1.0493185051349063     
   9.2841825812768494E-002  0.77458441480291096       0.68058360888592928       0.57900721723607285       0.49995495957205571       0.62046473482584974       0.51771080535124392       0.57802333442048159       0.92013917970636261       0.66643062799862562       0.72218229964350644       0.61073581590888237       0.57801225785616872     
  0.93542145364141560        1.0892565390365456        1.1940688103477970        1.3082932714728583        1.1150438786483123        1.0943362643645571        1.1231783584878452        1.2672441575120570        1.2657810607093780        1.0681653549106493        1.4333521849989033        1.0675273765288698        1.2510673580579714     
   9.9407034667237687E-002  0.78435217794716983       0.69718891381538128       0.59605312917963416       0.51541262686701195       0.63862224801510448       0.53638081594957410       0.59342813693684771       0.92444314791861382       0.67101165559395504       0.73912704165062837       0.62502364035706126       0.59838001712512656     
  0.96677033658138034        1.2584076133897060        1.1646733896684203        1.0522639689460367        1.3420197245352787        1.0221320129904763        1.0375492453813753        1.2547908766718403        1.1877987997042103       0.93038687570393919        1.0697712233409162        1.1439983232394941        1.1440195713494454     
  0.10716401666214259       0.79452575186057506       0.71513669554780812       0.61593718199340086       0.53155159691782117       0.65632850020953759       0.55619830160564854       0.61085726338558799       0.92840398978214045       0.67557364473438564       0.75651530479746076       0.63987643516471371       0.61870393165696713     
  0.96595159824273191        1.1264982510227064        1.3042030388388497        1.0535962873058460        1.2380586179267417        1.1535187477366105        1.1507517504635350        1.0501693303057955        1.3986484709718716       0.88294736152305631        1.0677142620279736        1.3935952679739958        1.0748673425183415     
  0.11694309872955276       0.80474102264728897       0.73285836545453209       0.63555244696174207       0.54785546234665128       0.67367592683249466       0.57609458992263107       0.63026272909103365       0.93177372077386600       0.68023300491669758       0.77593119529904864       0.65458362787249658       0.63903180137782634     
   1.0308936476916590        1.1432298105995669        1.1635273135175144        1.2639543682074470        1.1407568222394713        1.0086382417330220        1.0613871167096101        1.2707935100604570        1.0260622648046125       0.92164172713208348        1.1382851607104960        1.2097317734944903        1.2983465336199640     
  0.12708892352675855       0.81446072494526667       0.75064396282397527       0.65430147592046584       0.56409838167448545       0.69199594321547997       0.59661815508097227       0.64938875882790481       0.93529109805908284       0.68514422619270177       0.79609071641957774       0.66883995374223582       0.65800159665001290     
  0.91824585142747805       0.95543687082196138        1.2633964929164923        1.1782484795732910        1.1334447599799287        1.4131654886181872        1.1639459475650271        1.2169845119461218        1.2291343171278419        1.0438498605389110        1.2898331240130165        1.3257547858877750        1.0914143172885733     
  0.13806994325706479       0.82438146336542151       0.76872674131192775       0.67309465791135881       0.58062034224771797       0.71319481944888141       0.61520221655675955       0.66771218493970153       0.93874266889143076       0.69049914741673124       0.81393061399413213       0.68241892429775663       0.67604705621314054     
   1.0658507850708943        1.0625199206240747        1.3622213193972394        1.1302368932579383        1.2904074201229467        1.2530586965248935        1.1814429989740143        1.0998759343248066        1.1372437679674947        1.3270948719399087        1.1999677490655132        1.0922963246301218        1.0598281828983689     
  0.14998492093887592       0.83426210995071237       0.78790330892579374       0.69141129895144970       0.59861874871050591       0.73462286552049960       0.63305908383974008       0.68647138454292955       0.94191788967007251       0.69668381291217374       0.83046950376933615       0.69547661240635383       0.69396748367980010     
  0.97528507946371812        1.2496910073513956        1.2733160672544326        1.1861049875532328        1.2677548615145799        1.5078403514807708        1.3356225522688658        1.2270949320481375        1.0463509786837595        1.1598919099342002        1.3234897103301855        1.1124666074434271        1.3419653676884191     
  0.16362642053619147       0.84408221451494103       0.80301293859738199       0.70915102875033842       0.61700582724798814       0.75314663007977389       0.65085711939716984       0.70502277844706807       0.94504312041366700       0.70342277822418375       0.84504092224483829       0.70931294997103167       0.71029978632327884     
  0.96967558561090783        1.1883258937812895        1.0976719447750138        1.1652819402402255        1.2128937607356620        1.2417938311064205        1.1842337680844031        1.2686494894105100        1.2064128317598020        1.1361470273218330        1.3595662203777394        1.1298377277092928       0.94553564023254566     
  0.17841702608482776       0.85384411936308557       0.81901242734493773       0.72682085926117990       0.63580643969031114       0.77065144604724534       0.66877740120021845       0.72281463627142595       0.94830490872600248       0.70948091022603321       0.85720976772990642       0.72488443436473193       0.72689412384704399     
   1.0410806838831450        1.0674306309862929        1.0779187986795691        1.2164599291161593        1.2533090613187710        1.3914361682427094        1.0255511643448039        1.2040488275944856        1.1224978525381841        1.3470379275866546       0.99678233138827521       0.98140626701914579        1.2337042679551873     
  0.19512683759916433       0.86286598386626845       0.83302361033924122       0.74371743820024472       0.65518946587809690       0.78717434195956182       0.68654404792608126       0.74144416688267001       0.95153710655773216       0.71469312246598349       0.86889093907427117       0.74198907719096574       0.74494795798285729     
   1.0039303299656757        1.1568931478664271        1.2746613824098381        1.1887420459717926        1.3113990810882961        1.0207231708377218        1.1992222293273855        1.2046601439109321        1.5236270544038881        1.1232410127976571       0.96845572741875185        1.2984224819870493        1.2959672627869230     
  0.21591400399996713       0.87150875556239094       0.84553320622212114       0.76156828733949222       0.67373144722415690       0.80313945161764899       0.70341175606140594       0.76052040363347884       0.95468198312518382       0.72047797866795804       0.88053809201046007       0.75944342465751014       0.76195155120920721     
  0.93908829453295561        1.1455985412565062        1.1157052363694420        1.1094896851483385       0.99024597310247087        1.2911670451215915        1.1644432191758389        1.4700438798617681        1.2372933887736692        1.0505511667346255        1.1452290911736602        1.0763453844009996       0.96980137564145752     
  0.24207071346219641       0.88024064330905449       0.85850641481418744       0.77906708706505734       0.69104047618757292       0.81904134778783266       0.71985756147802604       0.77846930925817326       0.95792060088198305       0.72716399812271904       0.89295348605604952       0.77682145904285649       0.77869319111113411     
  0.88968506772787948        1.2582060507062469        1.2588245673716458        1.1544045667689988        1.0807222933990084        1.0657881122695301        1.1837054713037261        1.3820535534448446        1.2670218698075006        1.1979033828871974        1.0573425706129849        1.0116682091280842        1.2574781193147322     
  0.27851323244427434       0.88986842106059072       0.87183075798731080       0.79593569577506529       0.70859965803843261       0.83525704169374715       0.73883810277372686       0.79565909427057913       0.96133304377488349       0.73447500267247801       0.90638412135681712       0.79621570656076091       0.79496503796437534     
  0.85419746068076463        1.2723361495683403        1.1031163644496429        1.0038849377421952        1.1477079730780373        1.0037381646251717       0.98975744444629166       0.94229788197726194        1.1125458545475644        1.1563827379085909        1.1697042216147995        1.2268849929712413        1.4178810921614660     
  0.33172195877600458       0.89984559588507362       0.88447002946834341       0.81304335980363329       0.72631982083491742       0.85131630709949258       0.75915038060181839       0.81268595878216376       0.96468411446907254       0.74183391715139402       0.91721020638552420       0.81712923837561680       0.81042004424524094     
  0.90097850414283576        1.1198841655271952        1.0872951022574846        1.1125116140230165        1.1667509229398532        1.0729420561625915        1.0408009857882849        1.1968139010469347        1.2408810284660883        1.0925706632020351        1.0801760996368417        1.2504752611993279        1.1384017627920537     
  0.39150545867692005       0.90901750707472584       0.89523241583006452       0.82965701915118995       0.74395822900382169       0.86448974221741470       0.77955885731331220       0.82952860338880674       0.96791418763361647       0.74895850060880265       0.92635877858761706       0.83598693655119294       0.82826243984944115     
   1.0267849119078194        1.0706485505941923        1.1199517366290885        1.0674974254136316        1.2042323893433426        1.0416001949190055        1.5398901192866390        1.1796789035637452        1.0667065236042279        1.4690283716249866        1.1517444683980171        1.1873487329245964        1.1630670097340718     
  0.45038098547762107       0.91800039322341187       0.90673974676782854       0.84645937370516378       0.76209681041632438       0.88053369537620274       0.80116779679718853       0.84842023900240482       0.97102944138129743       0.75598042854351000       0.93460846823501575       0.85303353777365443       0.84618821463318272     
   1.0363127992728729        1.0374315784859072        1.1131439923253796        1.2701099778609537        1.0540167881745319        1.1282886465343547        1.0641386516105185        1.0623898434090586        1.2482847055566793        1.1973827718861421        1.1244353233751418        1.2298193701262146        1.1496764445328209     
  0.50959180049211927       0.92668362836974894       0.91793939790773471       0.86435778895769277       0.78101539692878041       0.89718147316815022       0.82191177657280867       0.86853823857328583       0.97405816127570943       0.76286837311039224       0.94325580387598251       0.87044275054153586       0.86302844241422050     
  0.84659687480021184        1.0063182937152286        1.0384991869122306        1.0852449971396574        1.1564394733428134        1.1724466186961078        1.1876033136549764        1.3836372202037219        1.1134584877695923        1.1348880049524483        1.0779642381065542        1.1414221818522279        1.2851821907403049     
  0.57071714012079977       0.93488014548438025       0.92942424333964402       0.88163529805818364       0.80150962051175023       0.91168584125480367       0.84080682826469300       0.88719564120689010       0.97702295823463070       0.77048043546488976       0.95044812355624697       0.88775697465064807       0.87896796121214849     
   1.0924479858042435        1.0534925670535822       0.92142701506637315        1.2287348987911839        1.2731190054301602        1.0101198902777826        1.0307627908741810        1.1978515637816696        1.0921442650700333        1.1535612520989500       0.94963404994555334        1.1251987389712705       0.99498323034417457     
  0.62502532271953382       0.94286846935731872       0.94081594078034303       0.89928682035987306       0.82449775235187384       0.92220650541186133       0.86058657241582681       0.90365385365625361       0.97996341201554693       0.77989895890398986       0.95741793691195498       0.90415818173778550       0.89426737897976138     
  0.96939110421764285        1.2206873249780317       0.98575109589696119        1.3173785187435985        1.1602739294194804        1.1298880587116056        1.0162316541660381        1.0213012188195525        1.1302757877440550        1.1851256173754157        1.2373717446176584        1.3517824933148543       0.98738463490905926     
  0.67809651250741854       0.95076676157778439       0.95194437931900799       0.91665538250452328       0.84893212910477900       0.93431350151087533       0.88594508266499972       0.91987338880701974       0.98293337022204830       0.79158152245762592       0.96466460880466121       0.91962500305510764       0.90994298143781904     
  0.95032156180904193        1.1011021437184987        1.1879941676726962        1.1908383331234760        1.0303152497563999       0.95491293481489903        1.1538706443306046       0.95032156180904193        1.1900141906528154        1.1419021094371424        1.1937406561454675        1.0490599435000363        1.1120157220033147     
  0.73251588253474598       0.95817476960471781       0.96176563994627839       0.93361404876749354       0.87377510536535308       0.94789642762970994       0.91143891964014356       0.93536155539437738       0.98577152433821047       0.80919770131482505       0.97213042874392774       0.93524411727579360       0.92677624125859626     
   1.0777145821727530        1.4425017314850233        1.0119014556849153        1.4665263006786424        1.0003967031308370       0.99747547570522899        1.1363925071911509        1.1456762717747389        1.3903017916614415        1.3940525102351236        1.0414494888497379        1.0382501676461489        1.2321881452380250     
  0.78768012502116180       0.96591888277648430       0.97079690960040199       0.94925234082508203       0.90000665673583047       0.96259690012434596       0.93310189667481658       0.94955858867419130       0.98870382821672786       0.82869816509686645       0.98001802952755757       0.95164156813447687       0.94457893291550754     
   1.0157620973750725        1.2251393386257905       0.84565138787356742        1.1852223740277075        1.0995738359314866        1.1860622242843464        1.3670526427702177        1.2136883306951980        1.2468948584233139        1.1879009783273846        1.0003716658376320        1.2656431256877667        1.2512285863770363     
  0.84713435784527014       0.97478053402697451       0.97948654380043176       0.96581484026449971       0.92667429097585907       0.97598293532919789       0.95480701913011201       0.96604938894206771       0.99196833735479018       0.84942987802214454       0.98732782306222544       0.96798321979665225       0.96259479527614333     
  0.97975770602688361        1.2982286185744636       0.97247308106847763        1.2045977615225802       0.92835236203711824       0.99870912778935406        1.3988404406179040        1.0730041311216190        1.1370171126769091        1.0572626499257320        1.0942072995670364        1.2948772675808486        1.3538963893902722     
  0.91631257734427141       0.98638213774164285       0.98946593335786925       0.98313744503779643       0.96307575864664929       0.98824642717135258       0.97707983651013197       0.98226802160428472       0.99570961338162467       0.88358476764670091       0.99372795857935692       0.98390268806786829       0.98077467113544614     
   1.0633780173835283        1.3900511814488985       0.94961222936447620        1.3888094871585153        1.1365699548910082        1.1087456280201096        1.0631026809133519        1.0188002210106111        1.4263871686879124        1.2884057746263817        1.2879185309355565        1.0999802947111641        1.2707598759300551     
   1.0000000000000000        1.0000000000000000        1.0000000000000000        1.0000000000000000        1.0000000000000000        1.0000000000000000        1.0000000000000000        1.0000000000000000        1.0000000000000000        1.0000000000000000        1.0000000000000000        1.0000000000000000        1.0000000000000000     
  0.97602017784035855        1.0070093939271161        1.0823703432389460        1.1907526528733892        1.2196590660382192        1.0211270389205327        1.1619331491537377        1.3035713864667116        1.1736259863565188       0.97072874140833443        1.1311313333390016        1.2730974170862417        1.3728535177587931     
   4.4674506577304394       0.45848377145205177        5.4494235895297116        3.5545262099688673        6.3533968156155876        2.3098029823557145        8.6302789860255800       0.98073930426942491        0.0000000000000000        7.0180779562931006        6.4348171861248291        6.6769135606664385        4.5186946626261193     
   4.9266924544960702        5.0871282385483214        3.2597448995100975        4.1487313155631469        3.9354059865008044        6.9854168209387790        7.0624558042036565        2.8218855364736033        3.9340419576660426        4.7003493205631734        5.6478177383058377        5.0370195280778365        4.0666282040455286     
   6.5873695219706221        5.4641019973110074        4.5955716239229707        9.7711583284323567        8.3617434497789063        8.9266258017818743        6.7608757261033219        4.0180299388221581        4.7188360061004726        7.0799527046442732        4.5283096328192673        7.3293241842648156        4.6753875722447260     
   5.1952694831000077        1.7713960740609092        7.9914650278431338       0.38528553372021174        6.1789517255501991        3.8455699073054372        6.0399847535489792        6.3154222465452410        4.4279680076312156        3.3190706012119637        3.0788750441620789        4.8137580702649805        3.8719821417192599     
   3.9078406303058095        5.4979231175158718        5.8456922889042309        7.4015014386787010        3.5899003066204860        3.2094886683886408        8.7050759813044909        6.4864728409302046        6.5723533578571329        4.8549875735839505        7.1614690661409277        5.0980814618228036        1.5583698885231354     
   6.8285644599082094        3.2033663373709156        3.5678817755073409        4.5030380924445925        4.2384237906902529        4.6353939475834638        5.8292903214300589        5.7573860771682117        9.0151252274937601        5.5773784389013086        3.6272279180265397        4.7976800855863946        2.4423615918670536     
   2.4348995576367352        6.5310100306723582        6.6363795738711069       0.20820208700153547       -6.9611968941026156E-002   1.4331209250557424      -0.62066551089281941        10.862453390652449        4.6912077250709441        4.4411071665149446        7.2908378103665044        6.0568646582742298        7.2907546296455541     
   23.686989161689116        6.5267367470660806        6.3063492885895807        6.9327551691113669        2.7950070628405914        4.1985473721223805       -6.8066789306479700        2.4429535976549825        3.8921428208241302       -4.9439561233214446        2.7053421530915323        2.8408287032587523        10.661172838285683     
  0.14375616397803215     
           1           1           1           1           1           1           1           1           1           1           1           1           1
   6.6221244595780701E-002   3.3006364073493666E-002  -2.1514718118195090E-004   4.1318962830086949        1.4037763160338027E-003   1.8970920015122340E-006
   1.1744266274454139E-003   9.4773530040695268E-004   2.3931640195484582E-004  0.44684883114633051        2.3928249993731762E-004   2.7995339762949922E-007
   5.0000000000000001E-003   4.7066001507097504     
