   0.0000000000000000        0.0000000000000000        0.0000000000000000        0.0000000000000000        0.0000000000000000        0.0000000000000000        0.0000000000000000        0.0000000000000000        0.0000000000000000        0.0000000000000000     
   2.1237937915640024E-002   8.5067181708948121E-003   1.1941987491635860E-002   1.5339429651639492E-002   1.5002288005324153E-002  0.15312457720333270       0.11168520485226859        6.7110928482208676E-002   2.9695769359760434E-002   1.4736076984938232E-002
   1.5178927865539020        2.2188876500805623        1.6396536653601224        1.9109760628608998        1.3635486446328844        1.0611221084714211        1.1005167262612596        1.4538759094492359        1.7882374109229897        1.3969542291114081     
   4.2969135197987923E-002   1.6670662683566182E-002   2.3633085374008732E-002   3.0241070791104451E-002   2.9025137348137522E-002  0.22138670623533802       0.21458249758803422       0.12188653527309251        5.8574187901867220E-002   2.8035513847314106E-002
   2.0319695386878500        2.6312100298431549        1.7594445797273339        1.6358325858720959        1.8490077996005745        1.9138974409480178        1.9576057753565705        1.5986161001893815        2.3214206485363045        1.6972079834236493     
   6.2920498218158136E-002   2.4173003366982505E-002   3.4287166994741568E-002   4.4727974830312905E-002   4.1593920603123981E-002  0.25417015121947945       0.23992052012186418       0.15693693855084292        8.2030117052229123E-002   4.2020930105728264E-002
   1.9771096260007706        2.0327155263971259        1.7449536465374931        1.5063984023393977        1.4419565463007209        4.3447710111536981        1.5969446444096937        1.7640877844961418        1.6299800070278037        1.5109564997136187     
   8.3763913515022465E-002   3.1383253094384667E-002   4.4832339608412861E-002   5.8491063920630214E-002   5.4329227166503610E-002  0.27368568220124756       0.26433011816289009       0.19056664311855318       0.10582564516999421        5.5932168166129559E-002
   1.5679911761054974        2.4872511957447969        1.7870320595808982        1.3318742254008873        1.2810669274393003        2.5332527534628380        1.2970058066562733        1.4966695933907110        1.6825713573462067        1.3756189012355655     
  0.10131543388360703        3.8540675671955668E-002   5.5757428984573372E-002   7.4661073307333792E-002   6.9744156033436949E-002  0.28499381306827737       0.28021123213355709       0.21935365226151898       0.12906149411123377        7.1863235102500228E-002
   1.9505914837273075        2.0616976450324169        1.8246376259102053        1.7949416186698666        1.5823002049668684        1.9168042795013764        1.5504917915409306        1.8351530006060899        1.4915966180962541        1.5364785066688025     
  0.11745463956199000        4.5824600170089845E-002   6.7053572539559361E-002   9.0376457957654172E-002   8.7112648361690512E-002  0.29582997446263304       0.29554247700250091       0.24523690740733406       0.15483242302680320        8.7713580049412779E-002
   1.4537789507865959        1.6011339518229852        1.8108270506841200        1.5365504981695821        1.6297151981304721        1.6657716234694364        1.5167964891437995        1.6157313084560569        1.5694267641574819        1.7467000473591718     
  0.13046988640227100        5.3855608501984460E-002   7.7973207585708346E-002  0.10739518070508849       0.10152892399685823       0.30532272715089875       0.30996829765962142       0.26987493798397316       0.18295297345332984       0.10446486798144838     
   1.6543009836528080        1.9025067765245893        1.6346835644881883        1.7627068374086128        1.5915676733698150        1.4830984075063007        1.7348599615969775        1.9700739907124023        2.2104599447694571        1.4968365175649831     
  0.14206843466793967        5.9600937683495753E-002   8.6062920156168968E-002  0.12470916111727037       0.11409112318780174       0.31468391157867087       0.32374739369744826       0.29262532773860522       0.20828125899325456       0.12165779097038268     
   1.4672457458762524        1.4700979343840377        1.5530860303250866        1.7941924677432912        1.7167538885641596        1.5292375257738702        1.4853061217904777        1.6320074246106935        1.9600998143613535        1.8115767813371657     
  0.15826494028539476        6.5210561442120576E-002   9.5228987612189592E-002  0.14091766665491570       0.13026142278261868       0.32319386222387086       0.33655466874184597       0.31517672370264144       0.23105056836015872       0.14080356732776611     
   1.7451641792302630        1.3131199050229450        1.6656915656299502        1.4481709082826533        1.6704208933973377        1.6302751625184322        1.5066466002694687        1.6714218900676245        1.8480441711694076        1.8952650077647248     
  0.17437170030655730        7.1111034480996566E-002  0.10261457357959546       0.15688321379631825       0.14635727643138635       0.33148654122473803       0.34850036218912350       0.33851763027114579       0.25176477054157181       0.16022047504481929     
   1.6607034152404203        1.3811035352354752        1.3753484827292268        1.8317601029509154        1.3266633190802626        1.7298079171350014        1.6461472043923133        1.7943099694665781        1.7117461067996076        1.7137703592256490     
  0.18961537692291100        7.7009650388215251E-002  0.11067148463273739       0.17006675728724688       0.16440777257189543       0.33920774469022857       0.35992607697510154       0.36051305290557123       0.27244694140510439       0.17844239015026317     
   1.3278762047742783        1.6930712163250625        1.4370485247440188        1.2929514385893097        1.9662080210144792        1.6902091359661560        1.9434954365113106        2.1675047532680023        1.7934565590377900        1.4112731807728220     
  0.20509150226267042        8.4916665471110708E-002  0.12349616444025985       0.18273234383275624       0.18260458988108619       0.34696929280572097       0.37123177056208501       0.37960082371338677       0.29229604435393741       0.19655002346395414     
   1.4612818568179060        1.7129172760662377        1.4844976137260053        1.6841566906442953        1.7642985423714179        1.5725339261488815        1.9553711605606314        1.5567955081943468        1.3907722804730009        2.0469904032525923     
  0.22250956166014280        9.2933833160773166E-002  0.13583593431325722       0.19634541767829894       0.19964201864788203       0.35456292114136262       0.37958632009446669       0.39928588162927781       0.31134169344041568       0.21275798475684859     
   1.6564588892537231        1.3813590965431684        1.6715887058953409        1.4049571479890712        1.4764522765917041        1.1626665424134142        1.7261624821760824        1.4675064307188930        1.8101147632762178        1.6872885375433593     
  0.23969612280052410       0.10206837077746869       0.14873103699250645       0.21097092942883250       0.21645834040922124       0.36245104754347413       0.38585308579673711       0.41746479708142537       0.33004373513432872       0.22852397188434817     
   1.4701369665700177        1.7130855208723046        1.4592634034647800        1.2125667350034650        1.3711918236717731        1.5308218071299440        1.1741226412235162        1.6375209082594824        1.3717033922744131        1.5300208463825815     
  0.25424790469723574       0.11070598422586916       0.16206221202810125       0.22745364636793333       0.23345515461439217       0.37087208929198606       0.39234123838463175       0.43558300626307495       0.34884744876755142       0.24423662492376655     
   1.3370483716561479        1.6371318626591200        1.7145555424718211        1.7278032993019163        1.6376393652028227        1.6376520012412128        1.5075065690212535        1.9095498987025479        1.4150177685137657        1.5187880535381608     
  0.26957635480759423       0.11843647032534121       0.17721737102086788       0.24380400357226562       0.25034217871130759       0.37872230890228786       0.39863874211967720       0.45010173879341214       0.36708133092835515       0.26015761389793668     
   1.6142710901904862        1.4569515185982844        1.8056188105524282        1.6844197976657180        1.8839163637345806        1.6187706857857518        1.2845067424165939        1.6146296189014280        1.4709825707951605        1.5020951426958327     
  0.28572455166483418       0.12624000991919757       0.19182332706518435       0.26139306012464686       0.26761424580860615       0.38573880263952515       0.40711604758592423       0.46436597904875915       0.38503456788842522       0.27653028970169702     
   1.8844876076702355        1.2877446121346006        1.7736934387303371        1.6376371873084048        1.8128961860512776        1.5677123641346842        1.4290992665236077        1.6119978171711351        1.7001383611990748        1.6388961889680065     
  0.30083390029744961       0.13381220160606949       0.20716707455303190       0.27887481751923665       0.28437141628443929       0.39299943455316916       0.41546129823900191       0.47755761868263036       0.40140430189378606       0.29316478574250732     
   1.3367379712552017        1.4476554754186366        1.8307081867358186        1.5437195534149464        1.6198540403693378        1.5272210828718531        1.5197707460435212        1.3514915973927955        1.3967225338240861        2.0583896119608758     
  0.31476298144356402       0.14129202400512675       0.22174814410611662       0.29355400722469005       0.30077994663102642       0.39890549603614839       0.42347086474728401       0.49104440751917983       0.41647453509200066       0.30993839701114556     
   1.4674587604188472        1.4850256860929547        1.5605456755547940        1.3060944710917863        1.5223004444310879        1.5896726045615468        1.6303838846116656        1.5602081613828485        1.8124644946130433        1.9149615761302896     
  0.32867195740387900       0.15017543716867710       0.23781577603991608       0.30841965245936004       0.31717134512249734       0.40433216612583001       0.43128699212100435       0.50566907470423328       0.43132789050312398       0.32718097932448642     
   1.4094682832565208        1.3874560025993630        1.9339814804002706        1.3506377533055711        2.1329551547389918        1.6453957452427488        1.4348174467820456        1.3876486829510408        1.6396250257477389        1.4561014786372688     
  0.34260472588194019       0.15918199449620646       0.25349196612569158       0.32263962373732769       0.33404748288850894       0.41097051865384721       0.44056938960242420       0.52043896658703614       0.44559100627915799       0.34431023129434279     
   1.4914932811970676        1.4605166052328113        1.8670053134956983        1.5770493650960344        1.6918348119897653        1.4700342875509553        1.5121986866510249        1.7087487460540456        1.6846634891560111        1.2526011274205648     
  0.35719304462898083       0.16903878392207636       0.26989750152538322       0.33659281520833417       0.34844354101579189       0.41747189503236048       0.44952849379313919       0.53548505502842747       0.46208454031121432       0.36058441400753810     
   1.6470533947346357        1.6290346108929563        1.8256345409835757        1.6974018278159400        1.2199165849350995        1.3336876573599685        1.5801393977079257        1.9017614557462135        1.4772962408275052        1.5962698052930553     
  0.37259937874881333       0.17940771586547383       0.28664379932607364       0.35154684750896281       0.36365224824052667       0.42494740573654760       0.45793606420469263       0.55178118199694237       0.47814399350004283       0.37654427667994966     
   1.4426424714175887        1.7495372151188067        2.0360204099031187        1.5752116989295082        1.3307818509940266        1.4657220669439726        1.6002857920038838        1.8125651606554432        1.4676703329259109        1.5416418896721953     
  0.38812488440489423       0.18968380584755420       0.30370409842252677       0.36719233617742897       0.37900247736097459       0.43244963166243960       0.46619180929880355       0.56915713274122881       0.49374175613161858       0.38882024443634444     
   1.6485394963946587        1.6272914216133307        1.7264165253785162        1.2810019882189767        1.6212456393905865        1.4259025775993348        1.6708590928045832        1.4554943505038107        1.5938339232435861        1.6199066930237573     
  0.40243910082973949       0.19988003070014612       0.32111128807578238       0.38167766735791375       0.39450258514188924       0.43963836748324409       0.47383772409927011       0.58533111860762832       0.50952355068781341       0.40233766081190403     
   1.4332299076963686        1.5083959787344856        1.3960596281757693        1.4348094515569791        1.8864345308584647        1.5681070154254524        1.9513219366361985        1.5386883084106830        1.6565709461303630        1.3451070062560246     
  0.41711424742163167       0.20980304306864866       0.33770510798337300       0.39465755271556580       0.41298580750083319       0.44707038230716478       0.48147227012289945       0.60034266727301644       0.52421268577850466       0.41285429765781123     
   1.6951370479808983        1.4410166333431325        1.2811766104226143        1.3508300617429922        1.6546176907878729        1.7640068108747800        1.6971663356352602        1.9221766867565813        1.3794566638748742        1.2736107986069960     
  0.43119591673112045       0.21961360672614080       0.35489042844971064       0.40916221026269461       0.43097491473286931       0.45434122208754135       0.48693313769691393       0.61339108704875656       0.53890045091612782       0.42542826661697147     
   1.7421685491262733        1.5427321178486435        1.5645359060386996        1.5521845396773248        1.4582284070034746        1.3842955691846468        1.3452409073036977        1.5398349867465662        1.4965830280392880        1.4597898997315475     
  0.44569824488405174       0.22839691427862707       0.36713832720515721       0.42432394400232604       0.44781314907018982       0.46182063254412425       0.49222762024479322       0.62447833410628983       0.55381585163825109       0.44016530119679270     
   1.6850970983396532        1.3126216230977958        1.6291374240988439        1.3643991552979904        1.6883473207373783        1.4380615422146015        1.2646354298785192        1.4073913873837292        1.8510762121741777        1.5743186590916387     
  0.46052500978309263       0.23615926633851470       0.37979518918062322       0.44261404336685672       0.46529552374392646       0.47031634970264519       0.49875649653347626       0.63584966974506496       0.56822342368545331       0.45584959334487413     
   1.7032111439148885        1.3167932708316978        1.4928852491590889        2.0708076716880917        1.4922206298859864        1.5692777310669177        2.1503922262751312        1.2964398518162845        1.6702141863021389        1.4202705483135090     
  0.47591271301173471       0.24413925276540471       0.39494366906153133       0.46161913507249730       0.48291345879975067       0.47910931149715413       0.50473790983954159       0.64710242329196399       0.58329767941820454       0.47262339967418993     
   1.4355296101083797        1.2448927421931644        1.1859698776447791        1.6504795535819596        1.9618277446951187        1.4633360437335849        1.1887515789985894        1.4446757508863253        1.8637312601996736        1.2569580827557534     
  0.49130484986343131       0.25169206726293747       0.41005227105111136       0.48088196824607904       0.50044585724141455       0.48788934544340418       0.51177938239522958       0.65796928134005173       0.59790790584714948       0.49004400403925857     
   1.4864148155826840        1.7075426153732125        1.3481851023876230        1.8909649048889510        1.7509957196788319        1.6428979320546668        1.4470479311368178        1.4697790343443573        1.7241301156353419        1.6087812055231092     
  0.50818114558852823       0.26168541768220815       0.42518551013568417       0.49938633750886591       0.51874066619785530       0.49666819877957830       0.51895718712406935       0.66790477994764763       0.61108553497665630       0.50857061729781616     
   1.6242147644629583        1.5683034330248355        1.6773377737578856        2.2196175846597317        1.6066292378357236        1.6198669752386934        1.6809522668622092        1.4017972257118427        1.4184678365515648        1.5367584781260120     
  0.52549507034346088       0.27222974441982956       0.44072366764452708       0.51706384268866457       0.53667917066723758       0.50645583729712429       0.52502177892734903       0.67777917805597432       0.62410484954077550       0.52672098873421047     
   1.7274711299168974        1.4862786281660290        1.3023782552511762        1.9924346607942367        1.6637534773494904        1.4351614572265479        1.4809104580194186        1.2830785113237908        1.4588996849179510        1.9491206300343142     
  0.54233834384191171       0.28388667603625539       0.45616649932634623       0.53459297124837979       0.55267842180242621       0.51662098403617707       0.53134544456347133       0.68848858799714008       0.63657679794887623       0.54390141133438086     
   1.3881166578926780        1.6882066254925070        1.5276163970013485        1.4773888685230627        1.6639773178352075        2.1269426528371049        1.4907976769904421        1.3948511880357493        1.2896409164906339        1.8831345566609194     
  0.55899142791266510       0.29566836986371553       0.47397999475606334       0.55222024867380859       0.56862541853742421       0.52636496958134205       0.53871748628017835       0.69897909024525839       0.64901931480306707       0.55835429195351094     
   1.5749373821196975        1.4014298191963808        1.8084363201392597        1.7898317978819842        1.7659804220659743        1.4513292639966773        1.7023096845929140        1.6641488022695474        1.3765688774335498        1.6885216933060729     
  0.57536081682394835       0.30730343902474161       0.49159940468634605       0.56955837758206684       0.58283422568876964       0.53582467731347616       0.54570375073685484       0.70789980423455012       0.66139457563011639       0.57044976853528340     
   1.7616166749493527        1.7616116026821615        1.5333513256943190        1.4082304646831163        1.6259954462623964        1.6034809202819476        1.6234058836908063        1.5052027892198057        1.7067037322346850        1.5879391682635384     
  0.59188866477151547       0.31881132020139497       0.50970840870156442       0.58578145942389093       0.59655802224130616       0.54553020804444152       0.55238099038895994       0.71572770964899102       0.67382868009899388       0.58107743574998749     
   1.6365261889229195        1.3809573412265892        1.2946886990748174        1.5961618018796391        1.7022175473432788        1.2909066015814228        2.0422688544400569        1.4747734478801873        1.6199940647523354        1.3562294955194576     
  0.60959501683353912       0.33033479716494168       0.52802660738400842       0.60107438511681865       0.60681810806067182       0.55551206972879341       0.55935610986351181       0.72220458274000532       0.68685050630427180       0.59052249007229429     
   1.5502660115123756        1.6844148649899269        1.2846376430110007        1.6203689095547302        1.2290081584101948        1.6908665116535275        1.5162026947828871        1.5410383416892679        1.5908301865933865        1.3496311711530473     
  0.62782991349911366       0.34248772858239684       0.54593771195316976       0.61634345201146312       0.61952257071607186       0.56603215681872576       0.56627613352525796       0.73008434902783104       0.70023335536421194       0.60462837296762995     
   1.6801158093419013        1.7066562220219239        1.5894122653801641        1.5301125654423335        1.5096948460925030        1.3932397919053412        1.4293617277572894        1.3548063937911150        1.5709541766554949        1.3169494692247870     
  0.64466081521427532       0.35302183982255875       0.56377890018661836       0.63229800686416038       0.63367415287432360       0.57704048919496598       0.57291889707397470       0.74222382580948520       0.71378879448662502       0.61875964372556147     
   1.3866502708255963        1.5080997509976393        1.4016025763291224        2.0075066187535966        1.3180628619447654        1.6907921601586069        1.6614327404490474        2.0151739577524252        1.5425756879184420        1.5325971067522766     
  0.65954787403567228       0.36404885444486978       0.58069498842032075       0.64967661799295651       0.64999581684900543       0.58838293260023022       0.57981680194889917       0.75383393985546610       0.72751515385106014       0.63442968947112610     
   1.4031836212254898        1.4287096616241237        1.5567569875542560        1.5566395541562459        1.5657494906835645        1.5621648295993076        1.6106617403972654        1.7400442029278818        1.7887403848044949        1.6437647584160799     
  0.67469441190348844       0.37627771575364111       0.59679929292941780       0.66721811128399655       0.66757458863970598       0.59988797384878856       0.58683744506666069       0.76387906484941814       0.74151271338837477       0.65030279152721593     
   1.9387512113118699        1.8268023737575725        1.2916300047316653        2.0346075717224514        2.0339957049653576        1.4692139449638417        1.4408922201909069        1.4622924149098389        1.9101229613866240        1.6398043455921603     
  0.69027547338746786       0.38872254786977967       0.61625776164903567       0.68403550898105647       0.68389019084996117       0.61179786099671563       0.59435372579210199       0.77434553300074216       0.75610541233022499       0.66745977172017301     
   1.9095949831138870        1.4503931268680514        1.6721794475021474        1.7367900261584674        1.7027245796690604        1.6449380691229709        1.6211827899432543        1.4187120910697590        1.8500222402018334        2.5204860700020379     
  0.70512968096495776       0.40309117140260742       0.63619952153106862       0.70044891703745749       0.69951671156429029       0.62335048024490736       0.60165493151971916       0.78398266597406929       0.77029679892142522       0.68422307956516148     
   1.3897544140320772        1.4502896730403023        1.8858833765374730        1.7082362199485701        1.3286854351310546        1.3865525880094256        1.4269976800760005        1.2748149440757670        1.5511983944449206        1.9699566002174331     
  0.71875971054929322       0.41685011740906658       0.65772676920860063       0.71603009018472807       0.71465858993069209       0.63588582949559658       0.60894209973559454       0.79373891499987925       0.78396191327075038       0.70045964878265110     
   1.7143767082226482        1.5929122038174479        1.5206585318105705        1.4127330005253527        1.3367712429548630        1.6381244022014740        1.8690806213092985        1.5763141397873981        1.7460181112474251        1.2289776577898821     
  0.73201656350594968       0.43186485933872526       0.67831432929172975       0.72940153514516370       0.72951132618810255       0.64997007912763805       0.61606548023252594       0.80413154768590578       0.79734039413392155       0.71682843953039299     
   1.2582352755293673        1.5807224714235888        1.5249837554328991        1.3459279781334825        2.2117281596493021        1.5854075586888172        1.5747061489823171        1.3557115795128172        1.7136319384205219        1.7067248736245735     
  0.74305554914847272       0.44662244772756193       0.69677770482609358       0.74404576335497874       0.74513825485395468       0.66354181526711020       0.62369082471146819       0.81454577761841507       0.80908709108105592       0.73360227656398524     
   1.4391708857182504        1.7373716773290870        1.5814452455789814        1.7141170300228605        1.4954116085953764        1.9198118330770855        1.9997141019645182        1.7442450410297710        2.0505886766702104        1.7627291471089623     
  0.75729239517112779       0.46243332148525257       0.71621321269924620       0.75920494199388011       0.76161631938393659       0.67839393924853508       0.63118926836670208       0.82518754973061448       0.82068974517994320       0.75048203291213145     
   1.7315671553087659        1.4825657635055058        1.4822950430013977        1.6681520501138316        1.5030995346656348        1.4231956694549699        1.4166028268762070        1.4905605162118403        1.3825609771727407        1.5498102259354707     
  0.77351484678659810       0.47878244436420481       0.73722024885245552       0.77513618984621779       0.77772740681580077       0.69429561659802419       0.63877807592311997       0.83579258810356072       0.83143550559202228       0.76667239971811774     
   1.7668172333186334        1.5922482451668620        1.6007199931928586        1.3830538742659420        1.8677511914956866        1.9166882902896643        1.5951426037466310        1.7342947611404029        1.5814056031982049        1.5490569409012056     
  0.79024728462678684       0.49551435471622524       0.75860915443501353       0.79115569508188943       0.79300920778378137       0.70422866814080964       0.64655842236916194       0.84639880768361431       0.84265257844019814       0.78272003324971495     
   1.6820889604668401        1.6393731291647149        1.9766095921453606        2.0432044383653238        1.8266041266782149        1.1911591630814877        1.3280766304506684        1.9429657370924382        1.4995888915481603        2.1362643968746862     
  0.80632214751650366       0.51200673016258336       0.78151804832723781       0.80703676849460859       0.80714225304115250       0.71432357871644947       0.65388650197990827       0.85749429622381990       0.85476387218773220       0.79786541729050520     
   1.8614687233845826        1.2825485668831555        1.5479218877251661        1.4878331957690414        1.6196963759618475        1.3785420853565824        1.4862217396100086        1.7727608196887936        1.4954116780775284        1.5862932416238527     
  0.82230496136250508       0.53056011787784185       0.80252413830686775       0.82278092192415830       0.82056039786437796       0.72645135940640948       0.66085207309177840       0.86856505060460965       0.86532969888178934       0.81225375283363721     
   1.6381135238601046        1.6639077895377916        1.5855752136532635        1.5467983472295959        1.5280059005920175        1.5533078899915493        1.4962545931215956        1.9089005541619235        1.4243711620194923        1.7029723963594310     
  0.83861082030875822       0.54923315219422975       0.81880962055143103       0.83977548845293282       0.83547828978012662       0.73865998792543808       0.66868166053631939       0.87951030303473576       0.87350134972260574       0.82599927187140809     
   1.4876618728008721        1.6623676672564787        1.4178985969127771        1.5078767525235575        1.7645160381231468        1.4849060919531381        1.5911093765592015        1.7218173867350373        1.2688404877713846        1.4198981034107045     
  0.85527029058641801       0.56860892960680176       0.83596814605554581       0.85669939020789665       0.85162984005894793       0.75531215818403574       0.67655951828612515       0.89055848308511854       0.88146642367498085       0.84028823372931294     
   1.4963109240228687        1.7139465656141122        1.4750499931912873        1.8771607676420343        1.5681380924563246        1.6446514384705950        1.5727059272029462        1.8164420318018952        1.4866149941765439        1.3936399806917674     
  0.87211686440077130       0.58918836620468451       0.85333179369063794       0.87356252657195255       0.86795008598078538       0.77223173537046830       0.68575130194301148       0.90161028183961256       0.88918401652333445       0.85488454665295055     
   1.7528774290714784        1.5851982019016579        1.8524282205473623        1.7780908431685738        1.6157901451739014        1.6219991252690353        1.7757424654797078        1.6481025241622391        1.2460467381063762        1.8489599998637916     
  0.88805083079685787       0.61607821589247236       0.87065576607902717       0.89033841072981557       0.88388543070760917       0.79039623058625341       0.69546427247105580       0.91236759072622864       0.89986553221764276       0.87033220700452885     
   1.5027572943853658        1.6015150431466902        1.6901140504915158        1.5260997207262983        1.4871324785542130        1.6528225431998789        2.1569022460660814        2.0426275919230354        1.4817965498862864        1.5191457828260158     
  0.90269096300239760       0.64533767791679109       0.88742800512910069       0.90355185501201996       0.90019893209541157       0.80935082364549138       0.70602750502305345       0.92284344852256395       0.91375495031917275       0.88713884649355146     
   1.5763353817511816        1.5188391114670314        1.9616280625105542        1.5579189555321855        1.5818637188543969        2.0121756603856076        1.7106289396190613        1.7680921992937384        1.6954893479863007        1.2744436781902666     
  0.91671447552533603       0.68035696453377059       0.90415164326479402       0.91495774003027763       0.91659864990082685       0.82888514747930109       0.71697933131733405       0.93321960853562591       0.92663362410604733       0.90388440928242575     
   1.6680448525536964        1.5224964489320401        1.1972911098748014        1.3946712929480960        1.8691129654757022        1.5987520461908054        1.5811559449371950        1.5385977322080397        1.4940149711801021        1.7016837652143866     
  0.93058035811330686       0.71811614870166074       0.92123395935000141       0.92541426391767156       0.93364899419970127       0.84779648341464942       0.73014841895581040       0.94365102752010888       0.93814989527983617       0.92079653753490587     
   1.2981366003358190        1.7662485295535235        1.7458315663126855        1.3777456519115416        1.5501482121071453        1.5216313532368360        2.2882461381361288        1.4075930727114956        1.6176209720247625        1.9392025858033588     
  0.94441267091145686       0.76187231491595930       0.93769853648475965       0.93479883585612145       0.95149762830372542       0.86548715183745417       0.74436848979718917       0.95417118186961847       0.94946296782660367       0.93702933912418562     
   1.5933249143779842        1.8700982070890908        1.8339485623691980        1.1216755220457613        1.5838714062540784        1.4710072584116933        1.5390004689474690        1.4205665444577869        1.5935617470370540        1.9659166015878782     
  0.95908656819620908       0.80950191115057557       0.95349632973317433       0.95251190436705735       0.96496660339137152       0.88649985569861001       0.76757516139270232       0.96446111662799061       0.96138979286552084       0.95174453961859951     
   1.4322929634358548        1.9048553185522794        1.6244566622277832        2.1619747387881092        1.6106206251255948        1.5268816781669852        2.0957842519538543        1.3973985024035454        1.4533726713824686        1.4055749316323569     
  0.97434804924635832       0.86172783301244926       0.96886121847768758       0.96934446109867900       0.97742728034745252       0.91138201454525802       0.79610284890400629       0.97543358852367001       0.97368944490987708       0.96674379173248814     
   2.0111603987447713        1.3615078910714207        1.5092031693679657        1.9454657309727532        1.4029084657045852        1.6857211375704102        2.0260514147449036        1.7278721447445931        1.3637862177086377        1.4136341478665013     
  0.98728020330060273       0.92772412966373508       0.98401216675335912       0.98435801373156417       0.98862952688710126       0.95106819674515686       0.88234264785830263       0.98740704246035205       0.98703489815951351       0.98314563828395052     
   1.6409806248578114        1.4998230674392397        1.4149099967766960        1.5325535305065701        1.2380053041497172        1.6376983619120302        2.0848407242412565        1.3491580988459011        1.5715065881173247        1.8733051588516942     
   1.0000000000000000        1.0000000000000000        1.0000000000000000        1.0000000000000000        1.0000000000000000        1.0000000000000000        1.0000000000000000        1.0000000000000000        1.0000000000000000        1.0000000000000000     
   1.9990071640826272        1.6159326648421799        1.8626331021083808        1.4359783166490576        1.3584383908764583        1.5944536287209716        1.1945595482924269        1.5651766632818698        1.3564294157393035        1.5064580920173922     
   5.3298354640276990        10.421702440503232        3.6829220278935151        6.0835936192769706        6.0662793154450085        6.7516645962751030        10.791473570048346        6.3379122786172513        7.3287462585563645        6.0235700496258433     
   8.0049184640120767        6.2223613210680879        7.0181135565831418        6.2832194572827627        7.2057056605023675        5.7101877453749204        6.3887675227464147        6.8356393678034069        7.2946923408506539        6.9241316563286821     
   6.9000940170429379        5.0677763347423053        7.0756669337027374        7.2841435040799034        6.9130705307500335        5.3038981719128335        7.0879210104587402        6.9111570755718947        7.9566120522496968        7.0700168576613649     
   8.0418767889665297        5.4577167054167770        7.9339024872015331        6.0510736566340393        6.4574944670038086        6.3453462669625962        7.0822006531789690        7.0428703400229145        5.5119393574594202        6.8659737650485706     
   7.2696722090882888        5.2331032429191788        7.3619880688176078        6.2736277031516803        7.7722152343620188        7.3854648102907108        7.2473425898684543        6.8722494293022471        7.7071204251800625        6.1789722118110273     
   6.2184073699890670        5.1249713724346533        9.1154903318186591        7.2841510788606643        6.9450971276633755        9.1743460906060150        6.1588733333355306        7.0165585879727317        6.6584548357567792        7.5942413918828278     
   6.5445943162178226        6.7073089812273450        7.9135897103767094        6.2372051705462317        6.3301683995790947        7.9041944621600599        6.1475105212126957        6.3370143461092976        6.1821385995694378        6.7899785226620768     
   6.2311022656007848        8.9312453171374209        5.5766548118750805        8.0220079506045714        6.4971158339246617        7.9423004171929596        10.958059236759583        6.7722944899977149        7.0391235527603078        6.4229145396588727     
   1.7443241213867280     
           1           1           1           1           1           1           1           1           1           1
   1.8490019415019427        1.5483845692026008       -4.5060586216534370E-004   6.4769616689928240        2.1984371742627837E-002   9.5199205649784712E-005
   2.2590412689324716E-002   2.2668309222942370E-002   1.6673852102387214E-003   7.6708526264676821E-002   1.6665448314852754E-003   5.2564377287032142E-006
   5.6477085327629956E-003   7.1375204857699774     
