   0.0000000000000000        0.0000000000000000        0.0000000000000000        0.0000000000000000        0.0000000000000000        0.0000000000000000        0.0000000000000000        0.0000000000000000        0.0000000000000000        0.0000000000000000        0.0000000000000000        0.0000000000000000        0.0000000000000000     
   1.0982197893773895E-003  0.17538213023774396        1.6968483521858622E-002   1.4794594185556802E-002   1.4377402543102007E-002   1.4438322498666608E-002   1.1409050295566825E-002   1.5019840658436586E-002  0.34516529350560154       0.16083352773203455        5.0761631242851067E-002   1.8312105347959979E-002   1.5195750857146296E-002
  0.72455741270340190       0.68499623821829203       0.84484574497589804       0.87344216284656528       0.82048383646258927       0.91235186331442086        1.0320449108479024       0.88286360699350219       0.76207987602553728       0.68499623821829203       0.68499623821829203       0.86438908679393700       0.91134233443231771     
   2.1555369830997618E-003  0.21793587367178152        3.3444900733339111E-002   2.9706278230458509E-002   2.8892423081979299E-002   2.8817326776842803E-002   2.2780546323290018E-002   3.0127772921640074E-002  0.48623689289485589       0.20962197171484445        9.2445214948790141E-002   3.6542201667801651E-002   2.9595100982136600E-002
   2.2241969682842941        1.0609646337246534       0.91580580162493841       0.91060591489453913       0.93955121126193075       0.93811363832816641       0.99158265562193082       0.91723624334858578       0.89738978043500794       0.66068853291651342       0.78007497672725346        1.1554544639824089       0.89306345952977406     
   3.1781323026179829E-003  0.25602591417822990        4.7154184989592486E-002   4.3584326779943047E-002   4.1888851664485208E-002   4.4598835794496985E-002   3.2736824345279018E-002   4.6560527782968208E-002  0.53692778043043143       0.24046044407704131       0.12649728852660364        5.3424290044992329E-002   4.3524970214174431E-002
   1.2164928820736813        1.2971588244142329       0.71602294988980131       0.71868146946642864       0.91656328719280911       0.79307073597800748       0.99442174982616172       0.87217715453367739       0.85386882592966751       0.75496164210162164       0.83335698931221081        1.2469508051304625       0.84582184237465519     
   4.1591472879678321E-003  0.29181877053408894        6.0488798576054104E-002   5.7461507996348568E-002   5.5246558299594524E-002   6.0556290361204017E-002   4.2565168772600886E-002   6.3795026546596065E-002  0.57518139913669752       0.26607824007778419       0.15218808648226917        6.8564960474630510E-002   5.7098455133840341E-002
   1.1888163609833151        1.1231658292183302       0.71246414535033042       0.83530251730400029       0.80999888289560229        1.0346271120779682       0.74078567471152146       0.92301915668928924       0.90203887149004536       0.96253622993956067       0.75928138254383337       0.98682843952652954       0.78750046747989821     
   5.1561130831770125E-003  0.32486176648556753        7.5472621128020417E-002   7.0558360032792714E-002   6.8160902455089906E-002   7.6692214066335279E-002   5.1515061383605780E-002   7.9586739778377907E-002  0.60146024442046264       0.28345049402232125       0.17647165422744115        8.2370144208371174E-002   7.1300555050445538E-002
   1.2670601209771031       0.91844161099346866       0.79916380346686855       0.82616657785121295       0.88202439892535178        1.0056465585047936       0.91275086573264774       0.91503426648709596       0.82348829413817071       0.89135426896011549       0.92116707661730557       0.80614014908283638       0.93148191484919196     
   6.1864352662667783E-003  0.35149095960531807        9.1572033934825867E-002   8.2608742698951285E-002   8.0864077088664874E-002   9.3192656673186519E-002   6.0351715338380268E-002   9.6282414703009939E-002  0.62528176772960986       0.29819859243013985       0.19736503177983006        9.7057382625565097E-002   8.5665129532350212E-002
   1.1577910002940353       0.89413031325108150       0.84623218163877112       0.73413526180759847       0.90145775777647796        1.2331448424721754       0.80116036672930302       0.96729440569052771       0.93878235987192948       0.91813085297971819       0.80102953537135313       0.91978325324628596       0.90008576412536312     
   7.3886088712910268E-003  0.37407001030716147       0.10871865896095967        9.4089022214493057E-002   9.3778563077551030E-002  0.11166107054276228        6.9649080270340627E-002  0.11159078824784475       0.64623471311901759       0.31114307593786361       0.21917547961287809       0.11219668838619316        9.9094050240019868E-002
   1.0986002682449920       0.84783784937811868       0.87656369701621917       0.77652179605307448       0.96155205299835589       0.86708975789068976       0.78375590045164012       0.95841957400908173       0.93777231660493499       0.97294365772585301       0.96801331472378427       0.86112382049056002       0.79619791240708537     
   8.6551412271796344E-003  0.39197484487421758       0.12561314815907779       0.10752608282508208       0.10696207330002031       0.12846994248532945        7.9938849626901037E-002  0.12610372146845802       0.66590403140010279       0.32343440008166691       0.23804479218931576       0.12717575115252230       0.11225910776050051     
   1.1717360487561952       0.86926875430870765       0.86647241839629952       0.85202640147493980       0.89463787087580604        1.0172647435350639        1.0261681267656699       0.81685761926654976       0.89832468083388972       0.77808185613656200        1.0611149259995227        1.1110068498526637       0.86178239173552784     
   1.0027901221533925E-002  0.40882984832242553       0.14091629572299921       0.12214616335576860       0.12049364236056004       0.13978764031324131        9.0997375763116936E-002  0.13938777149196224       0.68110598624136931       0.33543691418184218       0.25704444967695844       0.14205316631105364       0.12663188674988890     
   1.5388265936462335       0.92702797632474176        1.0307750461527909       0.87424485850956968       0.94956949104628741       0.75166076177361940       0.82834428598961718       0.83013380240495371        1.0120138253266551       0.79989032350236811        1.0586941492928164       0.94430995436654508       0.87999504574885867     
   1.2180871729609147E-002  0.42504522109325715       0.15691689517999757       0.13896972567559762       0.13266439011239517       0.15136782648498734       0.10177783537021741       0.15189236748458379       0.69402153482063234       0.34694940456821838       0.27598105999437256       0.15642346585628855       0.14199065900283520     
   1.1908066968451680       0.74200988449289029       0.83817119088523639       0.84808887777379738       0.89138426672674587       0.86816620940016287       0.72723188960850749       0.84033429094270551       0.69370419921845683       0.81984397821056687       0.86644173251476753       0.84208670674328712       0.82227450487620668     
   1.4370857239148275E-002  0.44136364040502696       0.17251375153325399       0.15584469136026791       0.14289912750197489       0.16376365789436337       0.11242438645924176       0.16427663354048741       0.70820242576798764       0.35769471087384269       0.29260186293394691       0.17141258186736638       0.15939626086220404     
   1.0630071079242560       0.78834130545386361       0.76071307315263470       0.83101372582501942       0.79337119045727900       0.80237125473821858       0.79719291577785101       0.82729084033164491       0.97246509306094486       0.79769907879220270        1.0590421222436897       0.79702404363978019       0.82568530350682290     
   1.6501292336854295E-002  0.45819729583689528       0.18911364642767137       0.17178335892676003       0.15274733148584341       0.17522370364402945       0.12308266614466321       0.17530376678459919       0.72082601963335102       0.36753057779055259       0.30656837299034850       0.18584893545807202       0.17611694188316213     
  0.94524833542563302       0.88891583180225497       0.84174473376426640       0.88488429646068290       0.94720509449802681       0.78637320945359934       0.89499400460362455       0.67663455960366525        1.0593939418988916       0.75912453708588223       0.84700534927373572       0.74701469619206085       0.88999616611786903     
   1.8635259083683259E-002  0.47504682289585132       0.20652846799016619       0.18738959966754254       0.16210775143928541       0.18581531323386011       0.13454420406676343       0.18899851796431177       0.73253770170529353       0.37724152652420367       0.32097433297013656       0.20035375457986124       0.19284653690213974     
   1.0828377517433350       0.88500247898167061       0.90790075819073701       0.93867905944519581       0.69448725069603912       0.79774760162441372       0.75488271832200826        1.0176617711498865       0.91502980380459209       0.95026835564210255       0.84309650907397948       0.74428504809213691       0.88621089506082595     
   2.0841412322137161E-002  0.49086891834589164       0.22363649383912784       0.20254314439646331       0.17182745640991420       0.19468986760575321       0.14553247130887173       0.20397016416808775       0.74323640584099260       0.38559917530233379       0.33497857843010631       0.21435267722254581       0.20900463926661661     
  0.90086602950366934       0.85985200198638201       0.88749983738504323       0.97949163810831097       0.85243634522327560       0.71986748629023423       0.84005384856138199       0.88073352159226470       0.88952042221928418       0.72118637915970829       0.77862463921235914        1.0050777594822717       0.99341828357520789     
   2.3191913234802096E-002  0.50511443302382975       0.24022858916975737       0.21813907518082806       0.18252025606612335       0.20379522364841940       0.15669642591010374       0.21958578435352991       0.75326296304341067       0.39338242979992499       0.35055679681526225       0.22908962669718436       0.22676128747875748     
   1.0397389550430696       0.72237400554161502       0.78675480940108078       0.92367597727870165       0.82831080369831589       0.74319423038913734       0.96681859923880642       0.75619803149052101       0.90545286294571148       0.76570636317797292       0.85525894064273811       0.91317955967276465        1.0924633320411898     
   2.5823429624047951E-002  0.51950702533141468       0.25683199313529503       0.23591829694822128       0.19381929794698149       0.21398395470983542       0.16796845934453286       0.23520605715600171       0.76279623856756618       0.40003904370565568       0.36365349644539069       0.24479201709694848       0.24589599896136410     
   1.1346603294383413       0.84956601313019831       0.83899677059223565       0.89793894647319439        1.1142160642521783       0.79817359771741925       0.79351349634238477       0.85365345793356640       0.90737266710851050       0.79243933277936907       0.91132885326732549        1.0367140527390142       0.92644718469755538     
   2.8487668304365159E-002  0.53264371235257857       0.27393875655568262       0.25499096376040020       0.20555134097070735       0.22451128248908042       0.17896580803173237       0.24990566572815517       0.77216665973644005       0.40641439739393243       0.37674727387712836       0.26125146441572744       0.26520907374797398     
  0.88472552256743131       0.86630029745862636       0.92789730393199499       0.87225850012915029       0.82110097864025733       0.86445183015330962       0.82585571631487942       0.81968930622104641       0.78459038410208704       0.90763495219619805       0.87899035456539254       0.78670905720269213       0.97345105231086870     
   3.1160536897589429E-002  0.54604244032199900       0.29034029443214288       0.27034293780133722       0.21698313057148724       0.23579774753048277       0.19069651160530482       0.26423583592504191       0.78014231225899278       0.41247783601209720       0.38871459275493697       0.27919886208057720       0.28464340632124757     
  0.70656077656207117       0.81547609833763623       0.87079413566778929       0.96655123958328881       0.97107662574363940       0.77813425910852085       0.90739653153323063       0.89076122048063966       0.84402073792922805       0.82028931185022125       0.88834810862838776       0.86784733354992016       0.96264591694215262     
   3.3994144264555534E-002  0.55993239030908237       0.30629138408577006       0.28384939883297794       0.22771086425831430       0.24732501852600847       0.20193648274372039       0.27921337027282339       0.78636523128781266       0.41849768747295546       0.40129860244449028       0.29708279944913613       0.30280276042656329     
   1.0223719476780653       0.98024662401434426       0.77605650289833472       0.89533724757929256        1.0229951757989277       0.72813243665866112       0.79693901238535980       0.82632944509506168       0.75711308598456728       0.77234448482380347       0.88412776188634035       0.79095789031391517        1.0416157183816728     
   3.7070278913289179E-002  0.57370663382066056       0.32117779497215571       0.29697881524431013       0.23964150271863985       0.25902533821266205       0.21425050778124977       0.29358717645418325       0.79293290139175721       0.42522841613508017       0.41423030057848498       0.31381481172551107       0.31893756561903852     
   1.0279227627307601        1.0086736410618509       0.92315211575957912       0.73891473214617009       0.82696437656223221       0.80500298790157943       0.83381683839952125       0.88093464867775417       0.75110234703637291       0.91325065827046614       0.82307790716550644       0.83555477245826448       0.76334490793229581     
   4.0440504597249752E-002  0.58695974762020875       0.33553477109584023       0.30963555430811246       0.25303080728957400       0.27207953811048302       0.22724989034781162       0.30873760490857721       0.79973273520214250       0.43178202962153917       0.42593240740165411       0.32931347512422726       0.33466396167123996     
  0.83477920326277477       0.99164779513286350       0.83726398390953161       0.82941729113286111        1.0494058599420415       0.83788475821138730       0.87135143367006895       0.90326964285697209       0.95159534418240421       0.82915706102230657       0.77225722817583531       0.88454511106693079       0.91682378633747430     
   4.4096538619003499E-002  0.59880768510309501       0.34928884307274677       0.32103153370058779       0.26638120452380781       0.28491229105005700       0.24063042594599091       0.32422696270603302       0.80660320870772917       0.43736003025719211       0.43792343260864414       0.34450947474811389       0.34993128190739087     
  0.74196168159317299       0.89931670859223356       0.79744632469002596       0.80581980674022013       0.95120984088158755       0.81582575506007260       0.88076677631845801       0.78406979862636383       0.91042382110864617       0.79276153957338513       0.81455425625077282       0.82011269726632730       0.91076344824538646     
   4.7787667922852703E-002  0.60996703058282908       0.36341675475225066       0.33244915473745307       0.27979803287890453       0.29826702959498802       0.25385593330607742       0.34011571183101830       0.81306847157475204       0.44302024783389032       0.44929514412320759       0.36004983651366346       0.36597077898015795     
  0.93289843330699562       0.87073371973371894       0.81536564321085259       0.85602338220296603       0.99169790925934442       0.70102935718606152       0.78929674593479782       0.86695930421434508       0.85424923536381714       0.90372338574015298       0.86443879327599660       0.79478669180340633        1.0369754661355606     
   5.1875667613373581E-002  0.61986286846172300       0.37736653237345874       0.34415940286905439       0.29352958417370523       0.31198104268467486       0.26588499992378334       0.35582322594037125       0.81916186395305746       0.44882414630170442       0.46208470946533359       0.37663935348434241       0.38207952395645173     
   1.0538908766969601       0.87769735107479896       0.81611380306055714       0.77568474972806267       0.94582205422826127       0.76485404702722126       0.75173411280897018       0.74032388700141250       0.82141388119079817       0.96026444840364478       0.92850157289539437       0.75141936417270583       0.75392667093054699     
   5.6113489393302844E-002  0.62877216783269008       0.39120838793895618       0.35697016565727330       0.30766141975254596       0.32787052887972185       0.27808573736074987       0.37236789899287920       0.82512396435779689       0.45472575110506341       0.47537532297874435       0.39358614465351766       0.39779520191346018     
  0.85415274668362073       0.81975124838495594       0.78364124344094754       0.80653023625829168       0.84733562499884507       0.91137805243882641       0.94900815137379924       0.89677914831139138       0.81050711441642076       0.83998053417440688       0.83654736563993071       0.73275434079840229       0.76830978574534836     
   6.0468556784884345E-002  0.63775827130665730       0.40460096240045501       0.37020657474636581       0.32177958515744359       0.34333858113718752       0.29038796346601670       0.38864086727676089       0.83062405364537695       0.46078554805095912       0.48830792518589594       0.40969864386003052       0.41279209837012359     
  0.74606932047518082       0.79816888954078524       0.87484376889611215       0.85717301175489624       0.91306985847606659       0.86094811616285416       0.92684434462966292        1.0497106604366593       0.88855751747616185       0.87946043517881733       0.86409824930216572       0.72235692188054379       0.77392260173661043     
   6.4737505480593788E-002  0.64669402525642383       0.41841374162703610       0.38618895167231426       0.33720635241185554       0.35795024977677570       0.30285457242513231       0.40276362813029870       0.83637933282759902       0.46712070272590517       0.50140155068282699       0.42592576124898257       0.42743487674314495     
  0.76359284113654002       0.74787849416250451       0.72251079459019529       0.88439118268971961       0.94355849646905721       0.90008839539019314       0.76109691633233012       0.83581808216944009       0.90436758789143934       0.87661158266827932       0.90851045437696609       0.82503234058120956       0.94707372892368369     
   6.9011595022286820E-002  0.65580988078567415       0.43251864886094915       0.40300171982294453       0.35206979101280605       0.37269214651151550       0.31988286217115686       0.41651907530143439       0.84226738564238746       0.47410689577999227       0.51246879145420299       0.44040619860592145       0.44206042580989402     
  0.81135975864910226       0.95932299015703892       0.87040103030026239       0.79652286134490990        1.0171451221242749       0.86203878769482378       0.79812953410109877       0.70198269638675614       0.86090033760861995       0.98937359856339691       0.71836459787580620       0.85129040422310653       0.95507039369370239     
   7.3405268831363765E-002  0.66499106256233731       0.44673770112715594       0.41852098678357247       0.36570956032672763       0.38790665011789804       0.33649956701606543       0.43010094663263443       0.84803038706129852       0.48060924761680374       0.52432660878036097       0.45482016412342074       0.45497065059558395     
  0.80677599166845171       0.74870714592751220       0.85330074647325571        1.0081664072370538       0.96670488273576094       0.84371626522549448       0.86118014103968776       0.80238480153876279       0.87580619891281053       0.98757780423976527       0.78946739914741249       0.78856291398403500       0.74013353297729412     
   7.7844166512137353E-002  0.67490982109588638       0.46203741687959321       0.43382206218629571       0.37909745756701058       0.40335600057748194       0.35179753047571227       0.44324808295367601       0.85414577901471778       0.48615794974735738       0.53714321878070304       0.46824248431461463       0.46790886409522486     
  0.73201922494833604       0.96403387199153256       0.84646961514886465        1.1332259388177932       0.83028130765017238       0.95468684092938494       0.86151669557796817       0.98275130111344589       0.83602074820201666       0.76969098251053381       0.78448480056232761       0.90352144865939565       0.86836337496810945     
   8.2568351024871298E-002  0.68500452246584542       0.47637642969584304       0.44779486718272071       0.38982113940151036       0.41938188494696871       0.36762248481475068       0.45666336097402099       0.86051305844414805       0.49172922420196952       0.55008579029661142       0.48225892263945191       0.47990137098296914     
  0.92969062312252637       0.99194550169106532       0.87980975945288242       0.84464269268432957       0.76299682968090876       0.76732058257425240       0.86488539733784142       0.82270986073269403       0.98927615337921626       0.76101778886055416       0.88971551601739152       0.87750665362746616       0.71559567352946996     
   8.7170490389900171E-002  0.69601645904731779       0.49039932594191704       0.46189751552303471       0.40081782495478957       0.43465403191597224       0.38357449900446439       0.46913499952557136       0.86657300196886577       0.49815715474822903       0.56350321746723253       0.49623183836935614       0.49266532502158816     
  0.76489914775551915       0.99192561537578594       0.77107895968208950       0.77576351409739475       0.88144150985234804       0.82693967259453449       0.78545190235995399       0.87156243970523795       0.87748850527777444       0.90250367627404748       0.80047254492928621       0.83417891264108002       0.66829325291923136     
   9.1990135215165816E-002  0.70675374728255980       0.50519628609873868       0.47720265908034526       0.41331835886699531       0.44915166603591761       0.39919560926446140       0.48085935436873267       0.87277547791817733       0.50429773798413458       0.57784703630236678       0.51012906305671324       0.50632762298747558     
  0.76048258194776475       0.75784202188679151       0.84629649402532203        1.0432254864099608        1.0297472468165534       0.74728563188033004       0.97210671089259060       0.80051411387565585       0.90173717443406787       0.79829750536001765       0.89681573178650997       0.74960608844738619       0.83911890271970613     
   9.6780574170524936E-002  0.71770660221477978       0.52036723977450439       0.49319776178007985       0.42604647336198787       0.46402975316192713       0.41522761573776729       0.49332398163042585       0.87887755262186251       0.51219769687895722       0.59287674814843883       0.52472793099047088       0.52016879288747986     
  0.80260739994900798       0.87233646853333713       0.80717835059352983       0.79539847988130652       0.86876003216775910       0.87560854957438183       0.80375960053498730       0.92246352981777702       0.96432041017648984       0.85100150559562382       0.83943483450657641       0.86896803682330348       0.85013440517798033     
  0.10204864203831003       0.72834377723499055       0.53983330730366075       0.51112604381640880       0.44003888546012954       0.48185923874823322       0.43096854992598155       0.50518740528999129       0.88379508847098454       0.52016414156940638       0.60812001031921992       0.53941020293264275       0.53398187239557460     
  0.84226942468559118        1.0106272785823986        1.0356287803002884       0.97055093116316160        1.0039598789339987       0.96763990854289961       0.81326589412347827       0.74107208426164994       0.90316687047162159       0.88080563517935428       0.88540193218874519       0.85595252144655309       0.74005630032018321     
  0.10745460731333190       0.73801334249395312       0.55925236107439602       0.52813000253394216       0.45449104417375913       0.49998595272355539       0.44880080859874050       0.52336261372578563       0.88862974142784801       0.52823013545562836       0.62336045324645384       0.55458116672075952       0.54869124857792606     
  0.87212508909821551       0.94420000922284819       0.81869682558818391       0.97013034470569415       0.98548255614467806       0.97066164412250167        1.0225898740647585       0.81837303574712272       0.87335250743324544       0.96351386794725247       0.92724095446178889       0.85050192660109425       0.96247903692147929     
  0.11558647771360130       0.74786292490083939       0.57887974498974248       0.54672270114223431       0.46901085316328595       0.51595844537966018       0.46639841613938698       0.54156182606516934       0.89338539122676153       0.53641768334638984       0.63860841149447778       0.56951319684986201       0.56306267591879811     
  0.93395290421772204       0.87627713045483802       0.84778439007187523       0.84897041159445863       0.96793044195806244       0.78808491645458567       0.94912889860603022       0.94283845469270289       0.85983570286617905        1.0997621853561181       0.77894251783296620       0.95382983828676793       0.81975676956618448     
  0.12366822704409554       0.75692794784648920       0.59861881711644305       0.56513431604638098       0.48154415224223651       0.53194013054843525       0.48539664494993734       0.55946002773905201       0.89806075791511564       0.54449616599351602       0.65470602424325930       0.58499595839832152       0.57636898436374462     
  0.82632777646423916       0.77634437690170455       0.92470635061914608       0.92899782895732419       0.83013962085763016       0.79874382996140580       0.98572243415991534       0.96050126353818588       0.78175162368608153        1.1777570218121958       0.95955722622884343        1.0641746932141189       0.97072433342825870     
  0.13368356506325568       0.76554089259259928       0.61823905906902710       0.58388400807099938       0.49726755263055816       0.55054011848632689       0.50467222471820339       0.57686881748061924       0.90258415909872858       0.55244972868079756       0.67132048472307693       0.59968323010935076       0.59009226330608044     
  0.90125954177851120        1.0062961238195773       0.86933855084038225       0.89656834956878262       0.92003323512678237       0.98960093766482138       0.95804733921729146       0.87837340320569079       0.81000874485945740       0.94876831671208517       0.86345163225833776       0.98438645638069244       0.75511562425991519     
  0.14342446101090914       0.77545516950652016       0.63725891244419341       0.60290975460200269       0.51278796241714886       0.56836432897122025       0.52349450145254373       0.59322859282584883       0.90700510102154819       0.56054193039521150       0.68570029247425124       0.61466365140901580       0.60343137340623454     
  0.90725302669875663       0.90327820761932109        1.1081358309087326       0.81113388611222481       0.78168527856088055       0.77136447176809797       0.85586308949362322       0.91829277801642151       0.77980808719779882       0.93447548616726417       0.76722203136369282       0.73931826794531885       0.84557113062553302     
  0.15364138491430437       0.78507652599388500       0.65135364356561953       0.62147577649119323       0.52906515113004959       0.58657681412187657       0.54233717187891939       0.60954629905618596       0.91132491989563680       0.56831189048445929       0.70068993829171444       0.62940447042309700       0.61621186053641552     
  0.84372554587554704       0.91756248187671985       0.85761932843281563       0.78648798320643953       0.88189693955323978        1.0056358555017426        1.0406416050132701       0.90752363227797606       0.81271935832770326       0.82012033477290369        1.0052435914354110       0.93757222766988113        1.0203565990187931     
  0.16422652065579049       0.79491654740930850       0.66521466751185609       0.63935931542160496       0.54672586768188303       0.60475050605317560       0.56131230625343065       0.62513030411288406       0.91531491979844737       0.57609841308254461       0.71366127370611365       0.64344154358509920       0.63114187321944004     
  0.69553924310399484       0.88578063719448263       0.76181823091820933       0.91458526392324657       0.99603610010086485       0.80641334611987348        1.0134563020819749       0.92557177028759396       0.73128608979320897       0.91977250583351389       0.90775545838526861        1.0948438126873035       0.87853836744944402     
  0.17651127807196226       0.80499589992289677       0.67838536091431034       0.65771496561066889       0.56428489844550200       0.62293749602841331       0.58065951822626216       0.64090716123003499       0.91941490825983829       0.58335370675625153       0.72672743570558040       0.65699711936152894       0.64628840540986809     
  0.87092251110363916       0.91104191488842368       0.79133150343567926       0.92874344494090266       0.93012894753649544       0.96639434399555058       0.88650493430332278       0.98231121512600905       0.80032030813233535        1.0645796784140498       0.77024969969702184        1.0210813275485380       0.84334022491427774     
  0.19000023932700338       0.81495559229432379       0.69179141791119181       0.67396496590305655       0.58051094027073002       0.64137616829801025       0.60166288799161016       0.65668468247539269       0.92316397049354881       0.59074374866500112       0.74133482025246045       0.66994306745911725       0.66448313572898721     
  0.89400454498723425       0.93404367810452338       0.81169422274365755       0.76122978718970302       0.91735808414314546        1.0156394305468710       0.79635746135344909       0.79446324449412931       0.91905963100238819       0.94030720197920536       0.98893040239619034       0.92722257029643262        1.0811407286235488     
  0.20570541642283255       0.82508969890784256       0.70684167176448276       0.69102696876654801       0.59662681921979943       0.65993539870636653       0.62242701134709189       0.67205157027816187       0.92688291992454475       0.59851693626747060       0.75550560798245048       0.68255085971109419       0.68352792543092233     
  0.82738976897351302       0.96279574109151345       0.98227001351221332       0.99301537099825432       0.93296516141824748       0.93350688686427841       0.92464376396173398       0.87454716639830732       0.91246889831824751       0.96334942896196740       0.92987071216764439       0.74143326633450191       0.86855051705016517     
  0.22323959554807232       0.83574476646859730       0.72211181093437038       0.70755890674714106       0.61190035596420711       0.67984809403006785       0.64324243699156181       0.68637464537896775       0.93079886947968948       0.60628495609853728       0.77029588923872305       0.69575693542927264       0.70006904132474157     
  0.81221785948179448       0.89921336332270208       0.86925319505753496       0.82566808578766793       0.84363308274128512       0.92810552473036334        1.0093865193280107       0.85028528662792757       0.91916386992877308       0.97367577719742382       0.87892085673810838        1.2065296873423978       0.86934662917929162     
  0.24782871444099111       0.84560954858314796       0.73675397464250725       0.72423817237658095       0.62851183291231016       0.70082334828926118       0.66117650192118915       0.70052485743627413       0.93470097085987791       0.61402268197960486       0.78441816320336322       0.70987168466094619       0.71635133888726565     
  0.98527349652189211        1.0981502904696903       0.87109411892728739       0.92477465116939528       0.71752437202844765       0.98415264667102698       0.94577319566843299       0.86234846418055078       0.92842586042911313       0.92920549105791717       0.90017351843712623       0.78063575016488795       0.94737003022991795     
  0.27868304156800128       0.85527391399756036       0.75117408816412345       0.74120200278826864       0.64609925777760924       0.71964711525147662       0.67938206391128797       0.71763463652656934       0.93855311353038007       0.62215724792820670       0.79934915752409141       0.72512150752596827       0.73395777342681290     
  0.69129065464122630       0.98885499937495569       0.92995193408983223       0.98839958704351805       0.82886175122732197       0.87947449666691913       0.88646837947811707        1.0364060208676975       0.92398827328176447       0.81622210932941286       0.91261222204359171       0.75989488460929866       0.90583123235135299     
  0.31926264768515739       0.86460916384922859       0.76535208354459261       0.75865102979874233       0.66327580044737122       0.73881881997232057       0.69677701965947081       0.73509204753957413       0.94239898100365238       0.63090915583695262       0.81457830961876210       0.74091801729109652       0.75202519753579988     
  0.69928909769747793       0.88419847001395946       0.85201741359851624        1.1342054564379853       0.89898826176016366       0.93305096335574933       0.96033806083049056       0.74991947689711447       0.79889716509300346        1.1368092015831861       0.87001313183640416        1.0421112874674261       0.94121422496761697     
  0.36025912939296834       0.87345273449366156       0.77963881428394366       0.77581085654392234       0.68085121064410770       0.75604592411712035       0.71469862516179217       0.75439149500552727       0.94623925200469239       0.64013097414574449       0.82923410222438954       0.75625100203474738       0.76866981730398032     
  0.74244727866724181       0.93521587242180004        1.0744095514568368       0.86997069604736776       0.95225255991584790        1.0589383926419431       0.86249201336281900        1.0922293936412089       0.90432145374535655        1.1370065232055633       0.75291687018949183       0.84785753402438413       0.80222304937345845     
  0.40204698244285925       0.88218105747570452       0.79461347151732864       0.79170483576771333       0.69851383387558752       0.77247092123671324       0.73415889557754532       0.77532650005364889       0.94981841894698982       0.64955005805381183       0.84397490111079132       0.77269641102299735       0.78479069634540788     
  0.83331751011879640       0.73603142924627218       0.77579156909306801       0.92190316555943441       0.84087876017221197       0.90686167710013488       0.90995731994175966       0.92892911009011570       0.92963491477598847       0.99860574999535845       0.95879626085592751       0.84205201717256251       0.97538184909651116     
  0.44769070960469259       0.89037641916767885       0.80965838292674730       0.80728660982624678       0.71644195259760912       0.78935472870883616       0.75602467629722148       0.79537045280553942       0.95348348720528231       0.65852689127732844       0.85788943349401503       0.79023789623893625       0.80116275827146810     
  0.71052385881129698       0.85613693901050247        1.0161279204178704       0.90000413061572848       0.82929030206705190       0.87703665536875386       0.96166354200434634        1.2042809267953059        1.0140104041822002       0.82442546787378068       0.96389619675077653       0.99091657458017890       0.76998002906231022     
  0.49118656169994152       0.89822319073131185       0.82567771493289133       0.82126869335226149       0.73588805521947154       0.80669277490153901       0.77482906360926673       0.81432130130334168       0.95719017976955256       0.66739498861186786       0.87136147504488581       0.81047665576649686       0.81758300105932802     
  0.77571103313020806       0.83744875521148954       0.93545717625054825       0.84228456713192246       0.82137463607791761       0.89551560847191514        1.0158930456721753       0.93570345641295571       0.90284572214688563        1.1361999433017715       0.89535027431796976       0.97197035332524406       0.92108053634295917     
  0.53400179415992433       0.90599154025000661       0.84177731097823982       0.83654926664277418       0.75693324525941330       0.82381252044809417       0.79219838274714394       0.83320741811183074       0.96084321620229818       0.67589340507734685       0.88259671455168986       0.82929131951162560       0.83495592861302292     
  0.69708258992821681       0.89337747247632837       0.91332806425644375       0.82282391654557141       0.90739241421637284       0.93080062397816088       0.90991758253985033       0.85250327275688897       0.94395149692430247       0.77515112517514362       0.96326881148173471       0.92436445353679486       0.89215184596833952     
  0.57510636950076854       0.91374051040538762       0.85789077207322206       0.85055955973518782       0.77744979425711447       0.84069741812748977       0.81037444698265049       0.85084110721364437       0.96438005321147868       0.68428909472495603       0.89366223313602244       0.84472428531985200       0.85326053886691733     
  0.75450317266423572       0.84241922473546305        1.1447212499667563       0.95851370816519621       0.78040513551411272       0.94710392051874104       0.85614385894028600       0.83436184145186132       0.87571072872732547       0.82419731869423030       0.79481162686383622       0.81007578956120907       0.78651645994268726     
  0.61737655234454225       0.92174486846304216       0.87425027182406212       0.86442985720626753       0.79705900415708208       0.85695819849831534       0.82873081331273046       0.86831407332179456       0.96781176307524552       0.69394832718890320       0.90631121454359709       0.86053625638176423       0.87159139156877474     
  0.74755787800221729       0.73172022454659269       0.96085101198550960       0.76672078175270508       0.83902369164991197       0.89124766148985413       0.73626210989803420        1.0770957500635734       0.96617036066600670       0.79425459542967547       0.92844961010799532       0.92517245012524574        1.0499483668917511     
  0.66111441322134146       0.93009166600995485       0.88996854747866316       0.88135314090536276       0.81807477203658574       0.87194659313881284       0.84855016963793917       0.88465583665054448       0.97121264981006827       0.70373650707119983       0.91861618593465821       0.87840302699282169       0.89016703584622281     
  0.75552496346145970       0.76696355884156597        1.0163317901104472       0.97293552942819395       0.79397613891892727       0.85532230395373832       0.89318571416951642       0.88702488032440052       0.89262655597988461       0.83611673148699706       0.83651149155414606       0.87223922900299522        1.0665505203519279     
  0.70296487792695350       0.93846941859277822       0.90540807818611457       0.89799318639780346       0.84151547637110169       0.88722459574308876       0.86896010522663591       0.90167117942472119       0.97490041520847359       0.71323302306799297       0.92955746756731106       0.89530502529580658       0.90871703022616257     
  0.71318720321840468       0.80628233931537630       0.91615195785551196       0.83393939619726021       0.81861811530314732        1.0170504965396023       0.82244132370779321       0.90321082335923775       0.96600374923717103        1.0649010605980402        1.0793626886704939       0.86364945631739576       0.93124745040376877     
  0.74283726579047793       0.94662439225332717       0.92149576411010869       0.91578229855871185       0.86554645551985820       0.90448616978576357       0.89104118975567503       0.91858753395003068       0.97859121180497088       0.72289910663095092       0.94024369789830808       0.91193972319922256       0.92608292565848760     
  0.76456911767097102       0.79700318231743028        1.0806223924521972        1.0621481886965130       0.80315182851425326        1.0770799847328472       0.98993795942234264       0.81979647746162010       0.93873452608730834       0.87942313158657981       0.79233554710350096       0.79735813610408157       0.80110335771376151     
  0.78435679026142568       0.95484152456382099       0.93788499263223069       0.93362595074907750       0.89023796231923458       0.92349148388580338       0.91355114563513917       0.93414360896774218       0.98235474883731910       0.73190070650258965       0.95225740469125697       0.92875795192171540       0.94294150653041597     
  0.68499623821829203       0.85053341623709255        1.0367151136373045        1.0203821137295161       0.80061261562576325       0.92286344086652150       0.97812020999505300       0.96715923373598212       0.85293524647957120       0.73517400002023126        1.0240296550945407       0.89217297965080544        1.0742748064512675     
  0.82759075815037564       0.96421973279329820       0.95426396359310983       0.95134695022635973       0.91526943404966821       0.94281231382579900       0.93649876390733977       0.95041298251549977       0.98619884620867793       0.75860824579753039       0.96374556625311514       0.94699167884427005       0.95775132729055790     
  0.80569907170892530       0.97975371147093160        1.0908589931341330       0.93774302075127858       0.95118060231173929       0.83295577231135598       0.86471018759807827       0.96022295700081439       0.93464477335032481        1.0938412560127515        1.0164132881731789       0.89271504701164239       0.86212750474702415     
  0.87278155139673619       0.97337581768518155       0.96991339204075777       0.96853531482535016       0.94094644389055249       0.96237451445740541       0.96019625508341944       0.96656256310904198       0.99018778076728620       0.78764948799703038       0.97533042845236051       0.96540809044499143       0.97179875374849489     
  0.72518211413220690       0.83894288590705546       0.89499719085576335       0.91838708230189614       0.75178748508164772       0.90085307119522140       0.93859526413854089       0.92936852472582310       0.91770712086747896        1.0158214037219850        1.0627941640134106       0.93259588165952045       0.86627065842800288     
  0.92791859841778523       0.98652395993600839       0.98483008452804555       0.98430096950881396       0.96948333557955957       0.98124537119846855       0.98022361061629260       0.98329032641805236       0.99480468230910524       0.87085013245131171       0.98748610967638906       0.98248836207023105       0.98620198195289233     
  0.72149726398494030       0.83429942349588959        1.0694360260927893       0.82597791950328781       0.77593400715864902       0.87232683994253157       0.84981927917893696       0.81037923405386514        1.0391856402630111       0.97873633947089544        1.0460024604979981       0.87264991101487976       0.95812455498961624     
   1.0000000000000000        1.0000000000000000        1.0000000000000000        1.0000000000000000        1.0000000000000000        1.0000000000000000        1.0000000000000000        1.0000000000000000        1.0000000000000000        1.0000000000000000        1.0000000000000000        1.0000000000000000        1.0000000000000000     
  0.73258064581258375       0.74553794712170307       0.98403792189628270       0.93392715518413560       0.71638046074644168        1.1190357495963952       0.87802552496343533       0.90309759441266757       0.79820574353823315       0.64942953086168131        1.0194639418946114       0.77313102666285016       0.78221391534637563     
   4.9134941014625557        5.6530400221772563        2.5793991675685954        4.2052576000631463        1.9922275665933769        8.2983849622184813        8.5846068233566353        2.9957231793124715        0.0000000000000000        7.0868702995140254        5.8513248734468757        7.8335640736329681        5.0820610203687959     
   5.7531847557298308        1.7641850190714936        1.8378590113869426        4.1123706029241971        5.3346683097768413        8.7415416774148262        7.3262710529852768        2.6588004200513997        5.6029734738769008        5.4649486966204144        5.5230650613636305        1.3040084811452031        1.8032917501597574     
   2.9642557512317929        1.8027367968456829        6.7530159965506318        7.1262146286406569        7.5308995304419870        5.0412186283330147        5.5812107975674472        2.7557037679261196        4.2578816018519241        6.3576480653881227        5.7076129449312489        3.8769185258024157        6.0803194118675652     
   6.0785775354898961        8.7473802392087450        4.4916548243601699        7.6721812870571791        5.2619562559418780        4.2261111223247312        6.9665849613521855        7.2673446943521114        8.9695521409058507        6.8092866239133283        5.9381589194236977        2.2730140734330693        3.7777988880758322     
   5.1105812444624945        3.0915699735771223        3.7658906258215730        3.3175549051468369        3.2969394757080468        2.8480030321837400        8.4815592797309307        6.5704269239940603        8.8845720774260162        2.5951422009454146        10.166332555541832        3.7781460695024043        7.6325919609516371     
   7.0635734694268884        7.9208041631981247        6.3733386901842355        6.9820153212651954        7.4363114620583746        3.6998623111979119        3.5113033630373010        4.5551707451828722        10.617419255967269        3.2996559448929199        4.6417644625277079        5.3213152606886993        3.2709190599990037     
   4.5480403309943798        3.8258532075125777        8.8589413887317825        2.9655833245226160        6.4195277519317386        4.6190544072580400      -0.72542568798681106        5.5312576567259333        2.9592191572495299        3.8772428681449487        5.5968991153005998        7.3682789101910702        4.2937460777357490     
  0.94721707307874214        3.6052154113058261        1.9177884366405340       0.68688235814751819        3.5228026369663086        1.9242025397217817       -3.7212018412371979        6.8241386198511131        4.0793530361839920      -0.74568434363809466        2.7657911958471231        6.5546506338683868        6.5594305908050474     
   1.1668521708849876E-002
           1           1           1           1           1           1           1           1           1           1           1           1           1
   3.8222567941259178E-003   1.7580130241051492E-003   2.6408542057470363E-005   4.7565042197377423        1.0189766493975372E-004   3.5410442997780816E-007
   6.5233486953624535E-005   5.5779597786521309E-005   1.3009944336470554E-005  0.33663789272979977        1.3004145750136630E-005   3.6650550412136782E-008
   1.3541967866238045E-002   4.8432499045168385     
