   0.0000000000000000        0.0000000000000000        0.0000000000000000        0.0000000000000000        0.0000000000000000        0.0000000000000000        0.0000000000000000        0.0000000000000000        0.0000000000000000        0.0000000000000000     
   1.2872890964095987E-003   9.6071570032477977E-003   1.2981505135767549E-002   3.1157235294093734E-002   1.4359226772809718E-002  0.22577270575507075        9.2263603809946901E-002   6.0752362660730419E-002   4.5013509341439613E-002   1.6178166665856263E-002
   1.3449562986637618        1.3388826662367763        1.0745078983092275        1.1266662246380237        1.1518076064304188       0.94609419051241295       0.99882705743979938       0.98106542407321229        1.1235443085208969        1.2189056511444456     
   2.5855982696007568E-003   1.9232083829700080E-002   2.6219536142196222E-002   5.8943660245330404E-002   2.8672842350710537E-002  0.33117888307908877       0.12428495917469046       0.10742272692525151        8.0823247699298897E-002   3.2339719754646890E-002
   2.1441968850830864        1.2970805816397941        1.1755899838609349        1.3052251278496907        1.4511648165570461        1.5395987386824663        1.3146437543884604       0.98071384372730641        1.6350364615099853        1.1884324008405178     
   3.8962956481545141E-003   2.8718378782291911E-002   4.0152806762468449E-002   8.5079668343886528E-002   4.3863536540530712E-002  0.37796759294356519       0.14866394928806165       0.14548847965376691       0.11021893989085735        4.7975859979533193E-002
   2.4286565741889152        1.3885469442390881        1.1739945761774153        1.3232554447980185        1.2902159535519977        1.4320136273730097        1.4974308858460625        1.2769784278343652        1.4270308686619357        1.1399512112945842     
   5.0921779102338265E-003   3.8182844142094940E-002   5.4612317826241243E-002  0.10673370866383459        5.9106606112790623E-002  0.40963422417345252       0.16939308964977762       0.18332174497677517       0.13898199710752865        6.2846911666857214E-002
   1.7817772830812062        1.1614661822308250        1.1587185828299458        1.5875924729294379        1.1798628179808199        1.4608018391936601        1.2607321570995402        1.0380257928948056        1.6515901546961700        1.1630987980079708     
   6.3351165137341481E-003   4.6920955993315652E-002   6.9905344214455364E-002  0.12681270737804148        7.3861345196698888E-002  0.43348777757432910       0.18741030037279119       0.21680792403429183       0.16617588537005709        7.6249541166557896E-002
   1.8628222647288435        1.0929929825348514        1.6446001634389975        1.3305439957981233        1.1077481399190405        1.2480915430828310        1.4417557485951382        1.4861583001484127        1.6244931038216386        1.3112125201105367     
   7.6870578998400893E-003   5.6255240121884965E-002   8.5795235908976267E-002  0.14742761400216664        8.8188879599004955E-002  0.45038382342306510       0.20511103424832811       0.24891134911072091       0.18967227389271110        9.0406247511353816E-002
   1.8631521398185553       0.97838239833351892        1.5191047020097490        1.0654525494233777        1.3228210009089627        1.1702503292907123        1.4888191483086686        1.1971267922370579        1.5041160712681685        1.2882035126812865     
   9.1131848806323846E-003   6.5771032958029843E-002  0.10349073524152780       0.16651069410638492       0.10157512049625521       0.46674430926885302       0.21431470455381715       0.27164567336001660       0.21271304301252036       0.10365386650263535     
   1.4823543865463018        1.3225324069323410        1.2084003169981807        1.5493849618460844        1.2017871732860601        1.1479480806600775        1.0267070482842113        1.1441613901374215        1.3213306667644780        1.2026153617184778     
   1.0590732185570578E-002   7.6465905352438190E-002  0.12092762465849133       0.17893473164291535       0.11555809508125391       0.48325845028547065       0.22345547957843842       0.28622070465758320       0.23421678126785403       0.11758284254192719     
   1.6429571412940580        1.3657273651805169        1.3001834601804818        1.1497921923122116        1.1809015399443008        1.0596714233855600        1.1184569460679767        1.2952216253039628        1.3830119283030384        1.3169011003332804     
   1.2231382159983720E-002   8.7171838221219239E-002  0.13815232877513736       0.19292758830139073       0.13001981161705728       0.49862137246316057       0.23328173148880610       0.30209485782311113       0.25502960817922699       0.13227645890084277     
   1.4731880641046102        1.2429667199825580        1.2661939590122373        1.2374098620504776        1.2151442858741039        1.1504697064296752        1.3280083227559998       0.90513059146775665        1.2025363324711349        1.1939999237260697     
   1.4568038519909381E-002   9.7299446335617129E-002  0.15458635359657383       0.20825736644430554       0.14573876784214190       0.51453207823040470       0.24243891992078473       0.31837757143712025       0.27421524382779694       0.14716419007032802     
   1.6709005280963032        1.1343575018675081        1.1051177061768938        1.0018479581007556        1.2443825987453563        1.1611294106764698        1.3734433171538645        1.2296832088121175        1.1437777837265868        1.2849089104818503     
   1.6962650967343923E-002  0.10996320487957112       0.16998747879711218       0.22503555356646518       0.16176066798201419       0.53002268549904696       0.25100148579839943       0.33536772058280850       0.29265583064579254       0.16201876884522642     
   1.4782331682161165        1.4421880434039880        1.1675561146823106        1.3646732874001832        1.2446827731294436        1.3083854884212482        1.4536118980307893        1.0938489806968084        1.3329710501455960        1.6405573847834614     
   1.9462167368888877E-002  0.12285042334195988       0.18402849606271693       0.24242054620432754       0.17833960817109928       0.54201119904895667       0.25945570714561972       0.35314884367723820       0.31002361784090665       0.17675053719550818     
   1.6743887521603205        1.3100696314446114       0.99574056481490747        1.0758388585876171        1.4153577646237363        1.1622205268975578        1.1216121301451800        1.3203536943607992        1.2174509558296414        1.4645004514468212     
   2.2092256496830658E-002  0.13672844637266429       0.19728445456343446       0.25959981989079972       0.19441134264968735       0.55386130912863063       0.26783584641465047       0.37170079939531486       0.32643043371024616       0.19202459505136374     
   1.3091332982384076        1.3776147353827020        1.2744880785150781        1.2691625050008137        1.1586334273698431        1.3294407826842964        1.1166838150880996        1.5647289462230347        1.1972608698603251        1.1843807841703717     
   2.4819370661900330E-002  0.15111920785692731       0.21146345749932224       0.27716589877404385       0.20944540008447565       0.56750841541754871       0.27673053449079421       0.38945171504112769       0.34198987872914316       0.20787809048881703     
   1.5316128257360877        1.2800742560808593        1.0979744865121610        1.3932216080497617        1.3434525140750131        1.0729166905284793        1.3057972418696688        1.3742165226576841        1.1259726440449465        1.1105529850624645     
   2.7747754938781746E-002  0.16625918160223555       0.22606269747666377       0.29429017325463647       0.22437621294042553       0.58064401681734390       0.28490728211421340       0.40690344613421958       0.35745424832584888       0.22483383847804245     
   1.4859082335771860        1.2911824276625112        1.1601778045040008        1.2397705691715073        1.0848048867175282        1.1354196442176012        1.1861257558882183        1.2813441432491803        1.2801836327270417        1.2223890166889684     
   3.0717255287549334E-002  0.18184518243940911       0.24215969491795364       0.31120781175918077       0.23814643556041548       0.59209179793964561       0.29316578146993721       0.42475127145095432       0.37327904670050438       0.24190300543357834     
   1.2068994379362867        1.3148949725168184        1.5140407541144274        1.1978263313848103        1.1135042196135754        1.0647243758948461        1.1545666639166081        1.3440659547674076        1.1573751953662399        1.3940820845608168     
   3.3944981664613363E-002  0.19804728854072112       0.25829036984931397       0.32754451020792968       0.25382653222202683       0.60355397928454724       0.30165346827890593       0.44288175045068340       0.38749222943978712       0.25826940700581447     
   1.5358601716689657        1.2309272483362337        1.4304781238343651        1.1557199003436205        1.2232817052076850        1.1733490627266481        1.2479323855675983        1.1652507113232335        1.0692033889024877        1.2296604189363596     
   3.7269489007326122E-002  0.21450403171913435       0.27277783770826186       0.34478913977180026       0.26813060015519202       0.61428627053127349       0.31005396141961677       0.45896880104360549       0.40138638358096868       0.27296312762206826     
   1.4200456907837053        1.4480206025857896        1.1979958742928400        1.3936107877427046        1.3098773163019710        1.2231144527834668        1.2811449111823865        1.2609251328965700       0.94667786625776218        1.2512308316291791     
   4.0848388671493881E-002  0.23027906135575665       0.28751505098112584       0.36152728105483251       0.28221945783504654       0.62718337046047590       0.31807007938529669       0.47466289011645124       0.41342534745633458       0.28610301942168659     
   1.1714385231368867        1.2979279554484549        1.1184628488519881        1.1409652636380001        1.4644429533573109        1.3265808535246257        1.7094696056817151        1.3238801167526018        1.3991840258592665        1.2126967111272118     
   4.4804752819794152E-002  0.24560230724436438       0.30182902889377938       0.37771539794996933       0.29521900678221824       0.63863161078456687       0.32587668778906737       0.48910001001154640       0.42669372741533457       0.29806199415494966     
   1.2621668563621569        1.5232808957556423        1.0461910846318767        1.3453400484627331        1.2861615068420744        1.3805331238005416        1.3481790007581442        1.5550335478520478        1.2312287594207405        1.2570481460453491     
   4.9065045697930729E-002  0.26032388530518191       0.31616883178637073       0.39456676224527371       0.30838947786464815       0.64972041152982152       0.33318232005826531       0.50387317212917082       0.44022081011216685       0.30899826373596728     
   1.3078510451685750        1.3149364265753964        1.3301021433829758        1.4089134012684263        1.4899469667830232        1.0861726375659355        1.1530071049295438        1.6714791772877764        1.3084341941410320        1.0867768403138602     
   5.3544410453675813E-002  0.27311386566341145       0.32957842246564067       0.41078521509857391       0.32328431019204140       0.66100266232852201       0.34050264788491025       0.51799187625468301       0.45495315322713670       0.32224478372145454     
   1.3221459322878579        1.1877898693328566        1.3687879490134349        1.3116241409575689        1.3473414539809323        1.1281178743632643        1.4611688639888043        1.3611340791358497        1.2475863819756741        1.2667871008080593     
   5.8146979320902251E-002  0.28548446368287034       0.34311845478936803       0.42447758816904713       0.33840509736481000       0.67247783430716268       0.34789687366121674       0.53214995918884678       0.46945700078433555       0.33661978275455323     
   1.1924184512972615        1.6884699398088894        1.3333921303809040        1.1135093359886208        1.1023171114838819        1.3744381260010854        1.1701094274435484        1.4407806549020874        1.3295274879856003        1.0103781816313158     
   6.2621462801963013E-002  0.29693430589183534       0.35782511715205961       0.43778482484359493       0.35499482995392806       0.68411768561524078       0.35525701761264883       0.54450337613515687       0.48416794075006164       0.35019869517327867     
   1.3008237596080701        1.0747508858449053        1.2363513969118354        1.3321796485590789        1.4194025610623433        1.1999562905861048        1.4001595215991289        1.0939315061270705        1.4740976627404168        1.1100334444082505     
   6.7326775062737335E-002  0.30868205791146108       0.37408948075072668       0.45129245751017139       0.37057520893200863       0.69675857018396681       0.36275968165078659       0.55670046803673368       0.49839756271301250       0.36336465630133735     
   1.2562264636778466        1.1889139985208439        1.1512599123481151        1.2689130263835096        1.0653727677232705        1.3853595864145645        1.3402687916271268        1.2470518927302050        1.3047646973377325        1.3728848761808501     
   7.2188390117629814E-002  0.32083517881626578       0.38971592385760789       0.46523714796013849       0.38303505912809160       0.70897971216110134       0.37057464038418769       0.56808538659086605       0.51261373208576444       0.37764894638011220     
  0.91680495809921181        1.1844020049953055        1.2526726108589166        1.2271874593439400        1.0306741167912798        1.4375552260941156        1.4130173643128359        1.1443973572642225        1.2242007651709845        1.2197445589419567     
   7.7259006533416788E-002  0.33324628104428189       0.40433977577499880       0.47964619587794344       0.39528711946477990       0.72065145825267563       0.37849563121785512       0.57915575776722239       0.52730049734848472       0.39339370719497541     
   1.1087202210980238        1.1577682906597258        1.2378332642517951        1.0460122702107970        1.3385201861422291        1.1494271900148265        1.3372247953948577        1.2656553044347711        1.2934440220618784        1.1197173407281222     
   8.2912319559712441E-002  0.34551247026649151       0.41893870350970064       0.49434297736913579       0.40711286571353766       0.73184690434204669       0.38621999951972891       0.59080849650763789       0.53755099589717725       0.40750532014918323     
   1.0523780198361852        1.4706518514000764        1.2349898912743846        1.2483787687174066        1.1352958769815444        1.2937262229376376       0.99801534081727783        1.1688843547249821       0.94826762826028643        1.0457392390369269     
   8.9602069797534392E-002  0.35896702485000520       0.43383942460387137       0.50760173925395602       0.41958079678957133       0.74272262508242926       0.39401463750092025       0.60250656717384121       0.54778875222237755       0.42023511178708728     
   1.3265544115508698        1.0495844729514847        1.2761509211004858        1.2022067192874359        1.2005738943139377        1.1583854619780405        1.2847203806509420        1.0774298397915612       0.95697627574680433        1.3070188499122093     
   9.7608718287154353E-002  0.37365994573475086       0.45118628324002452       0.52028064237207294       0.43188671882646856       0.75347201438986822       0.40145085438750261       0.61428864325290045       0.55917965422508054       0.43333247776727529     
   1.2847728136428438        1.4308522087224076        1.3287349526380254        1.0988146513914667        1.5619333168661933        1.2229244769654137        1.0352280738262831        1.2227644057190512        1.1431315474598085        1.2120245559157785     
  0.10643767935223881       0.38646639480542178       0.46795278588144434       0.53200386763407470       0.44285582344447333       0.76356981421946224       0.40879581059349668       0.62603376173097858       0.57079584485700186       0.44621069319087148     
   1.5922582472195115        1.0903970104703020        1.2075938906423251        1.0649845298817380        1.0927012279142063        1.3175824453427498        1.3553267923219920        1.2879241125083061        1.0723846978057785        1.2807110223253300     
  0.11586137090179935       0.39895896629192934       0.48493610891277072       0.54378734877892232       0.45318000076731929       0.77310171334464595       0.41608674458219741       0.63823117769319282       0.58500704177343910       0.45839262899458205     
   1.2664505159016772       0.97446832645064907        1.4178961964790171        1.0622032096488601        1.1459728044657334        1.2005510628261955        1.1643952155423809        1.3290443117821933        1.5004117775976644        1.0699462977524405     
  0.12564295515188195       0.40926837792850218       0.50203755345788847       0.55918829474452691       0.46184884940752335       0.78291899783478458       0.42331678519643196       0.65100602085039361       0.59926627086172113       0.47033274528345720     
   1.1848874430163132        1.0543851170982361        1.2149060916954797        1.2346413611411122        1.0869935063755845        1.3137971567145728        1.1737308254082663        1.1094824755178654        1.2084964812257115        1.1605638987784088     
  0.13568031853318765       0.42077233361908672       0.51811865309981520       0.57347103628872653       0.47084405711360244       0.79298815107341802       0.42905372319160123       0.66313876534685390       0.61557440422830612       0.48202582310223663     
   1.0903837744398481        1.0931912859993114        1.2118591342415783        1.1579684093253642       0.96218318935535263        1.1471360481030826        1.0481841560503502        1.0664489328172757        1.2264247766743863        1.1585982604203995     
  0.14538396572363835       0.43533273389641036       0.53301638758551140       0.58886461979576743       0.48790589662018580       0.80296529121696880       0.43534012855966381       0.67501991116264093       0.63127171000908411       0.49835351059275834     
   1.3304200964576274        1.3465810244120255        1.1527075941241349        1.1119272101281541        1.2846852245791294        1.4256263379708214        1.1057799399950743        1.3384732094756910        1.3750518024577061        1.1285328047069492     
  0.15516514124687078       0.44974387753392953       0.54833252550654854       0.60449143360707813       0.50451774644982750       0.81289709506286911       0.44211236937700493       0.68638863398749939       0.64504553617674798       0.51449204209898025     
   1.1241224905728251        1.2043854615169056        1.1664580894193939        1.2531497430357776        1.4029468715898894        1.1706301464747966        1.1301942358722794        1.2425480705720324        1.2356638191119935        1.3661355447408472     
  0.16794141397885765       0.46404661627124211       0.56392615416187242       0.61919033692437242       0.52238625083443446       0.82254741935042497       0.44973009586983315       0.69805894003733482       0.65931307784077398       0.53227039006951737     
   1.2980394301381200        1.3384999384893583        1.6039458343857460        1.3458888652043806        1.1850527851692072        1.1914999111063906        1.1401880775215680        1.1814919543114915        1.3992521161553708        1.1065204619597648     
  0.18078975243908790       0.48205040112264430       0.57949406306916607       0.63343589889110441       0.54019515479056934       0.83075837573770572       0.45885201165162215       0.70992593609328603       0.67185840329040991       0.54963996996378217     
   1.1295894393251511        1.5514431923805168        1.1410756195621787        1.0662830273292263        1.2717521459102517        1.0743763147022662        1.1816528170003555        1.3862613930091936        1.1604836820588820        1.3412398116377811     
  0.19651103018316937       0.50131722725572281       0.59537145308954575       0.64900651957075683       0.55758472918938562       0.83923245042264627       0.46776333736385839       0.72146504041671811       0.68447137846034456       0.56737239647538484     
   1.1540305917995728        1.3514993332291172        1.4164135895558081        1.2904932020378821        1.3245164586163520        1.3975041186944230        1.4095806133641653        1.4135252062680104        1.1542710203776649        1.2275104860333765     
  0.21286029419965663       0.52060628220547767       0.61272831828447916       0.66412257092622484       0.57379944053379672       0.84760769440668571       0.47662488792323771       0.73346916583994304       0.69848345934193090       0.58484164129374572     
   1.2163900164766139        1.2449320000549144        1.4594110183655986        1.2031278147708868        1.2041182644195083        1.6588756334935890        1.4888833780633957        1.4476608651372251        1.2197111181733955        1.4688003525959703     
  0.23153488701950425       0.53964707262453615       0.63105581483197393       0.68112961724261079       0.59232272066946490       0.85618623561431495       0.48518243151108198       0.74606577939500618       0.71135014268328745       0.60333831746833289     
   1.1141879163810398        1.4982195773204672        1.5238051003599646        1.3439794922929649        1.3947003547194123        1.4695063416069098        1.2517030954915804        1.2208047216758249        1.5765541780732775        1.3346069238956424     
  0.25364790849496344       0.55797968445895030       0.64768152832429760       0.69856924327272496       0.61143626167242993       0.86473081775629967       0.49399891247565586       0.75879098976694515       0.72496122290672105       0.62232855813625010     
   1.3396037028949517        1.1865181151934352       0.98086840353477456        1.3530213565138154        1.4381037736591771        1.2507096315656494        1.7598740301390852        1.4405977477059280        1.2728629985874904        1.2905938613006078     
  0.27984597764674518       0.57613492725186599       0.66146254490370482       0.71446583490757676       0.62963999629571954       0.87304060381231008       0.50271733095019699       0.77113247549617292       0.73875941669301692       0.64000895344560693     
   1.2210491623267530        1.4157853467837740        1.3301751164917943        1.7862614143072735        1.2524297194625249        1.1997695984943841        1.2299302474789278        1.1220356777457581        1.3437811529922841        1.2426509190048638     
  0.31700755757527327       0.59439306343096920       0.67513461926732821       0.72964990655042361       0.64729223586999518       0.88060738586203935       0.51237891665143098       0.78254964198726085       0.75256756830439286       0.65677322367723501     
   1.0967266531391866        1.6599203928793460        1.2999086648886040        1.3065186690366521        1.2539137563388847        1.3438736666453428        1.3792781422578722        1.2238635771259294        1.1394827222847006        1.4313297763555597     
  0.35549760818290371       0.61355855663526859       0.68940394526094950       0.74404646536432684       0.66496744992998102       0.88744280185593627       0.52159965648098905       0.79340935532449108       0.76617775117576759       0.67322690083084691     
   1.0898881778236627        1.4080924728178505        1.2962269852636443        1.4069889753568257        1.3457878256499747        1.3775277849405556        1.1381880370890711        1.2175071790552447        1.2540548655243104        1.2250300059027834     
  0.40041985325356666       0.63287729489550848       0.70440605612879215       0.75813322565854979       0.68136590436040501       0.89426003608283855       0.53071242258208184       0.80462895445620120       0.77875640778324262       0.68969476093115323     
   1.1077185297520424        1.1942265126874110        1.2506289229126271        1.2953086773884952        1.2227827848254160        1.2421238627263964        1.3250886381380125        1.5523064224461611        1.4662949222300972        1.3105190290621165     
  0.44269409797965137       0.65438704649134638       0.72128268746517421       0.77199366103190192       0.69798826174964002       0.89997991234384100       0.54007213253254216       0.81625708054515267       0.79023368564518570       0.70584984754028413     
   1.0976717900864430        1.3766453498766509        1.0162954780396267        1.2517143544396692        1.3837545397012811        1.2386758906233657        1.2635167712520150        1.4744300240750539        1.2679820795557253        1.1378506393122152     
  0.48390435138748267       0.67549409039771013       0.73736749925067302       0.78512020306636099       0.71643889561026275       0.90569198611750212       0.54974295770228443       0.82803216033991289       0.80211922330207963       0.72080671258072215     
   1.0285882986205668        1.2790845241639230        1.3957841724283875        1.1966990193791935        1.4445770932932742        1.4400098717371181        1.1846605041791611        1.3798335716120202        1.3379836484584489        1.2605962843344216     
  0.52431762559687589       0.69952725976665464       0.75251050550272358       0.79818203579236857       0.73590649320007184       0.91170869461720128       0.55944316063491883       0.84054105877286134       0.81485333387754844       0.73680654233723697     
  0.93693858414155118        1.7390226368348407        1.2633104226298153        1.1776376818888818        1.4239241524620618        1.3386721184147909        1.1861312096624972        1.2642143651229361        1.2829660693510672        1.2152663682956015     
  0.56275261664093468       0.72326971066385637       0.76729701241548187       0.81125135242557767       0.75470890832093740       0.91786757429483290       0.56856657035853531       0.85243819077376004       0.82735534243677167       0.75333799584756644     
  0.95770867742374899        1.4645871845075049        1.2956973108309315        1.1770319890157408        1.2065811915677249        1.3760443670740288        1.2842668744507635        1.5955136242553374        1.4369691435068297        1.2377482348557698     
  0.59731292513643119       0.74534279067117604       0.78592773647625247       0.82354239986000277       0.77322442731188479       0.92393775484113860       0.57728937105046341       0.86400026825558007       0.83988240409085768       0.77080586831611175     
   1.1886927170105464        1.0240691210492656        1.3821555348420393        1.1320570348806804        1.6547034523456872        1.2596190897010913        1.1689389006080428        1.4387624847697877        1.3196457447798562        1.3766863412962127     
  0.63197393619041875       0.76856030702361622       0.80325814057737022       0.83408105209509387       0.79327126426731798       0.92978420005057394       0.58615312242383999       0.87502029117180680       0.85196434408209953       0.78953402447362153     
  0.97481594047420439        1.6044706285670374        1.3655545585527680       0.93155957409769685        1.2761001902099947        1.3910052515642575        1.2030122447179401        1.1934521109700216        1.2624297699244242        1.1737771338840117     
  0.66712758856936616       0.78835375436036037       0.82221474522059967       0.84482391471641394       0.81312651111306644       0.93567928388608534       0.59634420806152011       0.88610711157381583       0.86385410870046608       0.80799712012077995     
   1.3302722138325858        1.2980642503530446        1.4987187708921368        1.1664510546271623        1.2426037856873238        1.3914479814392287        1.3617831482037519        1.2667499744401769        1.1244043228408729        1.4179302073193163     
  0.70030712540121876       0.80752048646683205       0.84168408630390612       0.85688436113231803       0.83065384266375208       0.94142351384858880       0.60709676518002820       0.89749040699790172       0.87582016622202508       0.82578334512420193     
   1.0457032622793287        1.2665633582966791        1.3344463018644941        1.3361169450173107        1.2312068915492165        1.3727531249081111        1.3276124090373216        1.2449092543510361        1.4479395436497204        1.5353678507744395     
  0.73157460644264616       0.82801570713881256       0.85959842488597160       0.86878839175613565       0.84763486564468737       0.94721310585386675       0.61931372624077052       0.90884942808293590       0.88715806578064649       0.84274747274091510     
   1.1026645470101597        1.1658795188509572        1.3598965604320825        1.2655296813129082        1.1292321288694740        1.1710248353013470        1.4315409243773307        1.3051382435381214       0.99588851860758809        1.3957145733505050     
  0.76217251030709110       0.84926498586992438       0.87680985277801737       0.88186886446176060       0.86383724014198482       0.95287629332482660       0.63102918867411362       0.91834257586520052       0.89776851530083523       0.86024726875841795     
   1.0933199320848852        1.1785607935819589        1.2322757278258067        1.4478221335106962        1.3550880785928201        1.4405644246213178        1.2406129526094289        1.3168095032238172        1.1557124149198565        1.4260081034955776     
  0.79218756002492952       0.86824197358965316       0.89344315230186711       0.89439102357851530       0.87923687439950327       0.95839473741850223       0.64372218220539890       0.92825328103484595       0.90873883002415101       0.87854310130022084     
   1.1290560137247059        1.2396405901048841        1.6326387959535749        1.3837830776514253        1.3268688144310907        1.4381214410598473        1.3343104176447085        1.2641592929293113        1.1552080175490129        1.6715650590474851     
  0.82247090778849430       0.88605688641149916       0.91036070808262182       0.90797131382864826       0.89621171780800890       0.96415297970792913       0.65638706495471899       0.93765851218960450       0.92085856903729413       0.89575206322282142     
   1.0809222912602852        1.1511954063343748        1.4147455965047273        1.3531907089732340        1.2875113155247007        1.3064728026225860        1.6433477974104036        1.2166424706106740        1.3129918028770444        1.5448421860530019     
  0.85110442968330369       0.90381337535676876       0.92683429978555654       0.92174919147879586       0.91462763798100954       0.96996637419324483       0.67036545874625308       0.94653096308486573       0.93284421682245655       0.91240749214294570     
   1.0599523010515781        1.2229731238247463        1.6261893095834261        1.3627089835760680        1.1007534861979091        1.6219794115981199        1.2477612300638328        1.3593580893699992        1.3819363702678840        1.3836592736361377     
  0.87867570376542470       0.92139592372624857       0.94365099454511270       0.93693301563334419       0.93254686730503089       0.97571515778543516       0.68402398378929785       0.95610584089237927       0.94614054675621118       0.92909857218914960     
   1.1801912769652956        1.1666699557708748        1.2059967453872396        1.9394259949479684        1.5437742102136394        1.5280023300178538        1.2174209413639911        1.2257562597962017        1.2100584683105797        1.3166224023583077     
  0.90664890189576364       0.94151434916849130       0.95731128389832532       0.95330990628134205       0.94998316644494174       0.98157284007995960       0.71393682173567707       0.96671450660433877       0.96012258060763600       0.94546515875616044     
   1.1335516261139291        1.3263342917727738        1.2731282880832764        1.8683100349880399        1.4575070095737064        1.2955843736803607        1.6706090459956855        1.2203842987547309        1.2646091042095851        1.3861648482199245     
  0.93757351981809534       0.96074508177171181       0.97011625823229597       0.96929341209499109       0.96855555524998249       0.98758038131341319       0.75414547438387203       0.97740559226855250       0.97390546209021223       0.96257007720885868     
   1.2961044795657355        1.1180825035495365        1.2483787687174066        1.4096224987012351        1.6770840152184390        1.2481174365528243        1.5352800455366844        1.2467061030573288        1.4390391477947289        1.4464368542915580     
  0.96901787968336262       0.98073865599055321       0.98450829341989865       0.98462795096092870       0.98453203096846387       0.99341147510374994       0.83220094408831602       0.98871774485880293       0.98704785048988597       0.98089264127732401     
   1.0917059801156697        1.1739094370877572        1.2346654642350716        1.4983515470958930        1.3080245082258224        1.1989182662793947        1.2636137597345660        1.7811272137836298        1.6365008797822016        1.3160082379116875     
   1.0000000000000000        1.0000000000000000        1.0000000000000000        1.0000000000000000        1.0000000000000000        1.0000000000000000        1.0000000000000000        1.0000000000000000        1.0000000000000000        1.0000000000000000     
   1.1793998366480525        1.1283666997490611        1.1833758333108513        1.5648063715230078        1.3826657057273102        1.1889607360932084       0.94483178589210737        1.2205218539402827        1.2662458684617137        1.5047099580242729     
   5.2858609569155250        5.9953176833361557        5.7242553641523797        4.2144396193434446        5.0273097217303349        0.0000000000000000        6.6526568604727814        5.5301579678367281        5.4415445930473183        5.3333700001693751     
   5.5252516935823150        5.5910218857638689        4.9290904327341289        6.0061151022570520        5.6154488211333895        0.0000000000000000        5.1696383438065210        5.1417180054009766        5.4424804478063962        6.0248713915806311     
   5.4728635309598834        4.9635594543892170        5.3298644355525067        5.8394561459816554        5.5385122252170618        3.8013227707968782        5.4572833837721344        5.1246382491610314        5.6955981266341773        5.3239877257932768     
   5.5976305949891607        5.0114770251247531        4.9742215319902741        5.7345176888615024        4.6427498650804804        5.0676534080182662        5.4586150963616697        5.1229994258109999        5.6567426081511298        5.3863658503306162     
   4.7809515188290463        5.2316825882765832        5.4122104471235630        5.5940731911991008        5.7124721810079100        5.4519359924626913        5.7296306577826028        5.0169387766822116        5.5165329445750340        4.5098665480068494     
   5.9572376548178845        5.5262103765291588        5.6608408843246698        5.8757726663834013        5.5829901816491025        5.7355276944590825        4.9472883916673256        5.7994144074782783        4.7951371827260934        5.9749412383367249     
   5.8414284847085032        5.9887381018465025        5.5355172769729775        5.8072704862958719        5.2514040589391300        5.4056331832609015        5.0118079981651835        4.9004864260988628        5.1026956137206003        4.8388293618123583     
   6.4416936435151166        5.4151537228957789        5.0537126116668398        3.6124142628532687        5.7517671148174268        5.4235740241542212        5.0696542809487637        6.2086942980480337        5.9940096888339074        4.9458230521392990     
  0.13845616929960319     
           1           1           1           1           1           1           1           1           1           1
  0.30143131340156831       0.24985866569797399        7.5466283462655235E-004   5.7425950547952631        4.2073665244430165E-003   1.8769845816359405E-005
   4.7096865079951748E-003   4.5563739715616279E-003   6.3791326770002788E-004  0.19110204904831291        6.3774017286708992E-004   2.3635496852796209E-006
   5.0000000000000001E-003   5.2982514823019136     
