   0.0000000000000000        0.0000000000000000        0.0000000000000000        0.0000000000000000        0.0000000000000000        0.0000000000000000        0.0000000000000000        0.0000000000000000        0.0000000000000000        0.0000000000000000     
  0.24960090627086096        5.6041291483180196E-003   2.0917678078426857E-002   1.6142026198868654E-002   1.3071053022588550E-002  0.25412637614659339       0.17611333059241624        6.3270574487466355E-002   1.3733251137417793E-002   1.3298070710298714E-002
  0.62211950133894567        1.1722127995145841       0.65791350214825628        1.0176053495653297       0.89068975811001305       0.66677117206139380       0.62211950133894567       0.62211950133894567       0.67993109127749130       0.71589886560152216     
  0.30192822402235786        1.1210618375160783E-002   4.2846419456740996E-002   3.2267422695361266E-002   2.6705392760083636E-002  0.38411555220404947       0.23683680028716811       0.10190310154159743        2.8453303683919268E-002   2.7009913204441179E-002
   1.1945805792328030        1.1064982057919146       0.89738294824795639       0.91220581929873801       0.88453619350729096       0.87667331265743165       0.67122028717750870       0.63082257007511056        1.0077558112140317       0.83317521239413250     
  0.34545000400440368        1.7346260452302351E-002   6.1404489058870144E-002   4.7009435194004835E-002   4.1534040545463280E-002  0.47239655036608869       0.27533809473531978       0.13041401398122046        4.5970017959284133E-002   4.2254018262300498E-002
  0.80949486221836875       0.86887028964403623       0.93766635431504142       0.91213475525778465        1.0569923843796918       0.95390983334562274       0.84774028048468120       0.73461824111276675       0.81195822874870838       0.92438804282129039     
  0.38610319429035733        2.3397760043116753E-002   8.0635271672294284E-002   6.2173390275584522E-002   5.7081783306386781E-002  0.51579247231361980       0.30974805025064933       0.17003901409245545        6.6545060693289124E-002   5.7551755044456678E-002
  0.81791791094297406        1.0567160235610353        1.1085688380978658       0.78911227379927174       0.83497320148486964       0.87066237413023451        1.0741256122346283       0.81864749004765913       0.76706806824334228       0.81101394650669045     
  0.42088277900227400        2.9621471980681539E-002   9.8654770628533520E-002   7.9409410698519603E-002   7.3259878231622999E-002  0.54476076661608164       0.32236324925225479       0.21175844333420443        8.6990708761148644E-002   7.4433005925490903E-002
  0.86287893148038652        1.2174324952367108       0.78584579123830878       0.95516861939526387       0.90500896284326227       0.87628223066262767       0.84752732784263152       0.97813540455346970       0.88712609847757518        1.1252682928714381     
  0.44421382806428716        3.6155601813567945E-002  0.11645761069302986        9.6503313192234250E-002   8.9115483578697224E-002  0.56985440675338395       0.33520977868354768       0.24409452556467187       0.10640931165129291        9.0955146732817488E-002
  0.86267772748705984       0.83814351591690572       0.90644393473249130       0.88571137045999904       0.85863047181658037       0.73416397101721076       0.83830099769134292        1.0451679452529317       0.67159398936233961       0.88789985205473709     
  0.46693293730168739        4.1829239589255045E-002  0.13357611359827665       0.11253872870332071       0.10506560062407963       0.59272950279869985       0.34782431601150987       0.26778217745948996       0.12658352708506559       0.10491614104849674     
  0.98163490193669911        1.0320913663489490        1.0894798192325430       0.78876391500171994       0.88772313480378184       0.85027807134378619       0.90750212520059836        1.0286521931575972       0.99854357635751656       0.92837696119702839     
  0.48794515480404171        4.6747568903076228E-002  0.15164384000635259       0.12904341943819514       0.12040763564146152       0.61399566459055610       0.35971297608828146       0.28295946337833006       0.14787119869897802       0.11905361358836333     
  0.72719282785538586       0.69888748236929921        1.0433622942686538        1.0371737584330167       0.91921657418960179       0.78199519217599578        1.0434494663295184       0.79812508416357841       0.96815515919851369       0.85476982705867210     
  0.50799334397234075        5.1724186879143798E-002  0.16694490415041330       0.14415695122364575       0.13531073766013807       0.63104187107833909       0.37058006411601069       0.30165128580593431       0.16763484215247973       0.13196459898817459     
  0.73136039454114787       0.81855942892226652       0.82650406331575188       0.73331650178222652       0.75217341172561636        1.0755608813132396       0.75898295018414852       0.78632018945951698       0.91957915547561275       0.83586933506417149     
  0.52769985364892369        5.6420553585092653E-002  0.18238616386584222       0.15984387895987509       0.14861428896290027       0.64777786428150597       0.38126950064911208       0.32021374420264104       0.18747732525697142       0.14504697411980141     
  0.81633308068920307       0.80490916181631822       0.87123187725337325       0.85293689380587678       0.72999225544000623       0.93340840977202066       0.80813023853528465        1.0587974258735147       0.88718735762531553       0.74715039537101102     
  0.54546429776301009        6.2791585833763416E-002  0.19737033042362667       0.17046616307246351       0.15901117286617580       0.65993623243084021       0.39080922230870246       0.33838814627189923       0.20405954103533097       0.15840390799837381     
  0.81566424779502134       0.84587256212225292       0.85340529503530504       0.77532281225604061       0.68955108015213773       0.94506774658168247       0.93275216370678704       0.87926839605975782       0.82330734631866243       0.91941611216292796     
  0.56267160045182529        6.9160890466255676E-002  0.21248589475819124       0.18068255804554481       0.17202555058416527       0.67139228729969147       0.39973352633530218       0.35620624569162584       0.22033387971794222       0.17218987406502906     
  0.75713802270194319       0.91427270992543763       0.87030389392829755       0.88057272775708439       0.80272174426152787       0.88829415281646851       0.81231605727227929       0.97619472262045004       0.82505521358985578        1.1172261067892324     
  0.57864030233713304        7.6118144425122256E-002  0.22511103727175411       0.18885788448429869       0.18565903221236887       0.68176040770392554       0.40771598452479768       0.37356168494655240       0.23240207452287245       0.18613526422504198     
  0.75178245670273047        1.0695844333695905       0.74575128037162042       0.79231839550787109       0.86995387611862218       0.89676783579919350       0.88712012077598512       0.93265279611139917       0.78113650420046332       0.87739990720099093     
  0.59522835410734776        8.3506687974520322E-002  0.23756130934512990       0.19957563336039921       0.19759565851576061       0.69320951147651411       0.41586638107274460       0.39165034032471840       0.24347477802098702       0.19893333884285710     
   1.0816451045567765       0.88942660939793616       0.75063102765368372       0.79414562173367753       0.72341509203420373       0.76174684461535724       0.69553293137094718       0.90146050434308256       0.66287154040348872       0.79652282861252277     
  0.61174802418543406        9.0495339150045484E-002  0.24922528952826500       0.21100904737224843       0.20914475770459828       0.70415413048842423       0.42349164638109460       0.41018211465660309       0.25307144710095741       0.21189868054209976     
  0.80423801481056600       0.93524668739873129       0.62906055425887797       0.80981323802041516       0.72629729811679378       0.86371314839389945       0.91003691458609404        1.0162386547533251       0.67413629984232648       0.73865110414658453     
  0.62684501604388154        9.7551677995488015E-002  0.26216610041407828       0.22503879474626884       0.22217490454201172       0.71398888365677171       0.43097618093630208       0.42858482426111610       0.26772986538277233       0.22593705393461705     
  0.86080086314105375       0.97366518439187233       0.77815346364917826        1.0001910614898903       0.75645488907893543       0.88699504476220448       0.93334815967179985       0.97060189504790984       0.85313667536935278       0.83667217471969368     
  0.64148758232256198       0.10396701587738245       0.27477942399073430       0.23848462092442232       0.23608317038914728       0.72371531696695890       0.43833876752592471       0.44696024488169234       0.28213361096171918       0.24073113261399134     
  0.90165064190615185       0.90845647387150530       0.72168200365280066       0.76821778045890954       0.78216342728400756       0.86261049433600023       0.84239721812867630       0.94353671693334074       0.72726755939896259        1.0059883632613025     
  0.65577821876412068       0.11035807361642157       0.28755438271459127       0.25174339672356932       0.24993735524319535       0.73203230555164489       0.44566747136050089       0.46341649732470569       0.29713887066913097       0.25786330885035330     
  0.75261898404978489       0.74517240199207990       0.93070259512754361       0.90024797230120246       0.82326077820149579       0.81822808765686816       0.88071507343645816       0.92987199587728231       0.90587377826435755       0.87044490339237013     
  0.67037938238054806       0.11690757932103275       0.30297673055376428       0.26482273322104227       0.26347894277292094       0.74082860404893736       0.45314074780436026       0.47932471485905348       0.31186250722648806       0.27446828356872177     
  0.80508582184980226       0.80238025370344834       0.83736946248020572       0.71655723703449847       0.81125176488531769       0.81629877573956322       0.73962720787007274       0.79888855867916009       0.79036169176900162       0.84624026878539893     
  0.68295632235585557       0.12339774551418341       0.31855293029977971       0.27883657191335437       0.27643199736136381       0.74780997330722920       0.46053472231672482       0.49137852973297103       0.32648282438293447       0.29063643673321232     
  0.82651170274785013       0.82370680778954020       0.89789693285193872       0.91128199337932914       0.83496695285493538       0.81392395890477776       0.87486009010586563       0.80732343300048448       0.81413299052227250       0.87564181749589987     
  0.69570093993734372       0.13029094615878231       0.33466395645177827       0.29390109294958572       0.28991901318885122       0.75464320155402009       0.46883868135127005       0.50130022924531070       0.33915650195298419       0.30644781808099925     
  0.86049563078938529       0.97176801016045822        1.0002316634937263       0.85590227849904055       0.82104541609866555       0.92130177441331318       0.82128865773845650       0.78164799775270555       0.82349568842966558        1.1478750059465084     
  0.70497304207843126       0.13739302483563476       0.35052468337571879       0.30819282635239587       0.30400247883623444       0.76110399382543881       0.47722508163993005       0.51198364629178572       0.35167675674128296       0.32184673399572999     
  0.78654930815959667       0.91750131884953201       0.85818548708443498       0.76465732961612320       0.79448750339411900       0.77674722205506364       0.84723231030186397       0.66829858461828506       0.79361155634383407       0.78665284851547512     
  0.71419961571569235       0.14559379684175475       0.36431635170368426       0.32280367744108607       0.31895323278750337       0.76769811651127617       0.48579170293724822       0.52196029033248481       0.36300022286693612       0.33732088142543198     
  0.77043584646565089       0.69655510828429368       0.82603728905257023       0.67104495394612018       0.89385694579359432       0.85493698510135152       0.85840262241710985       0.71677253385334272       0.81607075419068753       0.89255569822064407     
  0.72168720865836233       0.15445699318417924       0.37822678884079175       0.33722968593163366       0.33505987198471521       0.77442574032330680       0.49458753342753181       0.53552451023898806       0.37620526019155720       0.35291057182568608     
  0.81554845760967420        1.0568030499249996       0.87577983952086602       0.74130275034078774        1.0285503637445190       0.76598632893443663        1.0328802398501240        1.0158129102183813       0.64674352744722174       0.88592568515530179     
  0.72999961463844276       0.16332373344938303       0.39184770469832275       0.35210161186085659       0.35176857922426846       0.78108270854205886       0.50229435419134127       0.54857811440107929       0.39003585501677884       0.36874009400563185     
  0.73600906273036770       0.80382607104038417       0.77958441427199621       0.78525000704695902       0.85797190899928444       0.66677117206139380       0.85608620631669274       0.87046478865129062       0.80076363155876296       0.93282803646691859     
  0.73966209805324834       0.17245035665431568       0.40602730952426724       0.36729822307994764       0.36873897550557250       0.78780873665092765       0.51007204296580544       0.56081833619463095       0.40662134359213181       0.38394050593159224     
  0.91864660656433905       0.93418631404740071       0.90680258715439133       0.83068480347728613       0.83597790514248149       0.81745844780284282       0.86650635977362278       0.78903218366373395       0.89918311027000908        1.0509211937361222     
  0.74941604671002027       0.18201664541392132       0.42143887709445482       0.37988466938534582       0.38627663510285781       0.79457405011945781       0.51592633932549481       0.57173368356449261       0.42335278901338341       0.39900945047819442     
  0.71448992464200090       0.87775163634643649       0.75408003294103731       0.76385441070664828       0.90086194484768078       0.74565587391470800       0.81260361484047072       0.82759309413853421       0.90489938019966609        1.0125390018582245     
  0.75919064072916964       0.19162156283893378       0.43700637072980375       0.39003775916797179       0.40449846114669979       0.80165258242754667       0.52192673441493864       0.58268440037045610       0.43882966617531838       0.41398088326790089     
  0.79817005304951794       0.80864568646312329       0.97679395929170065       0.76384988608796023       0.92574025739493926       0.84885648489755350       0.84077954079200423       0.84672808855115378       0.86053286110323290       0.68928120473558085     
  0.76862210926159436       0.20142505012842329       0.45425984339674141       0.40225468644604262       0.42248225907117143       0.80841612956575859       0.52673299239977267       0.59365774552885009       0.45422073131632651       0.42749057469504320     
  0.81972716307233340       0.87388497686822042       0.83275488356367244       0.80946160586186289        1.0506002517352777       0.84888260084636735       0.77458829775853133       0.67891754883105815       0.90241576056371753       0.85258261231622112     
  0.77780824549158267       0.21112431630244449       0.47128295580948165       0.41529670166521054       0.44080485529423385       0.81473445527092181       0.53217923794527189       0.60531021157741904       0.46934754313066945       0.44010027169074567     
  0.68551211128066947       0.94499218177132693        1.0179843027054709       0.95161067385941200       0.92759271545081434       0.88187276782273960       0.76348633190842430       0.78131601482848023        1.0018553930612770       0.80445308525774784     
  0.78742018697881100       0.22062998793343530       0.48570861621357353       0.42828542259371871       0.45643770388384092       0.82086288575671806       0.53833061827939133       0.61749475501218898       0.48442655345259156       0.45327881020442645     
  0.76068916952985910       0.90782768113468948       0.80837205586864180       0.99848939519648361       0.95033010128569595       0.79809495752426729       0.99896308900255648       0.87794592733664178       0.89875749102413449       0.76101509018356017     
  0.79711728310466001       0.23082482251425782       0.50033740943271576       0.44059406630771691       0.46782064249986632       0.82685525129327131       0.54489984296641369       0.62793433361407325       0.49906520845492608       0.46675619884098662     
  0.94899157040893256       0.89856675464168334       0.86075247414512113       0.83988154603010634       0.82557254797696744       0.78899372835940484        1.0083711488756140       0.73776713672360583       0.85769529156846080       0.80139295284848755     
  0.80584955359003307       0.24091217161843767       0.51519564302714838       0.45307665794854857       0.48064187742552583       0.83291914656611221       0.55194892617345115       0.63775408676653433       0.51416543751536747       0.48275253276463620     
   1.0093319972882568       0.92191694591365847       0.80676156372219487       0.66977855339233550       0.81213362933900202       0.84396722449039641       0.76882800741060975       0.69753089888160313       0.78059944730961384       0.90827070771723972     
  0.81400064855098775       0.25130837214866808       0.53121263144437625       0.46604349099832348       0.49314342485582435       0.83941216338996827       0.55934253616429197       0.65142801738053857       0.53008910358925621       0.49878090910066658     
  0.94777250928674794       0.98079929312886938       0.93222186440796551       0.92105800969670937       0.81659838054980172        1.0281266705970822        1.0061817510899786       0.77410294904515908       0.96452451723871691       0.97774092270988222     
  0.82219155447570169       0.26189075597025696       0.54713005864783104       0.48071398356896855       0.51118904872897719       0.84577386509831998       0.56773330193816507       0.66470293091050958       0.54635080410253178       0.51611913745898608     
  0.82514324116199922        1.1334031393663075       0.90829959529537307       0.77376134926164664        1.1824060462213213       0.81544152410903015        1.0724807504055738       0.94382348338421451        1.0041813348189563       0.87196360815721952     
  0.83005362073007982       0.27211674651270834       0.56254205009368241       0.49464548636573374       0.52960231119957080       0.85221075743932961       0.57605006573889472       0.67812956551799997       0.56429242082042885       0.53336687611244060     
  0.95608220064646399       0.87980983621032360       0.99263617754615852       0.89488873289215587       0.96314784242665252        1.0327234423379514       0.90308621813396861       0.90877480937590327       0.78324346953538038        1.0356021700541946     
  0.83922803366015042       0.28127085245100725       0.57814433589027192       0.50679988078720306       0.54892241101035111       0.85826166088409483       0.58480397104325044       0.69176574380733880       0.58215527635960584       0.54976206565838659     
  0.77389644809540759       0.84777388520221186       0.94476391473384991       0.73509353068158678        1.0888709317256375       0.91427148470475739       0.88169191320795837       0.99436511640788028       0.98530219817985820       0.90272547241848955     
  0.84729209602820299       0.29091451838199478       0.59352602579241764       0.51971448278887755       0.56861028741712671       0.86424492822432364       0.59312277982876205       0.70588115107515248       0.59837239924090080       0.56560680237151950     
  0.90763636835616313       0.82376804466505027        1.0589609536072437       0.82753509015045090       0.87557465894300357        1.2075617091554722       0.89411131186999260       0.85329096078873057       0.96217968929270925       0.76910942728199805     
  0.85531135970850114       0.30044533410415114       0.60908342258516124       0.53425008234008553       0.58695333477890843       0.87025220092858702       0.60105299094638842       0.72018383649737727       0.61457706808334533       0.58312766300345575     
  0.90683773592662853       0.85123954532623725        1.0240976789505816       0.88592568515530168        1.1185448356902017       0.86724864584609096       0.92365808029311702       0.99005238707241838       0.96338538557131526       0.88801645241543625     
  0.86298247316354815       0.31170166924777498       0.62578523978710654       0.54811566467154660       0.60372220903559926       0.87614528842925754       0.60884864988019738       0.73380031585646521       0.63101797011872696       0.60044006139928408     
  0.97135302401943102        1.0617093201358563       0.90663749246288949       0.83215499794382886       0.77120300123219654       0.91053974039578622       0.93472533084289133       0.97851308685823801       0.90412539108048595       0.92827506136152249     
  0.87062373028675433       0.32295578247642642       0.64247414209747034       0.56546917908545746       0.61997844324435825       0.88204850518445244       0.61685941279664258       0.74657882380494633       0.64731584027918521       0.61802141342466210     
  0.74484928888821977       0.93938050212621504       0.87086806889243229       0.88675333512571175       0.94425061384552034       0.84098732992056879       0.75701840694413691        1.0064250759793094       0.91881302797518205        1.1397619016201379     
  0.87815666464306485       0.33631965896333926       0.65958876709614733       0.58321365979488160       0.63823672146647681       0.88810917879405682       0.62533096604990046       0.75896625673027274       0.66270980417510128       0.63362936899209088     
  0.78038822534401409       0.85053518142691520        1.1470308781916072       0.91430342167353829       0.81727166722767863        1.0900714350593892        1.0100476026568073       0.75933675000633649        1.0452917210781916       0.74062246733541948     
  0.88551880112234860       0.34996463935216532       0.67803157694631822       0.60101334434699660       0.65760344394371728       0.89401346799149073       0.63400965335280846       0.77127838099678570       0.67796780906872400       0.64891028403908901     
  0.88818613443476324       0.99501206470331383        1.2105322069937192       0.76949806714307400        1.0334734597417032       0.86986561558346875       0.88870409975009879        1.1322716397645147        1.0880025277084016       0.74591035004451378     
  0.89255985667263360       0.36640636398599896       0.68932158884396721       0.61905146252905519       0.67556439044044181       0.89965689071267652       0.64274967378261216       0.78355364537233307       0.69345038836271411       0.66287580491634135     
  0.93239057780514079       0.99870705998141407       0.83735252979954056       0.84750912035641968       0.98140983301983997       0.88763415196643880        1.0971798948901681       0.99270110307465032        1.0089554462416177       0.74393533009569934     
  0.89928232193711410       0.38270951342891341       0.69924899882069458       0.63672372341707584       0.69319159687648324       0.90529275757580518       0.65142410089376146       0.79473126977348063       0.70897556136371187       0.67592498507717014     
  0.91803187749103976       0.96656764020591246       0.83353521158401989        1.0369284120387132       0.99938029027168518       0.88691046820869945       0.80490853967385356        1.0744887944201444       0.86872291107301314       0.90259697559541929     
  0.90596302808983731       0.39887532887992339       0.70972226889284673       0.65395704682934264       0.70978117266284180       0.91110807912897118       0.65925322428215483       0.80573279230960260       0.72472684248377406       0.69235064152447401     
  0.91938602367458344       0.91112725502013248       0.95107248599093097        1.0506693796553730       0.91798808418893141        1.0100940051176110        1.0316939475390314       0.76157352173273518       0.89645923584369236       0.96143972377708842     
  0.91210626403736728       0.41575906614271962       0.71960554240202479       0.67182051063671222       0.72541610675331103       0.91566684067027959       0.66649096190326207       0.81621269184202738       0.74054062667223786       0.71145954896961128     
  0.95460864529718148       0.71915658391762327       0.74164401402498548        1.1726933474478343       0.89487038615078895        1.0529286241942943       0.89454641455712847       0.72615137196360424        1.1426462385866045       0.97912449679619096     
  0.91893794681046048       0.43491025908524827       0.73346264184844445       0.69020023107073292       0.74244491103273336       0.92037405886923940       0.67428017240427707       0.82661724755462695       0.75655724838072314       0.73047566112050466     
  0.94537554160607062        1.0055902755198283       0.86735594234090663       0.92203898061436329       0.72602486150160339       0.96094143539671995       0.84446651291418418       0.89660883604223296       0.93919831645790508       0.90345021093772016     
  0.92390513258584062       0.45415059263116403       0.74743304406639555       0.70948743040813667       0.76032284790575844       0.92427499809414315       0.68230301013080974       0.83773958413016680       0.77266954920398423       0.74921289806887204     
  0.73825516570515815       0.83933553427212881       0.79754684401412623        1.0583178912371254       0.96887784483580253        1.0949716825975244       0.94520771964958128       0.88305320085158012       0.98780995594342691       0.86068937315729799     
  0.92824282853069329       0.47451408863180844       0.75966356830772430       0.72915850024691153       0.77677282212154541       0.92826452671890425       0.69012420810108410       0.84900312876817552       0.78875985692242501       0.76729832199186310     
  0.78766337514264240       0.96176714764084925       0.88894357258689516        1.0527932019241568       0.86966213318316210       0.95938222869471057       0.85206353376110311       0.84161956814736860        1.0205248113792122       0.96632182762646579     
  0.93166267570594052       0.49489123098244825       0.77211452399328406       0.74834917110994259       0.79252285482802720       0.93172466501513451       0.69793058141949971       0.86042747317594526       0.80370337033059214       0.78459907635876391     
  0.76189410088748333       0.96785929510332380       0.86655398696426866       0.83853983791266518       0.97960236386400867       0.79991283830968363       0.81653513335145689        1.0458952642394981       0.91093451888431476       0.76219638333740669     
  0.93474276745751494       0.51817323416401084       0.78436118314460923       0.76745728245760036       0.80740669833101664       0.93484455513655773       0.70537466133163818       0.87217078005573978       0.81818998262431630       0.80206107707006891     
  0.79362520824288652       0.78207134885717455       0.98895385229852073       0.95234823058055462       0.82678978701646044       0.80440821430334375       0.76085214227495757       0.94469167193705483       0.86655083707993619       0.97720109833805480     
  0.93990966675562360       0.54304864519732321       0.79649251174397717       0.78660677908820775       0.82220917204367383       0.93894028723928180       0.71231238897640226       0.88357470179543895       0.83274005388809358       0.81943533459096440     
  0.91529066403539738       0.94486447148075503       0.84052605884381126        1.1008270050622340       0.81701852813155484        1.0951122780130467       0.79227689138096791        1.0215071356989793       0.96411375586387393       0.90698092195288338     
  0.94445339247983973       0.57184139174108051       0.81017982768639607       0.80542062697336758       0.83629956169783215       0.94286957087018597       0.72123965709048832       0.89435283262670706       0.84726713203946424       0.83736434438749963     
  0.93299587366966130       0.84318787245926974        1.0077975285174938       0.93799948618671414       0.79638040232518126       0.78914040617865755       0.86007425158292994       0.91597449425691191        1.0039412411143211        1.0591468282355314     
  0.94996544731955868       0.60120582967592717       0.82417514164404437       0.82404524741651886       0.84951076239031964       0.94751424364836478       0.73085036646556756       0.90546587105059051       0.86176094249059243       0.85745830779665877     
   1.2086513719635243       0.70741981908588258       0.82575446884769754       0.86833880855133738       0.91923826968004219       0.90745845410901571       0.89325943652423312        1.2703705758245034       0.90047826416851717       0.99540862911404349     
  0.95562642651779117       0.63314005113270744       0.83872236338930362       0.84306397623815954       0.86464670833098234       0.95257986768533331       0.74103312509713692       0.91665415861425958       0.87581060221464291       0.87660740981832219     
   1.1252525250816876       0.88566098025259687       0.80858296633700499       0.93550238353932158       0.87851373383130393       0.94474559209387110        1.0505841799873430        1.0518447367434711        1.0116462953425787        1.1119197896944151     
  0.96105965093689094       0.66632644094173754       0.85357923123970225       0.86100238408445973       0.88135210424464883       0.95750782585177896       0.75142597324322791       0.92789947203711143       0.89027404120329334       0.89635638256726580     
  0.92832004567096660       0.75113687784227212       0.83888579381261663       0.89008721730572049       0.97669799821044023        1.2545614079095420       0.77604501413028193       0.99797278550281743        1.0638449559323397       0.94090543824635953     
  0.96621058822149963       0.70229567549822003       0.86891242393267476       0.88043736436783226       0.89879364427697961       0.96266805967837421       0.76352564128655820       0.93855378505734699       0.90505000186612194       0.91617555572870568     
  0.91643956519084102       0.67577630627235730       0.80531342128622030        1.1299215135187270       0.82779330500731485       0.83679366140961509        1.1807234522674861       0.99726279740997292       0.78578331619433617       0.82975120504566169     
  0.97144531529247069       0.74134405558787497       0.88594791180420707       0.89961177796936287       0.91670122985643698       0.96803842332296364       0.77951585176693039       0.94920195281501440       0.92015004590328831       0.93388423177501811     
   1.0940401971977678       0.92890201515690274       0.96951787262787614        1.0095242830666864       0.93711735800506024       0.85741278744600091        1.2909277755290542       0.97608791702708353       0.92346408977983563       0.77323071973888824     
  0.97699820718893682       0.78430936946344598       0.90642648176271301       0.91861291329514627       0.93307118547587042       0.97341645198646465       0.79442354951521288       0.95885114694398677       0.93594500063131136       0.95214784054096535     
   1.3076921886162107       0.73071566935962595        1.0460525202580140       0.85708680369539092       0.92029122898940663        1.0840404782941881       0.88055100519114349       0.91637434475390156       0.94709362766539673        1.0296464577227360     
  0.98261211839992824       0.83136268339297781       0.92694759417571637       0.93783676769808466       0.94789107541487916       0.97874991399551259       0.82186576872830597       0.96780911050233120       0.95208680952833269       0.96558985669936670     
   1.1223481125157710       0.72256108785615514       0.84679810572894387       0.91845815048526136       0.94135711366486841       0.93111652810685519        1.0218190510683907       0.80416983604450742       0.81792933286532399       0.88739905099254468     
  0.98829529908657332       0.88178303731316743       0.94744495081452129       0.95792405515686541       0.96277647178941073       0.98438353368585907       0.85333094123171882       0.97744333561471108       0.96800661848670022       0.97747249878130460     
   1.4586003552408195       0.72193954065764487       0.86127724122958038        1.1297928426161716       0.91075535675279506       0.87220879579523936        1.1323376539070635        1.0326495432845055       0.93668484751585823       0.85597943301036761     
  0.99407230755021203       0.93940981973106519       0.97277663480235366       0.97908153047343771       0.98141910460761883       0.99185467051089993       0.91462302370057691       0.98847176707946904       0.98402704680450748       0.98890416429255723     
   1.1759863559985069       0.68998718760514444       0.98316878379807704        1.1525619435117549        1.0197921134159798       0.98002855414051437        1.1408154624082336       0.82973514933161641       0.98465870824506940       0.71462764779962251     
   1.0000000000000000        1.0000000000000000        1.0000000000000000        1.0000000000000000        1.0000000000000000        1.0000000000000000        1.0000000000000000        1.0000000000000000        1.0000000000000000        1.0000000000000000     
   1.3617753900689733       0.81902566926682685       0.94419997326102056        1.0786041295631381        1.0356723685436027       0.69876988564899678       0.62211950133894567       0.88715724965272580       0.94091650849187380       0.76129619449494024     
   0.0000000000000000        8.9985878511062225        5.1883599146319890        4.6617921185848257        10.809690832773949        0.0000000000000000        5.8530540902388282        7.5611161820856871        6.0938652167134864        4.9966384455806017     
   0.0000000000000000        4.9578509371758326        5.5538810131345713        5.2003463929033993        4.5727636357674273        0.0000000000000000        6.3597403071209788        5.2241003811588413        5.3069090143574709        4.6072833415656200     
   2.9687903693637128        5.0667529166776752        5.7704098892363227        5.5992439717676667        5.2623780418201624        0.0000000000000000        5.8032337721093512        5.3654885588255965        5.4085409321201796        5.0600675180250585     
   5.1684277204635061        4.8793325702955483        3.8121722292100455        4.6246867718890456        5.7567190122427165        6.9444292300646611        5.2430727987127259        5.4280664803520926        9.8090563278663900        5.2305223945489532     
   4.8777372162659969        5.1841537614226407        5.1809229010844744        5.5328403487282820        5.5233087515076829        6.1045137335496626        8.0258642978327188        9.5569679610079028        4.9890823720066519        6.1296892455796881     
   4.5997678910495372        5.8939914772353585        5.4382720634576547        5.8252503191317606        5.8701254311107087        5.0243578602659529        4.7054461087450807        4.3247202506997304        6.2101137610325310        5.6221848779495867     
   5.0053985259501035        5.1125503068391911        7.7739836046263795        10.575780744883323        4.2474160176758486        4.7112815003385764        4.9289603158199666        5.1246044133099691        4.8722132348460656        8.4765480918707379     
   7.7654174710352635        6.7797719241564103        3.6710067010394010        4.8130950254395595        4.7261342894877147        7.1879537920845955        9.1852759471485115        5.1046056521746213        4.5944632508530354        5.2300451060537778     
   1.1798968669369931E-002
           1           1           1           1           1           1           1           1           1           1
   8.0977646186103092E-003   6.6097120975865033E-003   9.1893945683284254E-006   5.9575963866102644        8.9976008286678534E-005   3.9722738319020215E-007
   1.4412995088435769E-004   1.5728813986042102E-004   1.6634778293443420E-005  0.18025666192307976        1.6633255852756931E-005   6.8564322437680235E-008
   5.0000000000000001E-003   5.7195806138861993     
