   0.0000000000000000        0.0000000000000000        0.0000000000000000        0.0000000000000000        0.0000000000000000        0.0000000000000000        0.0000000000000000        0.0000000000000000        0.0000000000000000        0.0000000000000000        0.0000000000000000        0.0000000000000000        0.0000000000000000     
  0.25323289466410664        1.8960134732531556E-003   7.9867060086104332E-003   1.8419882887211216E-002   1.2877435412042795E-002   1.7518217804874416E-002   3.0598940394234112E-002   1.7053442455132680E-002  0.45571212456645488       0.14491347294085849        8.8820735326573752E-002   1.3063783288280834E-002   1.7129732295513539E-002
  0.82936749767560392        1.2732202207503709        1.3263419760277229        1.0343192174010460        1.0554191019260477        1.5018143637225261        1.0637911973546639        1.2043707435008895        1.0386407582251651        1.0300169004249686        1.0018089836343185        1.1741714492109889        1.4213029993969282     
  0.29354555466277010        3.6732946388021159E-003   1.4498173972606346E-002   3.7596881083016169E-002   2.6998924630691420E-002   3.4253629201925019E-002   4.8920490715315873E-002   3.4675992849508716E-002  0.57261191513003262       0.17987159010235765       0.13598990638729624        2.5167018439201182E-002   3.2272412437111500E-002
   1.1296442180723190        1.1929473471941476        1.0566394069436937        1.4216777604147102        1.1744413720685296        1.0660799589824781        1.1109766279707187        1.1399857471356678        1.0587706295440646        1.0049054235225103        1.1658111611986997        1.0238105668117172        1.0924284161391655     
  0.32130885469273651        5.2976975138777378E-003   2.0529931253167353E-002   5.7082903903399353E-002   4.3055032858671648E-002   5.0903027985048033E-002   6.2582261311106668E-002   5.1540486090417510E-002  0.62634679768894763       0.20639101411744443       0.16949643716924775        3.5008203894995364E-002   4.6471384737043417E-002
   1.1829954840979238        1.2267119045424197        1.0833109710034865       0.96555345492486289        1.0873990794601196        1.1202649890972813        1.2518938273412190        1.1956148480470721        1.3123939829832239        1.2945978741807549        1.0218257870348686        1.0557082164722678        1.0159183544018062     
  0.34530063233553143        6.9668686409781631E-003   2.6407298140946691E-002   7.7859424971504443E-002   5.9194919746143194E-002   6.6082754933128152E-002   7.4049833888918976E-002   6.8322236991427740E-002  0.66436293709483729       0.22844155112164755       0.19656461285166210        4.3744761982712960E-002   6.1349171610107528E-002
   1.0692397304829515        1.0405197659195189        1.1420790378883470        1.3391462235651623        1.1949925505928289       0.88547490942898643       0.95074752478203384        1.2454144631250132        1.1336364748781302        1.4039903608194895        1.0395105335037558        1.0472234864896417       0.93458680527497251     
  0.36869343666605459        8.5967156234260898E-003   3.3043333517018436E-002   9.8036438283003888E-002   7.6188312640535896E-002   8.0596158593338352E-002   8.5489131178742669E-002   8.5502236204123200E-002  0.69187960755676692       0.24452164660505188       0.22115330820824466        5.2636678152282360E-002   7.7716997192387227E-002
   1.0297849451506389        1.2897004009593771        1.2074483441879973        1.0209446801954472        1.1162234319577364        1.1399203335816779        1.1499500101198850       0.99480130055853255       0.99605446232269490        1.0499590035304103        1.2025282156498593        1.2443642485141568        1.1155372559371757     
  0.38957380669321301        1.0358079611755527E-002   4.1121237339905282E-002  0.11834017213797422        9.3413799822779295E-002   9.4614919395895586E-002   9.7397025616198701E-002  0.10267654304471914       0.71455337520476503       0.25819759965328193       0.24189024507336285        6.2188186276219505E-002   9.4877658134686835E-002
  0.98486980795303858        1.1420468828126480        1.2864674436682271        1.1527068682824317        1.1828806740476652       0.99135002836692598        1.1261916969069785        1.2109747277589213        1.0944304451968285        1.1303134936790589        1.1687908005916654        1.0600379146648551        1.0277193863868463     
  0.40889505983270269        1.2481312040094920E-002   4.8076311748381353E-002  0.13824188617442834       0.11033262383503155       0.11107420678938702       0.10916917361198895       0.11928498883675510       0.73495236058281910       0.26864224573853779       0.26035048213834133        7.2661031803520404E-002  0.11197748848158846     
   1.4004965462350702        1.1706158150802555        1.0739907987701147        1.2679521212241256        1.0911355503681224        1.5736032366915016       0.95956850506427449        1.1193367759507427        1.1830877194842766        1.2202513408064670        1.0350331672713147        1.0450286289336832        1.0050206208076660     
  0.42885799451139334        1.4837886588099862E-002   5.4718316799026598E-002  0.15869379430591260       0.12631745480270093       0.12802661458171286       0.12120578621489757       0.13586526635405652       0.75359247091373638       0.27960945926810693       0.27643817148823241        8.3552090514394980E-002  0.12834980861942150     
  0.94616143603662195        1.0793332294198816        1.0310629117675072        1.0379344227023559        1.1328248868299153        1.0997337018837632        1.0109028959311570        1.0945535153002737        1.0709863161529327        1.0786610213883072        1.1325394409331120        1.1474931568331190        1.2087706896519899     
  0.44937535761447645        1.7371972347680537E-002   6.1152731881749210E-002  0.17945985244871460       0.14204470911758424       0.14543543361974914       0.13354490075456049       0.15113368952243675       0.76954587204243541       0.28835734889093162       0.29122421906371021        9.4444303956883330E-002  0.14401474739043446     
  0.94977049532914848        1.2946339910074605       0.97387903406068088        1.1938937805180896        1.3146423787232335        1.1468708292505676        1.0688216922473308        1.0979110216279400        1.0979414514864854        1.3875674398257343        1.3245941771905325        1.4122884859592444        1.0509047814626733     
  0.46954759399652962        2.0136782977892207E-002   6.7736735203791948E-002  0.19933572019820736       0.15779318140591120       0.16181010063128040       0.14551841173937777       0.16466579375393078       0.78320207498547911       0.29752687497616737       0.30494780238691133       0.10558947142085534       0.15928715580803601     
   1.0769961057905399        1.1491973817721854       0.97057248423212716        1.2731606928689847        1.0122875736750658        1.2296708130628451        1.2492962696649388        1.0198883126040923        1.0887371749125911        1.2084922103286373        1.0667238218911308        1.2567350686232654        1.0602697771170786     
  0.48879500173648471        2.3153772269903967E-002   7.5291953798429526E-002  0.21843559072940472       0.17340463319066535       0.17700620593545272       0.15734618810800280       0.17738573229148871       0.79554933235223657       0.30518063170213194       0.31766647959041561       0.11578599339296627       0.17427842396607654     
   1.0218634065548375        1.4187252857215646        1.1098491425422359        1.0491011397732526        1.3536922123934634        1.0384402442960974        1.1060355016051033        1.1371913853112687        1.3136996805935441        1.0639820946850242        1.0569272107669927        1.2114560728761099        1.1691476740427829     
  0.50621415908369116        2.6409840889112718E-002   8.3532811827603914E-002  0.23620132088501078       0.18912972295364172       0.19196236424680105       0.16926256965954456       0.18982929319403910       0.80670971016018145       0.31231182544319369       0.33013578167898688       0.12476266765675134       0.19112855836905066     
   1.0931149864173459        1.2928707413664078        1.1189655235381042        1.1747290657864113        1.2114790165284093        1.0698856522245008        1.3148338006440023        1.1808442888368273        1.1208913431300231        1.0957930135403231        1.1253579472068354        1.0674246147426829        1.0775839184801324     
  0.52314601214030976        2.9918461440551505E-002   9.1836702390855035E-002  0.25365704672730244       0.20476362707494669       0.20676052219879948       0.18106245168687993       0.20265906810834633       0.81652182937826956       0.31938409573654897       0.34276697195210076       0.13370893791959526       0.20741802369357695     
   1.0374933290112811        1.2046503387518903        1.0150926643918992        1.0787969436299614        1.1202390981280061       0.96512719359020838        1.1513316226091506        1.0610453866970935        1.2946746927995443        1.0165930453331542        1.0016821429193057        1.0674913307288818        1.2560192612996839     
  0.53972342213234736        3.3770435791442135E-002  0.10047974776769723       0.27198006311503803       0.21888639838082957       0.22217190933795558       0.19328020657486863       0.21598640034435812       0.82432323843702282       0.32699855736264954       0.35570555403695081       0.14276765060687155       0.22404757904545144     
   1.1315477331938715        1.0467182385166678        1.2624134044623063       0.97322996533530015        1.0156087179385644        1.0242052096510827        1.1099871743189984       0.94785484140413090        1.0912523504760245       0.94055381222331980        1.1074007044495759        1.0533220212370107        1.0855301488903009     
  0.55541422756550096        3.7931833654723010E-002  0.10929385872069139       0.29129170408980076       0.22911850630308025       0.23694602381712079       0.20442094761112922       0.23074189413316679       0.83147572484213883       0.33433012579803245       0.36849258714810085       0.15121272723760851       0.24152919049955662     
   1.1088910114262709        1.2102219414884550        1.0424157131346357        1.1128482767903336        1.0168730331572100        1.0283259867714338        1.1894203063868944        1.0919275792212590        1.0499286437856730        1.1148560900689641        1.0034372328484622        1.1471244688849458        1.1705437966525607     
  0.57122238831575800        4.2211002218629202E-002  0.11832017002988986       0.31036468389449534       0.23820803446245775       0.25083752295940781       0.21556375180197179       0.24624682500105391       0.83889094428557742       0.34119810467544243       0.38065171823460364       0.16342636071145494       0.25953201734263626     
   1.2218619115809843       0.96681026736231734        1.2051981460796843        1.1913285229226924       0.89635718852275548        1.0927861802946128       0.94938336812986013        1.1303202861359409        1.0103056357860372        1.0827489699158144        1.1304414986624622        1.0909070623690416        1.0142672192812427     
  0.58744999344313842        4.6679203547636633E-002  0.12828880048526789       0.32806892593538090       0.24747104164016925       0.26565726712880949       0.22709552524959392       0.26247028655821680       0.84653268599229026       0.34736357289561637       0.39213517178134333       0.17570123757741218       0.27660468608148192     
   1.0669575563852660        1.0455391999801866        1.2073098625431391        1.1777536429195570       0.97616540861975487        1.3192166177843423        1.0297293284667972        1.1772403891528302        1.1266479600223429        1.1226002189894730        1.1101759085209908        1.4193837370028584        1.2488760203216436     
  0.60355269139288004        5.1267925652486827E-002  0.13852512201193745       0.34489466094197352       0.26013097605780100       0.28023674638538781       0.23854414899928142       0.27981217466865105       0.85340481508033050       0.35316306174863377       0.40375192438796226       0.18902090608257663       0.29373454634420759     
   1.1812208658419354        1.0839352815368126        1.1804594822702543       0.97529072222698698        1.1106211378538751        1.1041909687460929       0.94642714515492632        1.3408662889214957        1.0341893958314952        1.0265343880208402        1.3349425449066448        1.0948656110824764        1.2395507404184190     
  0.61956263685387980        5.5942391057018606E-002  0.14857480718519431       0.36304281464646310       0.27385416721444850       0.29528609406500311       0.25006913322649249       0.29638244113712003       0.86014232487993980       0.35853766602630155       0.41605955371168685       0.20383636986749837       0.30968045670771865     
   1.0459151443352936        1.0098929315549272        1.1232637126737797        1.1782972350214764       0.94519100890133234        1.0978284539197907       0.99198115426068190        1.1572394782261306        1.1919765702521337        1.1085321361409191        1.1993842605251368        1.1656105798803353        1.0675875671474611     
  0.63547344593625654        6.0732129990123590E-002  0.15864929658969001       0.38353603979988499       0.29070083831237642       0.31063940769705917       0.26193564598988500       0.31059452362917511       0.86618426421007344       0.36420888325401107       0.42870078902440467       0.21844320210104345       0.32472123357307253     
   1.1544762886872286       0.99366033584385061        1.1466895749400943        1.0976568880808002       0.99224553834942808        1.1866841414387763        1.0127110899269220        1.0603267407947958        1.1467970652083477        1.1158058904060371        1.2608930671078538        1.4809979357457550        1.1408282236529610     
  0.65140051341022076        6.5955594924796010E-002  0.16870542833380869       0.40271696458404105       0.30615744664804473       0.32631125440553188       0.27403369214445467       0.32181002468982256       0.87188341082454557       0.37060334981383364       0.44156832729892942       0.23265176504994689       0.33849856580229637     
   1.1118993975541680       0.94211255143698514        1.2029718746315472        1.0550613662622015        1.0265299520510835        1.1726260072300154        1.1666645692405349        1.1031258268519326        1.1885005864171887        1.0120203503634284        1.1711272597645710        1.1294387211161554        1.0706731369147602     
  0.66661541204708008        7.1748974512689273E-002  0.17882218388949989       0.42089374391595874       0.32128961457914940       0.34270196851342088       0.28601600273948430       0.33292628179520173       0.87746786291360135       0.37720420760751161       0.45458619659344340       0.24661778370867618       0.35194178182028957     
   1.2271676067905721        1.2519291362437395       0.96888160156818026        1.0844311973706080        1.1581566933806144        1.0136602790274092        1.0968253857403618       0.96094196831581125        1.2328785047444353        1.1500890489881910        1.2526225842206609        1.0445220012523897        1.0561911246442741     
  0.68159747093946288        7.7534803293980298E-002  0.18867749881083207       0.43910641490171159       0.33644513999634168       0.35866483486829243       0.29792965513140135       0.34552029109085858       0.88271721086765431       0.38379776003457888       0.46761377369391266       0.26063295988216278       0.36556795253845792     
   1.1076717438342485        1.3430782460229271       0.90759153618506294        1.0674758258382984        1.0816208670709817        1.0564368238656510        1.0899664982044810        1.1962292078594898       0.98275772750081825        1.0138921433314911        1.0851921978943291        1.1789724722174224        1.2004722481656649     
  0.69678943527838000        8.3447984210105353E-002  0.19791070129299837       0.45756595917591075       0.35228080759876079       0.37424971856650663       0.31031288835349469       0.35964125731644309       0.88791528492439697       0.39071554073352877       0.48061058706628729       0.27595368925389752       0.37959872399364997     
   1.1140319922188642        1.2039263876345740       0.96890435187154578        1.0522186743877027        1.2761471974530623        1.1822968752761884        1.2502757538070577        1.0192303671904417        1.0008155767792872        1.0737700927515694        1.0282093491868853        1.0646759047681453        1.0959359152306174     
  0.71194010672451591        8.9511935982703406E-002  0.20786358785199419       0.47661457580703637       0.36811474116687143       0.38971984895043355       0.32336516582499270       0.37472289793174068       0.89284734367047136       0.39810044922199006       0.49342325528074521       0.29189723414955404       0.39580449540195434     
   1.1596618041538778        1.1007608948008218        1.2419812762400499        1.1440694909957276        1.1011226106355538        1.2750867935238825        1.0582175337617579        1.2314022122514756        1.0274502706111086        1.3072798736372728        1.3331466322790295       0.96087136792456962        1.1964986314033028     
  0.72629054130110682        9.5953505070682912E-002  0.21831849717923085       0.49374133655042424       0.38359991753369688       0.40598838686589733       0.33646785622365516       0.38784122521205766       0.89732707306757165       0.40579780113277569       0.50690161167335790       0.30788359505949897       0.41271810993787333     
   1.1476253637859879        1.0359330000633784       0.93027575410090801        1.1059011260107587        1.0957365475934409       0.97866985067523293        1.1055522133454228       0.93373074286151314        1.1116010829723271        1.2908605970552458        1.3399018367800550       0.99870316527283121        1.0431981505690142     
  0.73994493375025960       0.10307517005389519       0.22971034359746417       0.50883444442159798       0.39948480591380930       0.42207329737777494       0.34934560209770243       0.40031190363399954       0.90127822680949576       0.41367908340669624       0.52043281998466306       0.32379543994867571       0.42892041656616559     
   1.1363129263196599        1.1761834256782711        1.3326165196409550        1.1569463288235566       0.96829677617573051        1.1800315433121511        1.1485996622748595       0.96474131626033743        1.0197703463813665        1.0342700438810457        1.0204956956952582        1.2751009744686965        1.2301162563092634     
  0.75302602441597000       0.11043841066118031       0.24263023887587506       0.52441106474771626       0.41548095180657313       0.43757710184932985       0.36230533741444587       0.41348250400837405       0.90496699139006465       0.42160621043516044       0.53393850850521640       0.34138133105989726       0.44465794625937788     
   1.0440509080665963        1.1359227908549969        1.1465708636847012        1.0020610609137297       0.99166030895519197        1.2776634813327807        1.1543984739723758        1.0167215519185231        1.0277619189472089        1.1538368724140322        1.0143094248852444        1.0185082604146019        1.1976088683552293     
  0.76456808245077701       0.11821026059165395       0.25653356734950933       0.53937540244379134       0.42978446097145845       0.45287565400812041       0.37562261390378898       0.42804377866257692       0.90893748711591449       0.42941788137365872       0.54742110029701230       0.35978520541191328       0.46016755100341150     
  0.99795624180525000        1.1144458875382710        1.2631603005008880        1.0715367435343306       0.94047451354672684        1.0653576926099269        1.0427986609554851        1.1260234633465316        1.1462365050092100        1.2612753309036517       0.95643517599572458       0.96997885264678363        1.2946950170516784     
  0.77455946889702887       0.12613627892408252       0.27027391548475987       0.55606659016612925       0.44482147710142811       0.46683166858842723       0.38882862310924138       0.44411229782743028       0.91291643008593226       0.43706155470383379       0.56152738924017009       0.37882909979783769       0.47577051561906020     
   1.0176035959025200       0.98109818420200579        1.1580631029071988        1.1258556865234164        1.1684094251517068        1.0314261051675562        1.0503462097797198        1.0595384118797266        1.2163480241153359        1.2077696562323066        1.0700503736928006        1.2649302668131812        1.2069951629295803     
  0.78449026218085094       0.13408546934629753       0.28392727216348090       0.57467554491323747       0.46013736298926244       0.47902044394990168       0.40196769998835186       0.46035679316914946       0.91639525317424497       0.44439403161764435       0.57562789132192416       0.39867370787244172       0.49198771976758632     
  0.98830528467652567        1.0924998243079873        1.3266530332811237       0.99379620030183347        1.0284113616945201        1.0223578479324178        1.1529996885317835       0.97593944685972334        1.0481686797918977        1.1825880534441227        1.1464398038144801        1.1437390093557125        1.2062388551754828     
  0.79358779288110848       0.14219136409041946       0.29868325379857608       0.59398129843735026       0.47553332336753246       0.49188269861155631       0.41558792793245075       0.47552871151558707       0.91967610381217313       0.45222660141974047       0.59020952252399328       0.41748987078007566       0.50755494608285212     
  0.98083798391147858        1.0765013876179106        1.2576457102313550        1.0035643627357405        1.1643745254851705        1.0591130950135326        1.1193839225319202        1.2310593717312999        1.0227812126815738        1.3282101952043317        1.0251472603664220        1.2232290377446597        1.1400773157268400     
  0.80437384907099874       0.14917719618025738       0.31427541523087915       0.61325138071972640       0.49171012226741279       0.50686680581420307       0.42987202352135362       0.48973760576057734       0.92288736593084097       0.46023046125237560       0.60118192149487815       0.43446066264522065       0.52158721517730833     
   1.1925100526480925        1.0424600853105914        1.0369535640124143        1.1565780600109175        1.5101926638506673        1.0263726642127586        1.1160097356350414        1.0932142499834914        1.1110082540236994        1.1867510708274349        1.0366753640157862       0.99827281019381153        1.2582113299070481     
  0.81621395516562278       0.15601165308206186       0.33114269870011148       0.63141361592424461       0.50797226654970096       0.52251249713631931       0.44411576628701921       0.50432696887068207       0.92616606461552087       0.46819555778249555       0.61092444569138771       0.45110907223631225       0.53507678563487782     
   1.0159721612801167        1.1191465970955343        1.0387811969529439        1.0791523529605276       0.93053452826248984        1.1160584550516581       0.99228584158446043       0.95313166552945316        1.2606829982225083        1.2551159463247772       0.99681848832577880        1.1374474095890308       0.93370048319280252     
  0.82772855614169882       0.16343046788483342       0.34832518986454053       0.64827396422976113       0.52385584587447531       0.53764875766780973       0.45810505570159066       0.52060590520384553       0.92958789691631427       0.47560422727016005       0.62059118621771292       0.46846787844768012       0.54924374805583154     
   1.3071296216593593       0.97631260872723236        1.1445886010856967        1.1575060653696574        1.1321481474498858       0.96788688637296105        1.0756464997629651        1.1546401445253909        1.0019734877224211       0.93150781889134471       0.96375648802311453        1.3838655623460216        1.0882809199740973     
  0.83839052630235511       0.17295651574416923       0.36548831502539592       0.66460919812305153       0.53634333014286195       0.55244203854610552       0.47076710876179206       0.53859360199487105       0.93292970475083647       0.48311797736726958       0.63150145459313789       0.48786800654888829       0.56405272667084394     
   1.1421334878343894        1.0450654472050191        1.2251356276940821        1.2471538958695523        1.0075375541941303        1.0778969108547347        1.2513235408674717        1.1762682070534189        1.1904302042512369        1.2213258050972529        1.0382278745245230        1.2733847201039667        1.2963791206881017     
  0.84901323322376654       0.18396427242350180       0.38248850943805801       0.68145163651767915       0.54842423622032355       0.56745129120922633       0.48530448934132314       0.55652779223108784       0.93602147619863740       0.49103299686127028       0.64508250711663495       0.50646478124446070       0.57682199162789305     
   1.0843549704823563        1.1157913893075015        1.2230246935383564        1.2901804085057322        1.1364022654896941        1.0591504946120907        1.1477751641683023        1.2453544907627798        1.1110231743616614        1.2896272125965405        1.1321166735331485        1.0605396471324486        1.0658771926251882     
  0.85956692729353390       0.19488164447245107       0.39933818444352903       0.69900418623349936       0.56248260313713516       0.58396353132582446       0.49859558937873899       0.57365628417265180       0.93900970612921764       0.49914664589849794       0.65862647079754322       0.52312006197772243       0.58661287380708971     
   1.4098485611824987        1.0260539401634428        1.2534621160509072        1.1526166121201387        1.0489406415606255        1.1483089392905073        1.0669793499951670        1.2710316503641281        1.3601092292999704        1.2063567175922347        1.0382449071183171       0.92640213854060804        1.0974428570823886     
  0.87009336255008718       0.20649889887479414       0.41570417932659864       0.71643783096342006       0.58231054162740037       0.60140927589543824       0.51218625547613383       0.58882278561611445       0.94196020289677285       0.50739572409679035       0.67111435364869609       0.53848479319593145       0.59618183210154596     
   1.0884080639686979        1.0901614211491863        1.0159871109307983        1.1372106701283575        1.2343448266526227        1.1390696996971763        1.1525508258424584        1.0399171144521717        1.0787809792066978       0.97443961133001977        1.0425405476126308        1.1507439037613740       0.96132513539355113     
  0.88001330532165156       0.21910307298413084       0.43236429158923884       0.73266969565374562       0.59984245718250595       0.61925438355966134       0.52619042396208382       0.60340989130510925       0.94476562017432875       0.51564065491790767       0.68161413647805924       0.55484219787703770       0.60589084700400364     
   1.0042404622100103        1.1794107086913543        1.1654957432929212        1.0954337231176907        1.1848558715374446        1.3003157493122428        1.0759503438196476        1.2176740113586695        1.0431326852185534        1.1472449959705069        1.0606275796659217        1.1442057370053984        1.0388633189841789     
  0.88924635873613334       0.23258442530659956       0.44897398189782328       0.74768072486314496       0.61862543936849335       0.63592347918158010       0.54074938312075194       0.61802169749353320       0.94745137258998136       0.52360604003128508       0.69112997074245308       0.57074905158852840       0.61634796159431848     
  0.97050561723124840        1.1059888448223967        1.1097511089043171        1.1204464545236745        1.3277706272539262        1.2624644296392340        1.2090784284429106        1.0698043735545857        1.0824239173332790        1.1359179443808634        1.2199552808552865        1.0564765764508248       0.92809896372703615     
  0.89831663641594728       0.24737551770868926       0.46637866120082810       0.76207731192218331       0.63746437858041349       0.65263332991280598       0.55525641822162386       0.63395469843835861       0.95012831550965349       0.53122412875578384       0.70162623139844593       0.58882632046227845       0.62905193788317271     
   1.2934408764705776        1.0014450292660459        1.0441994550681373        1.2361053991553830        1.0380019066456698        1.2265401014367676        1.2339234638130641        1.1391111487438348        1.0827489699158144        1.2051609581523226       0.90568780466189569        1.0817096112307238       0.96244697987145400     
  0.90731160338806927       0.26105675174230758       0.48538109081516750       0.77599708771227682       0.65621953194917426       0.66990177561845821       0.56957985387873145       0.64943212683727092       0.95242608147424734       0.53856102501827341       0.71237902450285384       0.60598343266739518       0.64612420671765913     
   1.1633055027028594        1.1404015944590220        1.2175120023533541        1.1498435197107331        1.1619099761245022        1.2329432317528473        1.0802700087380299        1.2801048433935558       0.99287633533849662       0.95420590751965473        1.0768963613812697        1.0097561147446492        1.2436191780127468     
  0.91542909587901722       0.27487442585412297       0.50510673302134823       0.78953357956580084       0.67329466161354901       0.68751223083139779       0.58353368109224568       0.66594434537369862       0.95439984226250640       0.54579091970519700       0.72517395416313568       0.62314334275221284       0.66416457974584087     
   1.0591040937474381        1.3073666815560498       0.99863628890523548        1.0072806815119706        1.1889474847649639        1.2085051276558807        1.2575618353763969        1.3672889589656358        1.0356777429822643       0.96254891225553130        1.1408420778659065        1.2133443552282954        1.0279589690799789     
  0.92220413220024922       0.28921783963213488       0.52532042366987930       0.80299783282217141       0.68852811291446603       0.70567954001167976       0.59730837777504564       0.68244612907841340       0.95638948324131656       0.55280347637384530       0.74008089480437800       0.64038491142364762       0.68087396811285983     
   1.1612759554333376        1.2068382098152948        1.1587636834608888        1.0679237169965077        1.0400013897704854        1.0760319692419429        1.1856760795493253        1.0909284961976322        1.0871360842329054       0.89767495167406108        1.0389377826704065        1.1967042480677050        1.0280925732740751     
  0.92813039082676752       0.30397362627948010       0.54465576695107110       0.81626937270404365       0.70389171651674742       0.72387555796525993       0.61118165371887523       0.69930527947960208       0.95835490039075133       0.56025134774472984       0.75574082069544546       0.65707398331237965       0.69660582374585145     
  0.98336162634259938        1.0517358816911986       0.94155444239789510       0.97022040956730604        1.0815636189803572        1.2418706449527392        1.1284960575282263        1.1991165329763218       0.93313598493334415       0.87478870148469801        1.1733739650567667        1.0721758354055737        1.0779193778271861     
  0.93336136881959730       0.31921806909337858       0.56236402250153394       0.82870283675634093       0.72029926355114893       0.74220189586306273       0.62546770719650446       0.71316299690414864       0.96054702418284721       0.56821636078594540       0.77129972824901716       0.67385601317891830       0.71121375662451181     
   1.1360555885409529        1.1403727872273841        1.0581250593750164        1.2799733530704331        1.0932469374553293        1.2398367788267011        1.2361389754413976        1.0819383830391547        1.0635804323953446        1.1135794631078495        1.1793516407604516        1.0680958776922498        1.1161726512291006     
  0.93868460066558679       0.33554388238102056       0.58032551162274926       0.84095381857757490       0.73729296240818309       0.76090163096358476       0.64046314623270362       0.72730719244658348       0.96308736973427977       0.57666721060299142       0.78631064999510258       0.69088399882161533       0.72643254511382849     
  0.93542681869857558       0.95092110715883604        1.0354644508332291        1.0019696171620063        1.3001085835319941        1.1597122051646649        1.1227455264774833        1.0832951458329476        1.1701816966712524        1.0430114478579819        1.3097060698144758        1.0281596580482675        1.1059757233680771     
  0.94399101882672454       0.35273258397556262       0.60136453141060209       0.85309828899021634       0.75319197603342203       0.77939484290290018       0.65594075557019715       0.74080018243274637       0.96562665855111429       0.58620461307693572       0.80027436022652787       0.70770552919163687       0.74389232216585144     
   1.1898836421528018        1.1120734417761222        1.0265299520510835        1.1813557574846425        1.0707597697834454        1.1992074291408585        1.1549804258573144        1.0390509747418695        1.1081664937535707        1.2160020364339073        1.0909110466907750        1.1357477440209247        1.0309283697364191     
  0.94893898928363385       0.37268130324169163       0.62516473383365079       0.86546903859618207       0.76916996059713882       0.79537239356639367       0.67208301777745283       0.75391547450178809       0.96804018661557190       0.59654745051417768       0.81299176199946799       0.72564024606586119       0.76286394830516280     
  0.92205787288163787        1.1474394130228427        1.1919033460767825        1.1712058274259325        1.0938291734290264        1.1660490356684639        1.3428055201926432       0.95542765909959926        1.0652711076114707        1.2900818377653909        1.1460945469096360        1.0486489349614043        1.1678517629157357     
  0.95365062100367226       0.39332720058374204       0.65137604241638880       0.87789492798514690       0.78558096220362172       0.80893146380863268       0.68948416348737351       0.76997461546532209       0.97040534190269789       0.60734747523049293       0.82476895388350624       0.74420320593751488       0.78199478011426549     
  0.99984468453947539        1.2155825171782704        1.2369153596962217        1.1530808846239891        1.2287472772382759        1.0525299997591087        1.1258415911243185        1.1227513208290425        1.2340902887586491        1.3155863807760195        1.1686919733760637        1.0879084098473877        1.4824514847327694     
  0.95850381267296758       0.41043053164968207       0.67966974200522423       0.89044878562600027       0.80216739920227131       0.82224464497936012       0.70830608932528316       0.78713404501803041       0.97276926579651690       0.61868187063207070       0.83586306906040664       0.76348486912308755       0.80034856576389091     
   1.2428979941357685        1.0898305694641235        1.2585493936404983        1.2266850642506175        1.0679204256512591       0.94853907173237728        1.1448361980708350        1.2402601529990860        1.2258418475052522        1.1228102619591909        1.0471994857439488        1.0836676792819528        1.1766322267372784     
  0.96333318176558214       0.42978183964889805       0.70821318850111425       0.90218386870238365       0.81821280235477756       0.83508287464430364       0.72816101327963778       0.80422298238285161       0.97501967256928923       0.62998475073870752       0.84653142745541432       0.78298654814070823       0.81857836348457902     
   1.3741617151865688        1.0366787853695636        1.2600348464643081        1.2280690332705686        1.1162096486717543        1.0586042701288605        1.2272785291675303        1.1406061841165409        1.2247778149581634        1.1269680475413024        1.0623654971943588        1.0479697233473833        1.0882872220659816     
  0.96798249862067010       0.44905887414478196       0.73689920759710126       0.91403119591501381       0.83446303040222314       0.84855463049527546       0.74918264247299782       0.82169299835227527       0.97682916806297937       0.64152104286581102       0.85755232063811193       0.80232697875893566       0.83694938748038294     
   1.3853938116194857        1.1411997460434893        1.0338804360999023        1.1816886081844957        1.2950783249546978       0.92164793755956520        1.1972035151394076        1.1516880668396172        1.1224007100476150        1.2970572233946338        1.3351468052344042        1.0671621862358665        1.1588193691308177     
  0.97224156004641349       0.47006523334802519       0.76496996962862573       0.92436389164662736       0.85043704125379516       0.86381201825276976       0.77086461451861554       0.83839305496818861       0.97855384809509838       0.65379987307795906       0.87092242204298087       0.82169491540406892       0.85421602991625767     
   1.0485712940958316        1.0827489699158144        1.0251520791163127       0.95343498298576723        1.0534761965186104        1.2076561268481143        1.0781642983822843        1.0503668902181067        1.1414694333307138        1.0072257130506386        1.2411200989858240       0.96773987134642303        1.0522845510407941     
  0.97621312594816145       0.49666745304278592       0.79245419836999620       0.93324975263061716       0.86626043984275924       0.87981010863316478       0.79354085610915170       0.85410752584772431       0.98039900107352285       0.66656688501244232       0.88562792498060405       0.84154989567293570       0.87023857516854930     
   1.0496726595413108        1.1372957549363183        1.0334255826718202        1.0239216511864171        1.2226933355630494       0.98220975254673015        1.0474868249426894        1.1509910313791880        1.0333657027351915        1.0961862542210032        1.2525040662748212        1.1160434847027538        1.0477566370374480     
  0.97998174585975806       0.52551193155426523       0.81994653721664534       0.94150545481086900       0.88303566835281666       0.89508544454332639       0.81761156791483203       0.87033574081457443       0.98221143138293798       0.67906213612578026       0.89924493469691380       0.86254618595289778       0.88625461170579078     
   1.2143617878681900        1.1750296644775826        1.1064544256416207        1.2740368728129159       0.98546933848105889        1.0676081488500220        1.1615370532645679        1.1093681084209794        1.2218348814907203        1.0920638597245211        1.1793011502814041        1.1811709243132609       0.94502165109492353     
  0.98322125566491581       0.56308500106190784       0.84971333523079928       0.95037433324609133       0.90063902167446597       0.91090233670267506       0.84140303516535631       0.88761568369402355       0.98401820260086181       0.69168989338450304       0.91192179154991881       0.88405406188239533       0.90252344539816254     
   1.0497608398246434        1.1556283185059775        1.0903894258024966        1.1162946919784698        1.2531268084278999        1.0777637788271295        1.2439670137823253        1.1161393796708259        1.0985371108052655       0.91492047829468059        1.1552528803789901        1.1074324043781076        1.0927632800873930     
  0.98601234008078420       0.60759677347731977       0.88101101007445226       0.95894673847190026       0.91807161125507775       0.92648776626788676       0.85928158639035945       0.90561417621669105       0.98600480462683471       0.70693081896173882       0.92462237075119458       0.90406745146380996       0.92003648841478525     
   1.1379558132978436        1.1459002126713473        1.1602335642696122        1.2867413028767556        1.1360764395140053        1.3834818658761145        1.0420429097002124        1.1352888164817743        1.0627254525487455        1.0978380507866599       0.96561016864697724       0.97287431901875776        1.4138640905303728     
  0.98912629411634478       0.66085750262786180       0.91206033126445740       0.96710978842974726       0.93458163233764713       0.94054352198046876       0.87825970365738704       0.92384768065347223       0.98822370233025880       0.72468288443308004       0.93841308535314027       0.92209130586749410       0.93902935175084812     
   1.7113879683352171        1.0818633145035930        1.0600816367798807        1.1922019283377501        1.2797410194449137        1.0926297215877114       0.97061671842290254        1.2530918144489549        1.6578650934635826        1.1665104992142552        1.1505758900828311        1.0202796177972564        1.0848622886422696     
  0.99199123736732742       0.72474586453781253       0.94046615435086833       0.97484177732642441       0.95083400415856578       0.95395329815092400       0.90080640482012764       0.94249683729537537       0.99051788389628559       0.74448186272224437       0.95346851763900742       0.94022903222748366       0.95441325718144965     
   1.0294530014711554        1.1499127143362304        1.1058611478760703       0.89890628795830696        1.1748848995855301        1.0549486133632022        1.2053510585291911        1.1611683558951149        1.0827506211089768        1.0380533765659805        1.3255935470864419        1.2875119074858443        1.1598415146364700     
  0.99478330545579929       0.80679713231927896       0.96121438321235553       0.98248881668183308       0.96709129031926577       0.96876912730390430       0.93051162427742495       0.96109915307387039       0.99299106839038997       0.77386555517377253       0.96881267447992747       0.95862336836900419       0.96843630494128263     
   1.2858037685745751        1.1291897034268028        1.0845012364607032        1.0877625467730714        1.1722564515520935        1.1098022354849661        1.0896395414161268        1.1294876064464359        1.0487810950985876        1.0542355164447523        1.1647458061862868       0.98086991482009145        1.1536602834655907     
  0.99739983736733218       0.90057913235076048       0.98172918047022451       0.99072873376316184       0.98251653089302360       0.98492297396809014       0.96519212870557203       0.98037630813618770       0.99613734852506175       0.83212218280812289       0.98430719280760726       0.97821867088828163       0.98394465915061569     
   1.5907836460853948       0.99968202727544830        1.1135391739935252        1.0230915080529690        1.1191962396620856        1.0544752185738904        1.2452115643498420        1.0424638029300126        1.5823306617351927        1.2324659776023716        1.2659945148813339        1.3303379246373439        1.2322011762742036     
   1.0000000000000000        1.0000000000000000        1.0000000000000000        1.0000000000000000        1.0000000000000000        1.0000000000000000        1.0000000000000000        1.0000000000000000        1.0000000000000000        1.0000000000000000        1.0000000000000000        1.0000000000000000        1.0000000000000000     
   1.2546585620941166       0.92629344859354790        1.1147474582629229        1.1000082230323893        1.2018539400332142        1.0855131021451818       0.97850968726799303        1.0961653623475758       0.94097832600513753       0.97322996533530015        1.0133647626462448        1.1241121258465769        1.0271645720022762     
   0.0000000000000000        6.0426869974298407        16.706169003506041        10.605680109084624        7.6343752969987424        10.601763317001422        16.780462116021376        5.7123389820874477        0.0000000000000000        10.582000043122870        9.7548631650016855        6.4422715066936398        8.3384475755680931     
   0.0000000000000000        7.0210369629298253        7.0823515983585361        8.4542805065331716       -2.0833953968746863        8.6608294082315123        12.433663719457389        10.178798246595063        12.489243191309660        7.5681305348448049       -6.3303450568605788        8.8815391260803356        6.2855273254741562     
   5.6760589618693231        11.049486766831524        4.4033674378973107        4.8677303021134755        8.6607009677183555        3.2846560825943283        11.952916703934847        3.1107858390239627       0.97778651087396817        5.9858921000538841        8.9955577196964693        5.0971884742400997        6.1429443041422100     
   2.1428219598570508        5.3427724201201441        7.3451404086719174        11.656080515885439        7.6060929268047142        8.1134132254648303        8.7866866668224315        10.486429860883394        9.5553467744202614        1.3137876591129798        7.2836330312589430        10.132730776092108        8.9253854546344851     
   12.986237372306052        8.7782214155616387        4.9915200543297331        7.4513119884962773        8.3843038884027496        2.8779249228510446        6.9485843490128669        5.8624193496606636E-002   8.7503940611557312        10.754828294456901        5.3984302958697521        6.2287547320384382        7.1410381787238020     
   8.9503262610778247        6.3830535384991558        4.7599535762197345       -2.9119110667384227        9.2195279006545334        7.7282534583475568       -4.7944101073236034        10.676752070075828        9.3775488584160858        8.2122739007814420        7.4788034117111106        2.2023925219984335        2.6585009436057789     
   9.5748782081696842        9.8516642457662051        3.6512546539650144        6.5171321500278045        8.4429553242451654        6.2951708256035266       -1.9572759593529434        6.7882720736058459        9.9443093826193909        11.528366290855084        9.9004612707232926        7.8262640085607273        12.014300593490763     
   2.9195084146854322        10.028386471490791       -1.4058979767254216        9.7119319833559885        5.7172078909961153        5.7253297920126540       -43.487665234417548        6.7079534247910040        4.9483463486134349        13.318421560753693        8.0624172889446601        9.1952640367727643        10.430590788020595     
   5.4072588731586116E-002
           1           1           1           1           1           1           1           1           1           1           1           1           1
   8.1633626343379839E-002   3.5337134866602428E-002   3.9339907283312522E-004   7.3625082286170640        1.3670737849601805E-003   1.7789906768969421E-006
   1.8693465439900705E-003   1.6106045958985361E-003   2.5014507990929420E-004  0.48269660391448693        2.5009216810328053E-004   3.1119827088089886E-007
   5.0000000000000001E-003   6.6310344544608517     
