   0.0000000000000000        0.0000000000000000        0.0000000000000000        0.0000000000000000        0.0000000000000000        0.0000000000000000        0.0000000000000000        0.0000000000000000        0.0000000000000000        0.0000000000000000        0.0000000000000000        0.0000000000000000        0.0000000000000000     
  0.21841611104900097        8.4141900948577852E-004   1.6777570411129331E-003   1.2977549178342047E-002   1.7271676635034393E-002   1.2687125290306373E-002   3.4891206928164858E-002   1.7074856675681486E-002  0.44216359202186140       0.10851909862205347        4.0715202154822196E-002   7.5474925105121849E-003   1.8346700088492884E-002
  0.63125132064419376       0.92081850163879830       0.77229475782990897       0.85084252852140640       0.98352887022253221       0.79524895290564590       0.82677752523381121       0.97196919083198852       0.73811437405934177       0.76506521608384803       0.66941195194800374       0.74937114032490693       0.85802390682414775     
  0.27332575197902076        1.7322986560107580E-003   3.3269234753375869E-003   2.5490515430770223E-002   3.5841010879207560E-002   2.4826088160837444E-002   6.0596277841405179E-002   3.0550518457047260E-002  0.56719748710978946       0.15039719105923618        9.8617184293787075E-002   1.3680531860083840E-002   3.6849629073672771E-002
   1.0879455852727531       0.91667297658806246       0.77864783554367278       0.93670620774738622       0.97667543864402651       0.67417054723633363        1.0519047837840312       0.66097905755265463       0.98018183748761523       0.92601781680127693       0.71047910900079903       0.78293054825951758        1.1639951103264334     
  0.29129163360702182        2.6937268633182229E-003   5.0502342003429573E-003   3.7420869868682122E-002   5.2596738865538777E-002   3.7696127634228041E-002   8.0463425028442490E-002   4.6792326658713621E-002  0.62423945783524271       0.17240358673293163       0.15158708098804757        1.9582349789303396E-002   5.3195394333804852E-002
  0.92012354227426696       0.91303166419150339       0.81900465756251850       0.72180436913374202       0.80439701219849391       0.82669004322676420       0.98937597224288221       0.99377779755328666       0.84531606262559311        1.1604244231806380       0.90768642201006844       0.86084380645313829       0.73666038709206627     
  0.30745872274812747        3.8303469229321293E-003   7.0082050019365620E-003   4.9006756413675863E-002   6.8387575752676996E-002   5.2271509220677762E-002   9.7459979259648805E-002   6.0823919236701079E-002  0.66255833725543778       0.18868147060614385       0.18847259498487703        2.4636481080074265E-002   6.8575717971739614E-002
  0.93205396199064872       0.98224929355925572       0.82410598329576057       0.92076969134213338       0.79377090206972889       0.91671415576506254       0.96862195714174182       0.76679588551604028       0.96741814530499204       0.87204799353822460        1.0298545078784134       0.90219497224023970       0.83913426813788539     
  0.32384289950567186        5.1207238006206936E-003   9.4012061007624076E-003   6.0429578228743674E-002   8.3921289850106495E-002   6.8572396242250311E-002  0.11342737250284242        7.4522838361352040E-002  0.69155438893563892       0.20291267883434042       0.21643345684699600        3.0249010211468044E-002   8.3875981922687484E-002
  0.71187064125420019       0.98708520662620614       0.88617084887713693       0.84260441763346361       0.82658693853842513       0.86193601130219266       0.94438007625878506       0.77444643177755090       0.73301513144958219        1.0339055243833166       0.87225186358110862       0.93642168552220262       0.74753022632316113     
  0.34024468998647256        6.4471502440404801E-003   1.2130962352645146E-002   7.1486414393128514E-002   9.8406477682222340E-002   8.4669577913762839E-002  0.12812015314616662        8.7666136465141070E-002  0.71396982510625850       0.21628820987227781       0.23874893545483100        3.6006650259056805E-002   9.9294227776374991E-002
  0.77187981915373405        1.1442317558405966       0.99293839642754678       0.86744839911378868       0.73171454902708888       0.85004447245765613       0.99839718443017700       0.74623537299919429        1.0690908307818139       0.99025427028388824       0.87492594448845640        1.0277464985844778       0.82435579421252458     
  0.35601889347144489        7.7643650162993443E-003   1.4897092482882863E-002   8.2484725921143448E-002  0.11397913966734829       0.10033701127263527       0.14218569866860148       0.10172656642253938       0.73393115423841171       0.22847629988285528       0.25605966868017982        4.1464517726352394E-002  0.11545940659672799     
  0.85869264412807156        1.0350506168545390       0.85927077565231358       0.82001911568547681       0.81940854546195285       0.71560282603234304       0.85428285373971202       0.73717597365984389       0.94109493632488039       0.88464084048641400       0.68922649215154430       0.97055922433124775       0.88700997815310623     
  0.37134082034291249        9.1179278120824079E-003   1.7621469188630626E-002   9.3662315131332330E-002  0.13063474622660104       0.11603872761785181       0.15555732184454771       0.11626367359223191       0.75083017996488777       0.23886253414683906       0.27298749749298479        4.7547367208881940E-002  0.13207703710318472     
  0.92402808899256994       0.94323320064280158       0.78131635219508344        1.0127388109693889       0.91263979129452288       0.81629168639425098       0.75636478357672532       0.79647946785142298       0.88614074487504069        1.0904365746975777       0.77298674236402320       0.90996268731089491       0.91731247691454443     
  0.38676156207103912        1.0570458003767552E-002   2.0687964011715902E-002  0.10508949789210430       0.14867782781566402       0.13029965279497727       0.16815393493246511       0.12935573072393444       0.76554869242082513       0.24759967952252987       0.28704589640003353        5.4359059679758091E-002  0.14901242773464796     
  0.84286560315948733       0.89180646916603623       0.80623395735051129       0.86716926878967737       0.91810108096750931       0.87777514052017658       0.80381715721073088       0.72610367577390478       0.79515136886058102       0.93672782445875158       0.90811229068581079       0.81280415828176311       0.87669727523917229     
  0.40228414059467515        1.2227069315373823E-002   2.4322747613856048E-002  0.11626586098723356       0.16564013846511805       0.14402362329918028       0.18030913680300348       0.14063231738226378       0.77847133904958876       0.25544479590272090       0.30063891298128315        6.1085169079691491E-002  0.16637494789091797     
  0.75344874049505639       0.90208280584945710       0.80992105237419698       0.82001745986250274        1.0701423979990781       0.84090183935429519       0.76487916653507482        1.1088503727635310       0.97608012979369285       0.78127819713614310       0.92314638194882026       0.82540748300507361       0.83083218852667029     
  0.41702318481016354        1.4018073836811388E-002   2.8610951212192960E-002  0.12646545335222237       0.18124411918477507       0.15897055233766816       0.19250444622101509       0.15240342303456242       0.78975785154611433       0.26267296056205247       0.31425380871985115        6.8463209858696097E-002  0.18366603699168987     
  0.82033576218555437       0.79798737482961912       0.82597433462647851       0.81621222556637918       0.91346359962426626       0.80228385848961792        1.1191647737083987       0.74339197722996531       0.92906271349317160        1.0118103124615920       0.96705578625080812        1.0063024659214661       0.94899409198505569     
  0.43034237689849170        1.5725420453492206E-002   3.2905381670135479E-002  0.13652770771973743       0.19623009914879647       0.17475085375268720       0.20478378049065896       0.16553827185665854       0.79899232275496901       0.26880802343599419       0.32723274554460052        7.6324757564977933E-002  0.20054959757182730     
  0.83644714477760196       0.99791793609716317       0.85957618112810985       0.70627835995016852       0.75725165322592192       0.92091338130455958       0.82832500485881222       0.91694235475421904        1.0010716021814423       0.77291516530209237       0.73666627663446127       0.95981321569319578       0.84345225511416533     
  0.44285369651270290        1.7406200342854585E-002   3.7360732200555351E-002  0.14612731254096004       0.21061429889276226       0.19055341143918358       0.21671538621022549       0.18063852362990859       0.80730678132464428       0.27406736969094053       0.34117566606130800        8.5030404895212200E-002  0.21721779661302473     
  0.93649285163664864       0.79814037398133553       0.72779774875463266       0.73435403050937531       0.94953105545382821       0.72904030540604225       0.84239528970078326       0.82669205699610926       0.97629148362966045       0.69655193151106320       0.83651188888848782       0.95080637933842205       0.84968976032450938     
  0.45421277302228885        1.9164860570511578E-002   4.2157730533645417E-002  0.15725883993519327       0.22579284044108419       0.20549684555895190       0.22874405149833230       0.19611613062278735       0.81567276925844667       0.27868395286344194       0.35548477856804928        9.4692147766467838E-002  0.23419610262081270     
  0.74723106569307907       0.87514007437955721       0.87547937528177044       0.89835105097214762       0.79513891549828319       0.75466654184689819       0.82308245770551802       0.79572112452192856       0.68632427252840378       0.69352241554775207       0.92444734942837559       0.97701675996853055       0.96126372201143762     
  0.46597927067878292        2.1059990161566330E-002   4.7524184031207041E-002  0.17084232737611227       0.24163674766129509       0.22012302292895095       0.24098660833312527       0.21160390797354872       0.82425326410475952       0.28336567064059681       0.36902998349665805       0.10523814929205502       0.25224176540916809     
  0.85255387601574550       0.74518143677877491       0.94352957930307502       0.90295257750248248       0.88051506338085750       0.92143735073318789       0.81142043196597780       0.78207269840605664       0.72893282261337522       0.75532302833980025       0.88354259512280642       0.87708509399620049       0.82187485228433710     
  0.47826079793427712        2.3185203818627202E-002   5.3170703939894821E-002  0.18551024961601109       0.25713016223109736       0.23488376487107776       0.25278276236926206       0.22711362167681964       0.83173988922481823       0.28837730869597472       0.38345895766278226       0.11607701203550538       0.27076570048342252     
   1.0156912989069624       0.81210003027161293       0.87463928439365457       0.78785560211904537       0.81442044609627984       0.74219383157671115       0.87208605213489199       0.84948358301659732       0.95711339521027816       0.86223720819385175       0.81981921398375424       0.99481574009624274       0.80316176362966141     
  0.49130318000714440        2.5474956451195074E-002   5.9424998757152153E-002  0.19817328781468302       0.27194236204474620       0.24948493373045297       0.26462901025568486       0.24327967431388386       0.83919263210358130       0.29458323044465851       0.39792347347793272       0.12691356768381964       0.28791074321357213     
   1.0277724200312526       0.84823578397674959       0.91684384605597924       0.71813677557321864       0.71246437313092315       0.80318520129197901       0.74376847350648512       0.90939267632659604       0.87395508580315306       0.72982428574269231       0.89697573975066169       0.84558639801302160       0.83304222351453194     
  0.50528392846259984        2.8002041188321662E-002   6.6029320434319874E-002  0.21114915350053184       0.28622798978329456       0.26343962776089475       0.27636934046798256       0.25916672124263990       0.84616201944614633       0.30199687810337872       0.41252651635036819       0.13684554138210187       0.30334108018181760     
  0.75590480317968423       0.79545337492905499       0.87662200229642218       0.90713790501615854       0.84661282640489988       0.96722667224366987       0.78627670479904899       0.83684546939850846       0.78490701465475532       0.88052701584827719       0.83922313278969551       0.78404592536733209       0.73145533779046989     
  0.51913513354684337        3.0815093034409768E-002   7.2729180483687955E-002  0.22348696673547663       0.30170425925599942       0.27697100078613079       0.28682375175026681       0.27471018645956585       0.85307359880528433       0.30846421361388454       0.42683207284065200       0.14731299907785911       0.31746143604239002     
  0.90252536699489572       0.74507005174666940       0.86666508018292721       0.81457764337770999       0.92065152187316501       0.73638664999182335       0.72932792927644419       0.80672958948950746       0.92389577642767862       0.76695840078482347       0.82893779006609969       0.93505556223314423       0.82155722294361000     
  0.53175814338790850        3.4024756310766763E-002   7.9769376851200266E-002  0.23485008126289419       0.31851212175029381       0.29153314348640491       0.29631539485506242       0.29047643368814158       0.85944652746220929       0.31366113396747214       0.43955663077595997       0.15740039132448716       0.33000742149153528     
  0.93178828603375785       0.78632213040524679       0.81648386862966660       0.80901812774097326       0.74386979107969486       0.92016537692292377       0.82363065521724443       0.90741691903921651       0.95159858481447879       0.79608829988880803       0.78993052946729359       0.85614222877791779       0.66890183808938697     
  0.54338744079278345        3.7581608520255536E-002   8.6716236657093812E-002  0.24727507677058336       0.33552627206178681       0.30524095958510655       0.30634630001542484       0.30710336251554304       0.86517010652238924       0.31863354275852485       0.45275561537860892       0.16856245695565963       0.34308327392437910     
  0.75283326669308548       0.93648955350640550       0.87263111309806918       0.71765599216338871       0.87123488285519701       0.93736046830650466       0.76317290981732799       0.81940491757214384       0.81648562513492706       0.77427172100994701       0.74074846510166337       0.74909672147085993       0.87227482167053205     
  0.55564921590599292        4.1262433906791421E-002   9.3916829676837704E-002  0.26183205940573068       0.34947060687133358       0.31785726057549896       0.31639491710483586       0.32480082391857301       0.87066631225542623       0.32459409489903579       0.46779408832702934       0.17993339468538400       0.36043817281439533     
  0.88192345731835087        1.0400844301983874       0.79807099493825706       0.93707790625392684       0.89421786729700481       0.83759964012369126       0.80785996354704603       0.78139531796046036       0.79515279640018754       0.84781304105164668       0.98319885389775730       0.90420722439372070       0.88746261668798176     
  0.56894419320560308        4.5027733140703068E-002  0.10134309867826052       0.27787371796975080       0.36335259100922412       0.33006885308493761       0.32597350149128629       0.34282513737311382       0.87602909809389529       0.33125907230534934       0.48347551188366050       0.18927448529367935       0.37722488911360347     
  0.80754897694559358       0.76571803581884335       0.99824197140468462       0.79673243610119515       0.79221082038959034       0.72083370947997860       0.73790777452440282       0.89053314407484063       0.81348573303689187       0.87559892478034851       0.74665359199575321       0.86557806924631153       0.78616360319477596     
  0.58267479904173647        4.9024909443269697E-002  0.10913926771855111       0.29438802872622655       0.37685399942985104       0.34233646689038694       0.33605003419804824       0.36045273209076162       0.88138725780767380       0.33739926920700208       0.49912660098785322       0.19894774561328410       0.39358819408642304     
  0.74713987385061786       0.80684691596958635       0.77681301215984055       0.83310988706413436       0.86521049113819193       0.84012783857737661       0.75763895963307215       0.80295393848082408       0.81919394771927734       0.78261982196720337       0.91288559411179804       0.76720312601561713       0.84154342812629679     
  0.59190497829992794        5.3253639111144599E-002  0.11721206582318509       0.31140725983625012       0.39211210913908434       0.35773751688760508       0.34693271636452133       0.37781383549706143       0.88655808218286802       0.34308288637704321       0.51615860943781511       0.20966256561959937       0.40868991997438048     
  0.86449582643947742       0.75427400489158325       0.91899843444050078       0.98659687511310035       0.70246869591290573       0.73385096281453233       0.92699907784075153       0.76076127478891897       0.82445021648856076       0.81026597434223036       0.79931131488092244       0.77987600759199982       0.99542798119606413     
  0.60127450927099302        5.7601191909622304E-002  0.12639801352732849       0.32834178622638266       0.40927759949301162       0.37560666376147328       0.35837965620790152       0.39429443004746145       0.89168496045915757       0.34870342670380483       0.53431032314939853       0.22119328887461082       0.42388527400392584     
  0.79083939577013196       0.81071014885699932       0.81069187945136034       0.81479742711379588       0.90001497673314856       0.86960759292976486       0.80704273685198591       0.80195280203709762       0.80857152058714044       0.80307159887555335       0.84812587342743129       0.84440592465531572       0.76283264022635022     
  0.61027776592183425        6.1847632040631810E-002  0.13614409317986750       0.34527568202727421       0.42603316927063933       0.39213808678197087       0.36933165185209615       0.40961532218206098       0.89650238379049385       0.35476601545140862       0.55333957315712468       0.23438191670610276       0.43757738591665324     
  0.74311347946348283       0.87429561737137007       0.88636154204904882       0.85733517884266253       0.82566163727311959       0.96176853486114078       0.76129262744511805       0.87222463940153794       0.72827800626415518       0.93444411352281642       0.97444211124609115       0.86862716245818072       0.83984690463847167     
  0.61999637663969731        6.6220262785868497E-002  0.14645735027540188       0.36186347854762047       0.44036880293031322       0.40768103583722243       0.37925427972072212       0.42289028648180182       0.90085712307327670       0.36134358367150948       0.57221454555749351       0.24861591814687611       0.45043719888344996     
  0.76983596347878658       0.81925022810127834        1.0153374825481187       0.80974552895552121       0.95678336380595241       0.92455449112124821       0.69266219999904233       0.82453957249203202       0.86418334556805187       0.90874582021818329       0.72299435600175099       0.79871939789601687       0.79130237557796002     
  0.63029032917303784        7.1159206382949244E-002  0.15678419370806826       0.37842368880893174       0.45268432818514637       0.42321270079132217       0.38904676678919542       0.43541614731648581       0.90505957848931273       0.36812131065449827       0.59051869007896096       0.26345667383972182       0.46422958455232050     
  0.87694130455384978       0.75036068434450032       0.80817491625078086       0.88011165700123684       0.80280692439274726       0.79777472678037653       0.88418729513099792       0.83191320053319917        1.0228741925659888       0.81143132066535717       0.82599771544971190       0.90574669473877034       0.91766743741198797     
  0.64195507701700849        7.6756892290567549E-002  0.16744246532445162       0.39496348370856615       0.46443779579359101       0.43959128677220971       0.39927648928357984       0.45022336208773484       0.90901658908332050       0.37540015206222710       0.60888987414606943       0.27901048034963000       0.47858231127515821     
  0.88992505333764238       0.86901548291258834       0.85823664204490235       0.90062044330556768       0.79599439458315990       0.80823954120357699       0.77078455657046951       0.82371831638343052       0.95650655622409142       0.76238649913039525       0.78202025361724292       0.82410598329576057       0.89720881773325845     
  0.65408027597212293        8.2645790923002074E-002  0.17891269253289693       0.41147904993289697       0.47672728318174906       0.45793579459256883       0.41060676138593305       0.46717318537421215       0.91293127761070214       0.38279438636352092       0.62691229705874219       0.29654250439773450       0.49416097958266297     
  0.96408343629016302       0.69079025204656042       0.69457525362154848       0.79984596923430262       0.75241346398719511       0.97182080762397671       0.80895322818968607       0.82481912425930237       0.88098214130928199       0.95005800743753233       0.90166156095613248       0.82768822727813018       0.87486022707413758     
  0.66614772802056532        8.9283448049810255E-002  0.19078102388884402       0.42772007103101539       0.49279791472437234       0.47538392803599255       0.42286090641685037       0.48508714790243945       0.91668637487020355       0.38994262084425624       0.64375138277088884       0.31613329723671479       0.50985231547203935     
  0.80960054542094106       0.86243657460459000       0.83175368028608165       0.84912187680750528       0.92389861664656336       0.87365052716324054       0.96876809954419352       0.85908938598775764       0.89829827799898243       0.87967097793347315       0.88023405995488302       0.92047481870297987       0.71749017043176744     
  0.67883590939417360        9.6353277292425751E-002  0.20295913668127313       0.44543432353722540       0.51213525626431378       0.49313148211946661       0.43568059945286675       0.50280166436500573       0.92042172000805866       0.39668875395589853       0.65925085589285348       0.33656174745085882       0.52516896123578560     
  0.82768828826123497       0.85739496755552846       0.84237761126190969       0.90160019088432530       0.86313490877218746       0.93266141190893093       0.86089635261033226       0.83694820139059334       0.82538664686703245       0.73947622498860488       0.78135589003670625       0.83445705234374523       0.86917246554681749     
  0.69151479307439345       0.10408618297970158       0.21549815056491578       0.46422908166823934       0.53011005039058468       0.51227845527163962       0.44845429343394067       0.52056434360520454       0.92396699461278275       0.40335554962997577       0.67496955024289795       0.35736388571792210       0.53995279124609130     
  0.95653460894980347       0.73763683015636961        1.0034226745097898       0.91270475257976980       0.82676524937258100       0.88777741043385983       0.85123330480903270       0.84433616322249583       0.78315824199433215       0.73425122537725840       0.80831718355652815       0.76502602601228387       0.98299477466465679     
  0.70340644891768567       0.11224497576511219       0.22827714004600241       0.48497467729942112       0.54676488450161065       0.53078583816410541       0.46116558944964298       0.53854071460924058       0.92734065075001504       0.40981087092214924       0.69136484762474304       0.37773736116895340       0.55490978886926079     
  0.79091001546850492       0.79299746799590753       0.83852548811958882       0.83393346769599830       0.76608340650048279        1.0588509511459396       0.96583019434262751        1.0806298100775953       0.85809230528011882       0.94121795138461717       0.88623299848699710       0.83181742609369702       0.77116888057808086     
  0.71567281452295028       0.12158659637850160       0.24133478698742408       0.50582904919587357       0.56334332553384969       0.54791154192035696       0.47401952621958054       0.55761856435104185       0.93056317249918130       0.41692800583505790       0.70740768269775522       0.39827973442602016       0.57040699035448406     
  0.77814643455576538       0.79698608861757858       0.69075303042877589       0.82382731743226256       0.81380670232464292       0.85562113421499586       0.81227773447184126       0.92305800342409738       0.70575148244217656       0.79019537285527741       0.98545692918780814       0.71679061093329677       0.84273594783537509     
  0.72782553255950821       0.13235677448038508       0.25471589756183327       0.52629913014459495       0.58042381015804201       0.56516386468143809       0.48703950738192620       0.57645718612843533       0.93348241622418715       0.42487362005816698       0.72302409219309849       0.41929388746357665       0.58602623979859003     
  0.89818162284267200       0.82599030060197753       0.78953076514730547       0.83115397636435662       0.93837349944731951       0.73799233793741881       0.94488754065276659       0.96378039358633694       0.65160515093100002       0.82534458218915863       0.77152325854849479        1.0651222550284936       0.99819198657817654     
  0.74015868345011659       0.14433973360842547       0.26778858731670824       0.54540789072027374       0.59845661629169078       0.58318239834070595       0.50016657622705796       0.59386663728925582       0.93637303123081472       0.43294715425205349       0.73938040774385094       0.43943457726375501       0.60152277431590351     
  0.93071336675556304       0.71160833394278766       0.84068543692628217       0.89346896538062037       0.83174101054869376       0.87397835864131179       0.78194893571062973       0.79911525799833649       0.74132546264367449       0.83408082231501401        1.0248593861856710       0.78104938843418203       0.85376411615693981     
  0.75213216101594549       0.15646446181088847       0.28168742908318189       0.56416194622945071       0.61599533421517760       0.60181143218638888       0.51290358264512592       0.61057644501802244       0.93942846024663851       0.44082057260620361       0.75617731914656749       0.45842769731366306       0.61653629211740857     
  0.91635449640740896       0.82343944775129818       0.91372178381130054       0.81722632029576314       0.90445347719454894       0.91687386646122115       0.83187532657568697       0.90569082733485462       0.71389439521748510       0.79000217472632672       0.93797284166129435       0.74390635444282693        1.0437974121871201     
  0.76383506373536858       0.16882598733170479       0.29673362924602431       0.58372612660719247       0.63250870737837794       0.62084373632626211       0.52525522332137953       0.62717537173451121       0.94216902752401277       0.44878689631311897       0.77222286013849784       0.47732540311997496       0.63144872283518017     
  0.90796234932397013       0.88286962278441694        1.0141468948693824       0.96694454681535524       0.87934014868628718        1.1860307374220447       0.85238293190592773       0.75393846351358151       0.78269787062968388       0.92791135775350186       0.74757562972905689        1.0634044240489020       0.95200401010299629     
  0.77528615233955767       0.18305411418005954       0.31067307857941656       0.60363073704614978       0.64915086590138282       0.63902069508659698       0.53769769518374666       0.64405628260431247       0.94486585004416579       0.45677749848358995       0.78712997382840688       0.49665366654424331       0.64624369457550435     
  0.77555569230216148       0.84467010709082113       0.94174119137145462       0.94052626078461199       0.89880740809034954       0.91539852141246569       0.98310678265771467       0.87468941928827781       0.73333290132956563       0.91072450210136646       0.90437563441833635       0.87266196012330588       0.86923903460591878     
  0.78676553632693813       0.19891993601145103       0.32322568402721757       0.62167456640528973       0.66666027776596226       0.65553792525926968       0.54994244607276055       0.66115294610192377       0.94773865475592289       0.46465795111064989       0.80107640968040572       0.51620482373888321       0.66208944517049773     
  0.78985245505376278       0.92048964178435999       0.68709432658179537       0.83985951606252129       0.94826530012582400       0.82975966977851745       0.79242141111779152       0.91941736130629625       0.80500075399267934       0.86852368332650787       0.78147114224005088        1.0111802034110267       0.88336203684109360     
  0.79832126084401089       0.21614267871241211       0.33810437517238229       0.63890990386525948       0.68520441336389792       0.67105797011272739       0.56291302396222986       0.67824437199325660       0.95010461119466560       0.47273231602328963       0.81492129462328888       0.53550152175341770       0.67650235743801779     
  0.99499918319191527       0.90521342054803222       0.63574017920242787       0.91381003085875867       0.88527128254390142       0.89972211963743354       0.88881750542659810       0.89141381832215283       0.79337109166763065       0.83405511427502210        1.1587044242381752       0.81256825574731639       0.86894343608740299     
  0.80984596391179553       0.23499901389642555       0.35411418162540614       0.65656699072368296       0.70234201494355253       0.68558045176790117       0.57639906497905202       0.69520678397018398       0.95229849731517735       0.48119619899300364       0.82900849507616270       0.55499447648014055       0.68956893737863556     
  0.89349862686603532       0.84662050785209297       0.73336540933286243       0.88260359484197926       0.80646379596390305       0.74888179947295030       0.83242835994423758       0.76818009715071056       0.75829884232862388       0.76962207731052767       0.67229947861025852       0.87168525600817703       0.73779034713262281     
  0.82118121912797182       0.25365540486416849       0.37580558956117627       0.67428150360261108       0.71782932051637638       0.70023510769183017       0.58994983887239771       0.71179725108507153       0.95465861051032219       0.48987604374849519       0.84318926396488247       0.57432471464569979       0.70350664779246497     
  0.77788806808522160       0.94412511232702978       0.70982768565957788       0.93495460310812195       0.89743258386685287       0.74030839740066756       0.76743331298321527        1.1478117920640860       0.87347599002970044        1.0490437103897474       0.84016885474505021       0.72297873457113093       0.76699499704682561     
  0.83188200142561430       0.27141584843602096       0.39878858501582320       0.69196034697216335       0.73308301215533200       0.71465181259644073       0.60226065889305869       0.72749955989103698       0.95749763334297877       0.49891474669430891       0.85772601995933362       0.59295758348714234       0.71789683543253724     
  0.91202323989384282       0.78446270239525973       0.94802502879371930       0.86670555222234746       0.87391747454970459       0.67861911391416141       0.82936180735118126       0.80665709562146259       0.98586923853150954       0.70379681436414177       0.87556963859346060       0.96641870334136870       0.83570375513690687     
  0.84270752726881937       0.28877585773615450       0.42120289458392468       0.71025933040672395       0.74898959195994097       0.72986236199403043       0.61478032087964896       0.74326851645454084       0.96040473454876008       0.50893090635749227       0.87148944099773662       0.61121375025856328       0.73221588204692301     
  0.91672198840232233       0.79783395289343906       0.86635485226182618        1.0041668054337138       0.70607301810611645        1.0490611171483404       0.89305878802346483       0.97066912513420911       0.84171344429683326       0.99123464819958884       0.83549679947067812       0.71731815400680599       0.83014797176126898     
  0.85291359001419997       0.30720856817555975       0.44396860320369647       0.72872419306108926       0.76525938725409537       0.74531411855805108       0.62766167237035209       0.75913709936186791       0.96293710549113243       0.51708800755611928       0.88338228717210132       0.62545206425232580       0.74686037062619359     
  0.86487482518532866       0.70228696354414155       0.80117051260219851       0.80757306496394432       0.92999322486646319        1.0394069798255481       0.72442452861729023       0.86923903460591878       0.80678023472584359       0.88161529754647172       0.94340907855657674       0.87444482170922633       0.72498554263007553     
  0.86210363658402744       0.32730881809679629       0.46714148010439299       0.74638453080867662       0.77994491819822387       0.76097636334881735       0.64065471897695925       0.77456725255535330       0.96537108509581337       0.52493111846853835       0.89333785783403818       0.64059416954940984       0.76311398499983474     
  0.97449009397785502       0.77497211733955662       0.90396208725933669       0.70668732487971520       0.91952396691872385       0.85140184595605228       0.84559560444812887       0.91089946025096868       0.86405726847869369       0.75091675571364447       0.80361679748299120       0.85091687745927314       0.75365116822212164     
  0.87105951262858072       0.35624221224424629       0.49164144454800995       0.76572130833434893       0.79393256593785499       0.77663943978036942       0.65401306519359970       0.79037747610327691       0.96782786987461933       0.53324046203840236       0.90274942474870279       0.65574686731659615       0.77893413153196767     
  0.78850556374374636       0.82971087837108826       0.84800463076344990       0.87452340939746676       0.77337889566017282       0.71462997654863647       0.82076986409398034       0.86669348490743447       0.82600886446050037       0.82379465181893741       0.94027634474975197       0.80997042062126567       0.83791839231613452     
  0.88063300669316658       0.38524825473496049       0.51769214062199165       0.78414221304806175       0.80797874489051691       0.79068649977774319       0.66921956508635094       0.80685171987609150       0.97016758235839851       0.54099169415271242       0.91192613657780708       0.67170700185869237       0.79315156916086527     
  0.79167266989597940        1.0260770901429208       0.96674105937843235       0.81139087751481331       0.93989084407218249       0.80839990163047915       0.73576820635741713       0.84427121442994679       0.99378848281559906       0.78711159066920622       0.89281451084451346       0.95834037367309510       0.81064948913992974     
  0.89002522766777459       0.41419127337131068       0.54457978119569705       0.80082336583561098       0.82292977348057528       0.80395687880984812       0.68482724420763874       0.82401884347095777       0.97254687306797305       0.55043960359037447       0.92039547185459925       0.68975580542843296       0.80811008435049825     
  0.85229374192476659       0.86601198866685891       0.87306397915211464        1.0116115177503189       0.77126083549466584       0.76208846408487063       0.98983162654830559       0.84179231643341224       0.96568464073852145       0.78357886496770990       0.75911844052901523       0.83853889186154962       0.89364150590551705     
  0.89875087102439433       0.44473188606291142       0.57224919133517682       0.81781568395967386       0.83979575938606055       0.81650892131761033       0.69998305332373822       0.84089879291882774       0.97487699822868845       0.56000981633824110       0.92866169850772584       0.71309238292988675       0.82458219303283076     
  0.83878588074435190       0.88458547042032432       0.91209670746185367       0.77197293503278075        1.0449227743279956       0.75427620958776154        1.0766152070089137       0.81633364284727361       0.74518823039949844       0.78402354016765430       0.87846191666280482       0.92307278223685563       0.94214158383152213     
  0.90762184781947408       0.47830912797696556       0.60090220069452527       0.83561885489910404       0.85742321963009471       0.82869155406398365       0.71475993811774807       0.85755018191715993       0.97715012223391062       0.57076621117135362       0.93645297884222900       0.73657068182350038       0.84105644125741796     
  0.88177823766881258       0.92428646530759961       0.80776198085316087       0.86843350054296542       0.89463331657940426       0.83003354095585691       0.81669775415836410       0.96233309505335718        1.0520443129644916       0.78550685779482554       0.87312312798895775       0.73856097799064757       0.85787617188099508     
  0.91704104833775257       0.51770319640013629       0.63260304372901566       0.85385703968642868       0.87413382691671637       0.84293963209121847       0.73073314473388240       0.87408743289521440       0.97938683779582381       0.58345271392671949       0.94530552084064767       0.76303500140311087       0.85665069358062229     
  0.98239809264149269       0.80093277901429616       0.93121937604361915       0.82584194171043690       0.80291864264876023       0.79710243887868215       0.86220591835143479       0.78628148410499443       0.89083435654899412       0.78994957983737868       0.73772003633679406       0.85435570613983747       0.83660412165769038     
  0.92630023509417359       0.56026415930518259       0.66090910713954687       0.87160051083911050       0.88878213691126662       0.85996007230056803       0.74861764774916284       0.88867535607526194       0.98157874836373482       0.59645362682457459       0.95347957599187561       0.78662628808295043       0.87347563083028057     
  0.79695347621603696       0.75723566504838935       0.86103042688289222       0.87812148532183720       0.94625278624145626       0.75827854936051742       0.99604050993163640       0.72987163197780436       0.74939419248562977        1.0058150139759519       0.86317170547982514       0.73909480590934840       0.80229808970144378     
  0.93464026051900440       0.60502793025665935       0.68809478521262046       0.88975178261804166       0.90248728238287701       0.87721619967099485       0.76443751482423883       0.90235972448220592       0.98373586879443553       0.60990776218800924       0.96093671221842447       0.81306602078333334       0.89090035898688635     
  0.78518838280979752       0.81387050292213148       0.83794142956602280       0.81775388421926054       0.75078918185420451       0.96291744938129353       0.83657547375864516       0.97512559345943317        1.0141335487033938       0.99055429131613570       0.89860889148195500       0.77921420999003299       0.97335666893291151     
  0.94279800942673497       0.65157601737719462       0.71634471386244647       0.90644226007189266       0.91568563108914702       0.89349551931525206       0.77903854811558182       0.91645862766292618       0.98600546054275362       0.62503448204419954       0.96779542970144095       0.83959717573336501       0.90600925975965774     
  0.85301595480667669       0.95812702604755262       0.79180040439574684       0.91678373131192092       0.83195438727709980       0.90370365962696619       0.79660722859999522       0.90660672206735926       0.84836663328156403       0.92198264109713524        1.0465057272756688       0.68315311276452928       0.81506445307652864     
  0.95153784901038652       0.70357998429308877       0.74618420125895013       0.92150195216339925       0.92962638494196259       0.90983116008456466       0.79728477836037515       0.93028516992877019       0.98803652468758318       0.64192596531354729       0.97450896626841799       0.86559966627587248       0.91873729956077532     
  0.82485521283016572       0.92093175574773534       0.66408652559644199       0.75823351507575376       0.81688987264907087       0.76604502798023077       0.79075426775646684       0.84638078773104819       0.87348448298480430       0.81791905637261686       0.97068441749806600       0.79284278029797661       0.80150287622294580     
  0.96021461120582752       0.75807794203499368       0.78640831793565791       0.93696496412417452       0.94272190188189164       0.92617563610764297       0.81813080522567416       0.94374393535151324       0.99007626510500557       0.66277148893804261       0.97994891298846920       0.89151916056595371       0.93231440412534350     
  0.75155250644200577       0.86426656631682119       0.89966753529202803       0.90372261084965788       0.74446482259542512       0.94070885417088579       0.96304344591606272       0.81644205593380526       0.94405491294181665       0.99545953961310096       0.79120484741931640       0.80183945667588863       0.83795362437713128     
  0.96768960666351678       0.81502705189080737       0.82610267064484566       0.95246360104329808       0.95652098013955889       0.94339801182746230       0.83899432486830716       0.95786379819433487       0.99218702336157238       0.68718719592025301       0.98506158634017504       0.91569257531056836       0.94725437909351673     
  0.80161142559563670       0.71116505866919466       0.98345708072661919       0.82586532022035053       0.92534544521468576       0.91935862757538778       0.92161598617837803       0.96632190066668167       0.76783976158323219       0.83618827744373447       0.82860097452532955       0.73179581132713978       0.77189670742897443     
  0.97502874100676717       0.87252508687422270       0.87058493236424372       0.96943709512898479       0.97068004207673431       0.96072229381208252       0.86528935117342531       0.97212085299603790       0.99419742736795003       0.71851086807943643       0.98998473094155359       0.94379925447145141       0.96396462406271932     
  0.88031718089800581       0.75096507741582974       0.93580299077885509       0.85410478302600168       0.80859491117053850       0.93066570309964880       0.76874072187947551       0.84921746677030452       0.81513678644701060       0.92414557236411787       0.78805112832844215       0.91911156814833228       0.90869130201187975     
  0.98603539838929299       0.93658019693900307       0.92863743134553234       0.98550373878404374       0.98580000892694375       0.97895566698517400       0.91313543956439647       0.98587801312297674       0.99675802549727521       0.78583113220040102       0.99505286003149318       0.97167280449175486       0.98065281733532494     
  0.85567150083500343       0.78470055294521368        1.0901824622091423       0.78038475317058331       0.81258747618002514       0.91371286983130717       0.92179263744468654       0.81476566564525477       0.83504988256323842       0.93696729898491271       0.91626375553938710       0.72880681227625077       0.82039928733893597     
   1.0000000000000000        1.0000000000000000        1.0000000000000000        1.0000000000000000        1.0000000000000000        1.0000000000000000        1.0000000000000000        1.0000000000000000        1.0000000000000000        1.0000000000000000        1.0000000000000000        1.0000000000000000        1.0000000000000000     
  0.83907225762771542       0.97343622707506117       0.89103367356156593       0.80358942947401746       0.75820424101540651       0.97405862419459022       0.84611929323029089       0.77698584554886307       0.85927077565231369       0.64260127853773463       0.72510057454640497       0.80949441838929703       0.93734742461488718     
   0.0000000000000000        5.6982224143891473        12.814237498911501       0.92854136591101433        3.4497268420589937        10.948182571213405        12.161456374828841        9.4744285486567801        0.0000000000000000        8.9055896923995785        5.1536188600020143        10.198345140518478        2.9435832608660344     
   0.0000000000000000        7.7859630720663109        9.8032761578343883E-002   6.1269583085278168        6.6510818767791369        9.1082657866237327        10.240054073429508        8.7412908070349307        8.3574856514219693        2.9457704414099348        4.3502867235469713        8.8061579300245025        6.1394234111600641     
   3.6679949830256455        5.6274850563679601        6.7828390219280381        7.0090726711373597        7.7366154902708058        8.7022344380044423        7.5817451923202688        5.8965934338460739        9.0655918199749372        7.3232690409174159       -3.6890406323099549        10.916416400876040        7.1566528467970620     
   2.7665525429358810        5.0362710177807131        7.8362667234655534        2.0760314641110544        6.8752273832426463        3.3285830141236605        5.7251759168717715       -1.6356916688799812        4.1183350005030714        5.6123188893384670        4.7858984978113686        10.440302200793964        9.6263320100593130     
   9.8323753633209598        8.0138827282505662        4.0930162020587240        1.7972289148582599        1.9040345576858106        6.1648328160179604        3.6605855099466487       -5.2336491315803473        6.8528135831820212        7.8250270112505502        6.8580566483045438        8.4527788507806001        6.7339986374557768     
   5.2962379661562080        2.4508048961134632        6.6113359714333892        1.7050108836002706        9.9797979035020248        3.7105518637896227       0.16586345561431776        7.1732745908839135        3.7964511953309032        7.8175814869912532        3.3475762154336355        8.6040907814510845        2.2511526672818358     
   4.1094219133419623       -8.3325663068890972       0.57485369337793035        10.575005370945712       -2.3188815940812870        2.8527425135430620       -8.7866173516269548        6.2198925689611988        6.8387615575927923        11.034320461554829        10.693229123819247        1.5864030715031769        7.4543494508704526     
   5.7314219815759522        1.0198074163193378        5.8446163641759679        8.8353293005604581        9.3260293316415446        5.3140464075558436       -14.095097420914955        8.3238554014310253        5.6044835348155821        11.496739946629688        9.3097622582005624        8.3490139524848156E-002   6.9674529847313247     
   1.5968833218530467E-003
           1           1           1           1           1           1           1           1           1           1           1           1           1
   2.3743087072536796E-003   8.6301395449724658E-004   1.6165863230822366E-005   6.6412628538236707        3.7664294336814732E-005   3.2622116133229710E-008
   5.9249810730816331E-005   5.1250697752768025E-005   6.2130626386458805E-006  0.90761876524972240        6.2121075439415484E-006   4.5815415901123036E-009
   5.0000000000000001E-003   2.7441974802744342     
