   0.0000000000000000        0.0000000000000000        0.0000000000000000        0.0000000000000000        0.0000000000000000        0.0000000000000000        0.0000000000000000        0.0000000000000000        0.0000000000000000        0.0000000000000000        0.0000000000000000        0.0000000000000000        0.0000000000000000     
   3.4248579686634381E-004  0.25768308475029578        5.2525609874232914E-003   1.7340152536454361E-002   1.4449938794227839E-002   1.6322612675888169E-002   1.5004632690742613E-002   1.4578207625118900E-002  0.55888632690026163       0.11181937523632772        6.7523350000522397E-002   1.0045047118574086E-002   1.4243426273042786E-002
   1.5382012334499473       0.69064967558793944        1.1455755403356163       0.84779348916904462       0.79606317857293496       0.84753010223533087       0.88335362363142211       0.93896092707245826       0.70589906661269930       0.85839072379391246       0.71276561638100167       0.74779332676910348       0.96096449153114072     
   6.9287936866538541E-004  0.30514164520537340        9.7757499200423637E-003   3.3094025255290288E-002   2.9497751579385081E-002   3.3747850968917838E-002   3.0728555935128118E-002   2.9519068643913297E-002  0.63632850572292288       0.14396760747115603       0.11705603400559111        2.0219923817618925E-002   2.8738105786643427E-002
   1.7116264175735976        1.2397214075238943        1.0420365616064877       0.99172427973293675       0.84161643527609931        1.0805024235509380       0.94208639835322383       0.87193987894904645       0.88916194131503290       0.95139017636555601       0.89205907942791174        1.1536120496807722       0.76712285810553038     
   1.0553478560933990E-003  0.33034993369502397        1.4869165335587724E-002   4.8058110725266244E-002   4.5694406559395016E-002   5.0368747680167400E-002   4.6675634609216247E-002   4.4407001251797265E-002  0.68454152403874013       0.16364936225848195       0.15257238553974001        3.0556144591576483E-002   4.3646050152855283E-002
   1.1284019232072331        1.0830009892905992       0.93062018213038744       0.78999735099980350       0.91925198937763908       0.90003868769746698       0.92407241411693719       0.81302265491866288       0.94215244398680087        1.0295640262084538       0.88393237470680353        1.1078281476897320       0.89157680121616201     
   1.4352870672810049E-003  0.36023492419473185        2.0689942334414027E-002   6.3832608161364712E-002   6.2356157684773435E-002   6.6458252649322105E-002   6.1754610474137307E-002   5.8992167448427502E-002  0.71241555849805371       0.17658366807398038       0.17755930790714208        4.1268773802203250E-002   5.9965789411026961E-002
   1.1241239763836195        1.1073327411256317       0.94354002403133519       0.90008401154394679       0.91423232493753337       0.92468581481278289        1.0503190680199703       0.89826650804326291       0.93382994175780232       0.89560216549677396       0.88554565419042230       0.99810464822638267       0.76235690187649285     
   1.9013752602904507E-003  0.37799659571240302        2.6347068860460128E-002   8.0551587868018693E-002   7.8355380266739147E-002   8.2555271715206199E-002   7.6684663604183134E-002   7.2830533040435769E-002  0.73100013599323732       0.18873351035738262       0.19897146502753948        5.1555283795513634E-002   7.5749806299293523E-002
   1.0291172330387730       0.94344165587699758       0.97162384412135305       0.93032258031395099        1.0137829056182981       0.81505160687222422       0.94081188848472708       0.89494335011649595       0.85275765667087766       0.83068663395674303       0.93695815618607248       0.95876146305255827       0.91217110312466443     
   2.4307911189717481E-003  0.39797250881149127        3.3555700167909132E-002   9.8087829741231106E-002   9.3275381668786045E-002   9.9304166740232125E-002   9.1973615405291670E-002   8.7492343409680595E-002  0.74518170232215597       0.20013085195274213       0.21854956656055513        6.1168517945632828E-002   8.9262369637288952E-002
   1.1023510054563481       0.87102330672633788        1.0235589364746693       0.76591987724779997       0.80997053442578237       0.88389747526067264       0.83554350485756701       0.75332466478901727       0.88325413546792764        1.3366867931363073       0.87645363982542246        1.1920104955671289        1.0087277152342202     
   3.0230075289852222E-003  0.41779047739970654        4.1072047588751083E-002  0.11557195283324444       0.10809787347720574       0.11586475796160736       0.10768904996132486       0.10201891974595327       0.75968414379498284       0.20936059021598416       0.23537821286133398        7.0648285656138135E-002  0.10320104072358516     
   1.0895575131367321       0.90393432553197250        1.1080419221311162       0.92158820591850255       0.96562167514789143       0.92060612132637587       0.86428839407253200       0.90604969383335743        1.0735760590477086       0.76589895249477802       0.99645812878767681        1.0034345616624565        1.0156394330083329     
   3.7059780380914332E-003  0.43761101689052856        4.8342182239977424E-002  0.13269585680168619       0.12380903502221240       0.13185803401954510       0.12473072561228417       0.11664765616667054       0.77002052159562651       0.21635179421153328       0.25091694988829427        8.0488326853985034E-002  0.11779677360288285     
  0.91328392023999372       0.95975080854846850       0.96697362690621924       0.82984050983780200       0.95052818871350198        1.0685478892869813       0.99379167063405849       0.96821771805245527       0.87316861385317612       0.77539245948496505        1.0080222772422622       0.95031537169321278       0.87159688726458262     
   4.4705594436293024E-003  0.45753428832778786        5.5068752586381865E-002  0.14963070135517584       0.14007015699877262       0.14759700291043482       0.13969504556706241       0.13136142939994278       0.78072793961952824       0.22341465934028967       0.26546846689148346        9.0418655645783108E-002  0.13339050850703016     
  0.93936884996530878        1.0603833740656901       0.93377993864257303        1.0218785243362103       0.88026369269260341        1.1036803316389607       0.84908853304824761       0.91184045515425294       0.91493417852708292       0.97486292795947072        1.0182266528944699       0.92731266847358318       0.89402085704753964     
   5.2405283720301111E-003  0.47668463368099123        6.1542519417153226E-002  0.16657073177534484       0.15567883093430543       0.16395436648267156       0.15464052621432059       0.14593908145086504       0.78942080299058592       0.23054982661611470       0.27878601126127578       0.10041273277516269       0.14898032822529730     
   1.0480431919480266       0.87169815688249352       0.87414300062184580       0.90842205706098522       0.86863761808156781       0.93956589185653816       0.85888253258402603       0.93965680112616345       0.94951971908492261       0.80977355102490445       0.93012041639325660       0.96864972951197259       0.90908970096786523     
   6.1547556147034891E-003  0.49323455239380615        6.7847496792803941E-002  0.18312471887911341       0.17080082799542887       0.18043915356354132       0.16946230327920847       0.16154085811060942       0.79712193517052077       0.23757781286468418       0.29083385243129589       0.10947293088737260       0.16465080030404394     
  0.96109482635335319       0.87734645331365957        1.1775235723260318       0.93181942654913585       0.96770197075002395       0.92381072365829775       0.87968887812974139       0.85509231435361810       0.96085634555310806       0.92306558631907187       0.94065584334135055       0.81523124383569734       0.92650199896365282     
   7.1949113561446615E-003  0.50649995994565944        7.4137659194843733E-002  0.19945101312319968       0.18664514900356052       0.19453398724251814       0.18587495083014577       0.17759573419056945       0.80522667569887441       0.24452767736023537       0.30256974014237137       0.11914716267017122       0.17990551515984998     
  0.85736213019863450       0.73899705234975410       0.78260089551605772       0.91316089082206042       0.82775104676829425       0.80254121975710890       0.90225358088755414       0.84255864563412941       0.93953215348328434       0.78373902126513673       0.96193784376816327       0.88705716448029903       0.86261851895844821     
   8.3913532915759013E-003  0.51860718448701026        7.9858703996552080E-002  0.21645359338438355       0.20326697941532895       0.20931737011584203       0.20265810187732861       0.19401169717896685       0.81267344459879687       0.25125965649565429       0.31432617335295898       0.13014659445861007       0.19370347725651577     
  0.81587385835553095       0.75539989084770731       0.85056392792184732        1.0057231164160865       0.91894823123836455        1.0043013741421436       0.91140774167696637       0.90005530156326052        1.0702482990575584        1.0740233162706052        1.0118858148537808        1.0534810223747533       0.86984205314050778     
   9.7782776563583289E-003  0.53126761795772215        8.5737433973296570E-002  0.23492443309498129       0.21979943073565114       0.22504375482433822       0.21940695690354811       0.20990754806696466       0.81961602935363220       0.25811531245331848       0.32700355067489317       0.14265352030394246       0.20660953879051913     
   1.0155017562401183       0.84531129493303903       0.83656509590115957       0.99144088018483201       0.93808181025191839       0.97602751718566583       0.86185715156589437       0.83579435901511834       0.91452249231220339       0.75621781095854590       0.91090977149195995       0.83795644208009490       0.87058094360313543     
   1.1346256148736385E-002  0.54741423959087288        9.2412114445311791E-002  0.25551885421416548       0.23567416871696334       0.24142416711813153       0.23642305271642902       0.22492862868296476       0.82591418798155702       0.26490643195267960       0.34035435958229326       0.15410636256521990       0.22091059188658621     
  0.92964867681661789       0.93158617858366788       0.89741592171182405       0.95590542438981652       0.80712356722866418        1.0101480472706019       0.92124188713591604        1.0311633879615476        1.0325917663969681       0.89928407923568809       0.78628167669951210        1.0263866433536004        1.0635172765653709     
   1.3037865523839020E-002  0.56331190581558532       0.10004239730663618       0.27567953274908913       0.24987568886982606       0.25814098237669419       0.25174583971619652       0.23847227117769162       0.83106912052787330       0.27176078947838700       0.35389005794086165       0.16636826635811108       0.23556974703954148     
  0.82979300129587796       0.85186329572617492       0.95081535601612588        1.0385469261762328       0.96277967657110053        1.1721258319569732       0.99380716713142425        1.0375903146596241       0.93488774620179271       0.88931115311542885       0.93125366554457023       0.93968074136295543        1.0125484129220794     
   1.5099398385280504E-002  0.57788628169874523       0.10796435240500912       0.29432087581883976       0.26288524189917045       0.27371814012018147       0.26470182274301401       0.25248501543694868       0.83661651561600525       0.27868107289725197       0.36761256698684242       0.18003622627194357       0.25059128096694439     
   1.1716761032944316        1.0097762700250221       0.83572755611459426       0.96735470263606449        1.0277486586076785       0.87654273826647178       0.78408326291671293       0.93721305651504083        1.0026444195281141       0.90821928872254909       0.90149169620142600       0.92618729053383142       0.86362133299935540     
   1.7851672441190788E-002  0.59041579526218324       0.11561073097627476       0.31203505691072220       0.27671771556464531       0.28912233718224534       0.27862245136221853       0.26615830364905452       0.84196597254752481       0.28537629871381093       0.38158044361246424       0.19474352081397189       0.26539290994947978     
   1.0469114429194222       0.85827664939273729       0.82450301010819094       0.89091098333162977       0.89550128178684119       0.97744789319613856       0.99987705504855973       0.79887866605852931       0.79033760597997649       0.99340341658835141        1.1406016399047434        1.0197535881332245        1.0421770839598197     
   2.1194160566028641E-002  0.60212097840608381       0.12333963637345015       0.32941399054277820       0.29040460659401779       0.30496760277550372       0.29385836594173159       0.28195379753567307       0.84840980154061296       0.29189959222902684       0.39469350829748578       0.20942136561046781       0.28053600765334336     
  0.82145985824954015       0.74178411994971827       0.93439562232321050       0.83213459959889891       0.84152022004060201       0.77760983664046868       0.89052011787181773       0.91480758346892155        1.0247039896856274       0.95431722477386738       0.97679764686256998       0.78758142212271420       0.92417141065048170     
   2.4898474183406120E-002  0.61271020410096644       0.13122126871528267       0.34620941779707115       0.30470864390149904       0.32065532972279276       0.30977083980928360       0.29872264212953120       0.85378375835646603       0.29863345883526465       0.40693113258571856       0.22370598087846763       0.29603243554800451     
  0.96520205778610524       0.90010375591456782       0.84943315268185893       0.97026808756305594        1.0367963896346393       0.89331968164508624       0.92527885507776308        1.0712618445385675        1.0822163808923480       0.95390036522259603       0.84511448619903484       0.89747847043541629        1.0513196622873027     
   2.9477985668029255E-002  0.62276631458104614       0.13959149766870016       0.36218519240109182       0.31944879027099399       0.33486917789142967       0.32486766226603486       0.31566870285993059       0.85892816663221971       0.30570906978114565       0.41875457817295869       0.23912401622825483       0.31344816468827208     
  0.98595054638042934       0.84087716874104801       0.84597417183077073        1.0219635797233286       0.92992253618155662       0.99463178962221321       0.92651108135824667       0.93119279330222493       0.99875293260991449        1.0460554935039308       0.79809998745794342       0.88268388448580948        1.0998294985656154     
   3.4826517570073434E-002  0.63330724008534156       0.14850779871496511       0.37790747555545845       0.33384940549162462       0.34809453240373400       0.34062982556619087       0.33202974479071784       0.86367380968781882       0.31258701406856321       0.42971631263564691       0.25458404086017028       0.32935741719095957     
  0.87209838746542068       0.89031730535124654        1.0860013277327272       0.87930909343581087       0.85093817312589126       0.79590786993851448       0.97465824411483271       0.99761998806734720        1.0522196276573936       0.88285597802732563       0.76757359160247385       0.81300257323431790       0.84903433928723016     
   4.0555720356802515E-002  0.64575452677478096       0.15814060667346261       0.39466472760615157       0.34781128634456976       0.36094973747217246       0.35695838589235707       0.34901599720935994       0.86812518017660989       0.31888236367106948       0.44042744317147009       0.26999347500245785       0.34390248072687662     
  0.85800696852712988       0.88449598415356134       0.82844729066497491       0.81030428641310837       0.87574057780753467       0.80460348271208626        1.0645435066957598        1.2532467002239016        1.0523051633855756        1.0444119890238341       0.83962258010470825       0.89092466764581679       0.89046991126750707     
   4.6481727609447625E-002  0.65977122396131449       0.16845127939759982       0.40967876251638596       0.36141939071667334       0.37359527278442539       0.37187780364254891       0.36576451806716831       0.87228561212401290       0.32475379871437660       0.45153778171171938       0.28674108681615285       0.35848977882554567     
  0.93299731138597319       0.99576086470987635       0.91517364853213112       0.82476454581817593        1.0774165549355155       0.87775637560797937       0.97228220795834408        1.0547809858987640       0.93141551425001623       0.84738535752406285       0.84004751233452701       0.92261429181863908       0.99185591006209017     
   5.2295307186474106E-002  0.67426683132443088       0.17932698903501640       0.42303210589781670       0.37651109337453575       0.38605211946059509       0.38525278614732689       0.38264263120372161       0.87641878702221709       0.33063341397464063       0.46225700518895202       0.30421437301949950       0.37154261365748759     
  0.80620184488970836       0.92027972735355079       0.99125770844806671        1.0414704296654020        1.0599923405927225       0.91041215691579047       0.77363904511076909       0.91988987410947287       0.85742775930376081       0.90270985418135430       0.78497185123579993        1.1132324556126083       0.84502022982521796     
   5.8761514847266855E-002  0.68787673623151191       0.18989225621756242       0.43691459444074721       0.39361673384949508       0.39874817352659586       0.39744250031284434       0.39819530741821696       0.88057231292814409       0.33695394579761617       0.47194572231001475       0.32147688467182489       0.38440836279918428     
  0.78658096993491511        1.0515674913412856       0.92518818598278507       0.79886291584232860       0.90267341607102636       0.79660790537293735       0.79237624022698794       0.87575496577689249       0.91819705554737596       0.88796913472698313       0.85812371121805042       0.92030640588434109       0.83061824903927550     
   6.6043298156379340E-002  0.70098096461061621       0.19942733544184196       0.45281625223425925       0.41090828309555733       0.41261490610452067       0.40959416283235167       0.41444874355192568       0.88483434565968055       0.34401456767781757       0.48197988535071656       0.33676453300410697       0.39855581972496651     
  0.98301215399567987       0.92214561661669359       0.96704339884380908       0.90622590621734056       0.94773353522198489        1.0329274508805077        1.0061495430731693       0.90719309172927975       0.80697078382139875       0.81724728082493703       0.77976515254838574       0.81950442312794947       0.84096804752638432     
   7.4482463485391198E-002  0.71369169310277047       0.20818559074595377       0.47148468744231403       0.42617757996342365       0.42600147741957406       0.42260981798180625       0.43045595955636645       0.88904612989981935       0.35172181794683532       0.49778600853988475       0.35176024435428183       0.41308677192418353     
  0.83768071505365282       0.97005777382203884       0.92451422898171465        1.0667363206584766        1.0611025516435768       0.83239116602918950       0.88410293971727416       0.95828178743284265        1.0598446999725035       0.97453293090523696       0.93214031718642365       0.95810453337465684       0.81128309734952231     
   8.4075924522386047E-002  0.72598966546579502       0.21723419625949233       0.48935626892324946       0.44088398086391506       0.43777927952514978       0.43698782280943310       0.44775768483892792       0.89300597874600673       0.35915959805471631       0.51247582318093876       0.36686345258557662       0.42945334137806912     
  0.80061581624949574       0.93849560283746969       0.84609368137661134       0.90987383956373002       0.88646683178940255       0.83756731627165770       0.86649948474646843       0.91740222650244085       0.99853274025531968        1.1372731655629365       0.97664868385416304       0.90854411559811599        1.0321261346253725     
   9.5421135018650960E-002  0.73719209426087640       0.22743605140180248       0.50623266823195390       0.45585228851509974       0.44910376479061831       0.45156382360680297       0.46478886647663398       0.89697712537722341       0.36637076872815749       0.52973515504310364       0.38217116517844996       0.44459619252480487     
  0.79583566803417871       0.89252111152330138       0.91476361398298256       0.86026531363705427       0.86964239009301936       0.79774879079750993       0.79472822887044170        1.0976704172824456       0.97646354269405966       0.86343645501084543       0.99536259190401011       0.74194103215958884       0.96343029955621662     
  0.10810839981069270       0.74929192910810338       0.23815106574343695       0.52206571967498072       0.47040852403610045       0.46087342072015203       0.46696655765223050       0.48172905553875450       0.90075988573084131       0.37318627329757637       0.54667464119300468       0.39761116993181223       0.45874572030542488     
  0.84702426229628935       0.90560666796055767       0.90643227024304018       0.93411761839288565        1.0484609748121507       0.88762854694234794       0.87549310549913895       0.94350540560779539        1.1440481492410093        1.0272695758639989        1.0327904240312824       0.90975186900641203       0.94181084313627605     
  0.12103965476099252       0.76020361815961079       0.24864516204052048       0.53455355209051381       0.48417693797664874       0.47446154723853329       0.48194356736228594       0.49772081213662051       0.90470676898311697       0.38033084690934743       0.56326855787172603       0.41385010043829523       0.47380476322800386     
  0.78270295766848297       0.92958588390526642       0.95803871988942357        1.0491821240119672       0.92668599860303325       0.92063559970495434       0.85345437271945490       0.96743218362718719       0.83927445101830456       0.87207860315657271       0.91738185831139596       0.79703717439121424       0.88936286727490133     
  0.13273821195912422       0.77000566167491646       0.25945500907819641       0.54887860557349444       0.49853769238104767       0.48983258930069451       0.49736148893187848       0.51212236605652528       0.90893198667351804       0.38634045875621337       0.58047497406046744       0.43066986482253616       0.48881012506119054     
  0.86681421518187285        1.0500944649908435       0.91431727563569953       0.73914754092220647       0.93801270837709105       0.91308955363770850       0.71682497877003915       0.79540762556525346       0.80776065538410535       0.92439370032956047       0.84122307263968465       0.81311583230293949       0.86340705208059410     
  0.14935261501788333       0.77971117237278920       0.27103185251303813       0.56321849427517923       0.51355074015347968       0.50721198270714818       0.51353258134458168       0.52560859498926726       0.91273456390650454       0.39264037748723007       0.59699163598773530       0.44779594983511933       0.50496496092809229     
  0.98435739882145568        1.1140583536270321       0.95558928790679476       0.91572159306295320       0.76138531675432175        1.0630181732724462       0.85083031242674079       0.81918206947211514        1.0661580730525271       0.82962557559033490       0.87161640536563723       0.99547969188345276        1.0053603851733892     
  0.16753944012181807       0.78943508117149108       0.28407209758610907       0.57767118546023655       0.52836479695019245       0.52373512894868146       0.52953612353720148       0.54043532905428693       0.91606949238506130       0.39942342950220200       0.61231070045220426       0.46497629558670273       0.52182942288694645     
  0.91369658746807458       0.97744861522797066       0.73943967986823467       0.99604302080342366       0.95275101116740746       0.76397738681205407        1.0304903187085896       0.94093102732546996       0.85216771384820489       0.95974530260379720       0.75011346206454910       0.86916330176993339        1.2179423816557686     
  0.18745088906508767       0.80034893588883382       0.29814320357984836       0.59539148133990660       0.54456247217665432       0.53978900896552040       0.54394835812175235       0.55609776377545350       0.91933021074195176       0.40561755050141629       0.62925754173749426       0.48218882755353676       0.53813518911529812     
  0.94362018220919042       0.94897897926894681        1.0404610178348708       0.92717803660119980       0.83936848444932055       0.97128981833053851       0.90147548257197607        1.0710147563924188       0.83712965685763496       0.86783478810328474       0.87073966078089349       0.83982522202838594       0.93900861659739854     
  0.20937697486491727       0.81158285671501162       0.31178608267702312       0.61155198492197527       0.56130443941744002       0.55573079956571414       0.55784762759308060       0.57223775501260399       0.92249647569176307       0.41259500881436562       0.64790333617850582       0.49969055819767055       0.55325079026942203     
  0.94504646355884658       0.91654524077170774        1.1411911184840793       0.87986296177961454        1.0020346908661533        1.0646950157823285       0.81278041086079200       0.82369924088785418       0.86400397398413820       0.89609789127348893       0.87579080353654293        1.0331133801571395       0.94883664727100125     
  0.23628892348178937       0.82195912421597073       0.32447673223766205       0.62828617614349647       0.57961496391885137       0.57146831509494889       0.57161751100271851       0.58808585665237723       0.92559935233997781       0.42075887829203990       0.66630690144647164       0.51778941071886231       0.56857201378707223     
   1.0928338081968134       0.90630922450514428       0.76404897974465491       0.81908867650015671       0.79853888807516560       0.96545903577676717       0.88989692148628696       0.89502330773370264       0.78444743325846600       0.86987016300920095       0.86959583741370550       0.93563260982164964       0.91697930975386399     
  0.27369142804759389       0.83162944637028957       0.33756779399105236       0.64492207819385106       0.59805357204595899       0.58796624787075025       0.58547190240912650       0.60225900653250908       0.92869496337701340       0.42910953465083568       0.68355554376408534       0.53572508540175290       0.58477288720915321     
  0.88369074989376750       0.90185761919951357       0.85420430982123974       0.89611339816972058       0.91964884096595167       0.81052179605940244        1.0133267470116729       0.79617910108792733       0.86989548490138080       0.92848178226324607       0.95893769404479012       0.96973137517549346       0.87419591349174430     
  0.32767318850641486       0.84079442797884085       0.35182905682540255       0.66183674694669536       0.61382812856320834       0.60293448516153336       0.59949001283675540       0.61600813479465921       0.93172218375112803       0.43756293463401535       0.70003689809846847       0.55457560633289327       0.60222029761137508     
  0.74998304172578478        1.0218300905583724       0.94151965591280262       0.83246487975365424       0.96516224340835921       0.94819357315767583       0.76075432620910433       0.88080317274477615       0.80140505858997568        1.0464190884085995        1.1157229627432621        1.1447027739445976       0.97897036306623564     
  0.37988125064167666       0.84967135343023681       0.36739656547713784       0.67878209975195525       0.62915717618791756       0.61849642037212516       0.61599209493319806       0.63002564040685172       0.93484505284789010       0.44620910494019378       0.71646163257204565       0.57299754991497964       0.61980336430811811     
  0.85637075490816583       0.92257844584993576       0.98614646636728165       0.90991391948202871        1.0828536495815897       0.94045569084334546        1.0039597748771125       0.88042128900853378       0.89981640130781626       0.98092557050675244       0.87439903392999463        1.0763254595696499        1.0242443176736731     
  0.43070437749013324       0.85825527385451805       0.38394566718544976       0.69618769082752907       0.64491662802799665       0.63495680117734810       0.63430914067874766       0.64522754212523659       0.93790148685755492       0.45487786819842019       0.73363408661055707       0.59083248439754854       0.63735622479355081     
  0.92002547358973685       0.95226802290978763       0.94783686041874415       0.77691309113477813       0.93430987811433519       0.90343391816657281       0.99708234147054353       0.88044153682259640       0.82124518048800654        1.0679572787375069        1.0092279270019269        1.0449732320984719       0.94078190178792309     
  0.48123077570056660       0.86639838510058542       0.40169271891854563       0.71300401095571175       0.66078833866009834       0.65246733126386491       0.65257148746431326       0.66208384293358113       0.94081229248154463       0.46347166614580831       0.75027184441636396       0.60836984936989358       0.65435612914652841     
  0.84929145603234757       0.80472438299382021       0.91852307154383084       0.98764655355642339       0.77855854577697237       0.88544658834758594        1.1798353996176576       0.99206085734348959        1.0668859744708408       0.87258022073120356        1.1002029153985067       0.96897010340400824        1.1492851553867178     
  0.52773539299516659       0.87424932560666713       0.41921456281021424       0.72836597096643074       0.67905368863543114       0.67088629754157603       0.67055393214209758       0.67867795066021930       0.94366143088365362       0.47224580480170397       0.76547776741198903       0.62195786253882734       0.67048291264359028     
  0.78562265292701139       0.81524483701356920       0.88729481519570530       0.96158469386852974       0.84074107993118541       0.89566535846774742        1.1078542146608543       0.96661662382226976        1.0102880794758189        1.0985894056029917       0.93811488916134522       0.91893468347181861        1.0010796707708172     
  0.57014083043374586       0.88198169857719055       0.43809488870032770       0.74371159231917139       0.69653964700273052       0.68846251484779231       0.68757861170448276       0.69438364662690077       0.94646316227028648       0.48121201507566369       0.78065698043706055       0.63637567008602480       0.68665760114684582     
  0.93532230335652811        1.0470446526009700        1.0024122913434126        1.1295740769275699       0.98860356243391667       0.94586697038937351        1.0415189263543978       0.95026501942249686       0.78856453525799197       0.90986652381196254       0.89009575799563456       0.92231379946666081       0.87355146537918660     
  0.61066565167442366       0.88961288580722975       0.45493128942535122       0.75892708580641965       0.71311321130398686       0.70181609249325472       0.70365410469052481       0.71011743124743421       0.94901957161326267       0.49074372981726355       0.79477518491849819       0.65043141202206123       0.70337671482490627     
  0.78928446915826900       0.90539984505605220       0.96139087552609170       0.98569845223246799        1.0027010616874565        1.0977679798232940       0.89426627815659254        1.1116353434129600       0.80795285695163377       0.84746708195879039       0.88854655874956423       0.88015106376614816       0.99281006948611583     
  0.64592751229253564       0.89708471785691535       0.47244018530181148       0.77390654434277129       0.72849432428552463       0.71429279207797769       0.71956634174691347       0.72699249802994204       0.95158719513509094       0.50133480173911671       0.80789966589803175       0.66533893976750036       0.71960061066066661     
   1.0367841375288327        1.0484879401518448       0.98998667126279283       0.86525270084247052        1.0390323191372544       0.67302729340420853       0.96683464929964846       0.94706880712238350       0.89669832901164970       0.95577831782410250        1.0347843473645533       0.83988701185756298       0.95547506977443697     
  0.67825995583555776       0.90440736969574897       0.48979264563344238       0.78848337690590642       0.74577430679251600       0.72786989644768441       0.73641221181143079       0.74322571479765986       0.95428719577324561       0.51247957443869407       0.82094742378569630       0.68060170043410040       0.73509338570267424     
  0.82269126533442860       0.85043267015056412       0.79295991210222960       0.96473264846726237       0.81946593175107496        1.0197328139187061       0.89443494655451516       0.98039670881811347       0.96580046956701981        1.0487810103016384       0.88608988255581500       0.88670338832968021       0.92134368524710264     
  0.70830251842027891       0.91187328779095300       0.50778166876096331       0.80270723085485685       0.76367662132485470       0.74195734534147562       0.75381159642614071       0.75817224815001549       0.95707638220019442       0.52321180804115475       0.83445353565393798       0.69501050739337533       0.75060741149830013     
  0.78152531176040874        1.0223139871915907       0.90178530363674236        1.0468301115342873       0.82163832497564837       0.88933034570672254       0.95937224849251423       0.88048414673332798        1.0008667398993962        1.0653554031360946       0.91857816540370296       0.98686809347612547       0.79925114854126311     
  0.73728893096630532       0.91946865387821453       0.52625095339194639       0.81655595746333087       0.78039514975130397       0.75945551102161191       0.77079022119972240       0.77248900450223723       0.95998845616849937       0.53389166850373937       0.84862848873930552       0.70997311394776719       0.76754995818803839     
  0.88982591831330127       0.91187028775564227       0.98654512035464625       0.93804252065623372        1.0470325950022745       0.98492718001755097        1.0059366566125281       0.87427912700397303       0.88575910627027210       0.99207961232969610       0.89027723749402377       0.87873389838242200       0.97336166920696787     
  0.76641197618946011       0.92653725033981982       0.54715753266754419       0.83035884727236142       0.79602755673459613       0.77499629785434776       0.78716067967032610       0.78973496289992029       0.96300055388869044       0.54405534368887132       0.86319956401339892       0.72682267221885966       0.78598511293370199     
  0.97839220150582340       0.83583240573607254        1.1123872315853220       0.89384366326242304       0.94034759214428465       0.93005337813898392       0.90622247986702220       0.81669334280123784       0.88340833315389722       0.85678461856246879       0.98534394345763643       0.83587373183642433       0.99484261184610279     
  0.79422275919268537       0.93289595838308637       0.57030336203077581       0.84391512406966129       0.81039957697309761       0.79092139007311357       0.80362495507912957       0.80812161530449744       0.96594820227547917       0.55491820051878893       0.87640157698888199       0.75003484886575478       0.80430503061319492     
  0.95219816072291319       0.77833076914492527       0.90668766854211968       0.96835640495088848       0.88899367538114282       0.96020807293686372       0.96671006905951573        1.0666101812909066       0.96028757686501109       0.88816154611732112        1.0024103176991628       0.91173596864050899        1.0085098271356590     
  0.81918841214428961       0.93955455369132368       0.59319573846810036       0.85632225619250180       0.82565309275580168       0.80741251551259408       0.82043456675222592       0.82558770014142291       0.96872500478860712       0.56651788781437218       0.88923166513334984       0.77150159701855880       0.82243887198479793     
   1.0359310810445601        1.2437392623727452       0.90259704933773843       0.93691196396121146       0.91799410944480964        1.0352938836764596        1.0297067355561123       0.84681234405123196       0.88822873196269103        1.0309186762533349       0.99466803476031029       0.97414725588966034       0.84847499875332422     
  0.84053027387537094       0.94560014539001791       0.61664562513387433       0.86947970077012404       0.84592106117979460       0.82559139926706127       0.83720306046858273       0.84173179452621294       0.97132817153217776       0.57896283766227419       0.90105081515144259       0.79206846269827480       0.83937536668768842     
  0.94501946128920999       0.83988856750526542       0.94842500115207595       0.94575273916698743        1.2205283424471394        1.0443351502598528       0.94509073131892296       0.86165446264435053       0.98934103666639306       0.84012039606272026       0.89391060367580488       0.98451673117492788        1.0303043197794808     
  0.85911581933609316       0.95082522617720922       0.63965392710608016       0.88315467251648061       0.86527332372636701       0.84297839431522092       0.85435634916385794       0.85698419457457964       0.97386521026623707       0.59227785789582121       0.91162870285843056       0.81269733497839736       0.85601877899910794     
  0.87024080893386924       0.90692857777924218       0.82048589189529664       0.97268432957618878        1.0818598316655530       0.90454628815380866       0.86065254470941477       0.93564557511837310       0.87884836271534283        1.0915059932575595       0.90261838713642517       0.84816110679232193       0.87097858964958974     
  0.87651951697839059       0.95562976252617837       0.66470034726202631       0.89701382629028148       0.88066332480326359       0.86040813107057756       0.87092558050762714       0.87251593779784431       0.97651218622399005       0.60642962896130026       0.92112959971156572       0.83604526280035618       0.87194425289936506     
  0.81209630675012745       0.93586948052363039       0.83320662981518578       0.94205978168201221        1.0097358972923440       0.90436663873550116       0.92052588965746374        1.0981692836937276       0.94342906194776111        1.0095781729993547       0.86775103437515599       0.87654136325576948        1.0159491407361054     
  0.89278594719949167       0.96030095218073563       0.69449251434588910       0.91004792134131240       0.89739955566568219       0.87688435658098374       0.88856486933763634       0.88877096653670751       0.97883764642590754       0.62129359590593081       0.92996626829241924       0.85371717734050556       0.88896496813529757     
  0.95464150876091458       0.96467870027959290        1.0742601086867092        1.0225092016185722        1.0033936987256336       0.76530085989001095       0.89079569085698096       0.82696768760246020       0.98388581511127571        1.0174712285811889       0.97511311924026312       0.85674126669609540       0.85056863195843579     
  0.91055540424888159       0.96500443106203659       0.72416695578638324       0.92270696453803747       0.91128290969527059       0.89299966790846741       0.90506888360725912       0.90612909712896594       0.98117600941953609       0.63681479063084623       0.93884635778170211       0.87326019963256973       0.90588269438058244     
  0.90254656770652408       0.86888962798277236       0.81878434449774007       0.99343918212501592       0.84766934802673022       0.99838554558106163        1.2201592834379438       0.85298690384569098       0.85497635837188890       0.97140421226160756       0.97593198140216142       0.87808138812528158       0.96210384955360750     
  0.92782241618568972       0.96997827439321438       0.75453362617811948       0.93566817460578366       0.92101765059796259       0.91067283208503247       0.92288634892156884       0.92395938042103776       0.98350475030704387       0.65346404258546387       0.94874622627509564       0.89210217680597659       0.92255259854626204     
   1.0162113086875857       0.97452484404261730       0.95203588255789551       0.97307522697661641       0.81254940944753273       0.92280527878703589       0.86485279537811888        1.0407693294441802       0.95152132793678224       0.88760505679515822       0.91876932833848113       0.85935287401223270       0.91441833125895644     
  0.94288085232870200       0.97544443336290365       0.78812837366983635       0.94862978093036199       0.93462147216297675       0.92871082785944525       0.93861372495059470       0.94030786914115150       0.98586343665267639       0.67163728763005426       0.95906074599157731       0.91169388590816869       0.93762153877566590     
  0.84814604935699911       0.84566709794820272       0.96402537652294051        1.0202446358952206       0.97532231342460285        1.0157096380576716       0.95101406016316059       0.98333438348176505       0.87705734648907174       0.81797711537725881        1.0743899497721623        1.1026193363205035       0.80257546925874024     
  0.95661405572596137       0.98109370558385456       0.82473891721644410       0.96189737822935162       0.94831066706032197       0.94741033392643115       0.95497090076672719       0.95470539100365137       0.98832677139467351       0.69239503738140351       0.96882838143014882       0.93297497146974928       0.95221754017156379     
  0.79799999538325828        1.0224364479276176        1.0521280240465496       0.87230071383200480       0.87229061059444446       0.96703399977523752        1.2471666413750313       0.87635963892792668       0.86722824229902307       0.98006571793126673       0.93455487777460866       0.95453308721418417       0.89735624468850594     
  0.97043165289913702       0.98746523122981933       0.86842085840553784       0.97511706108783669       0.96276417445862272       0.96553935825396986       0.97124159130201915       0.97020236900144852       0.99130072602495722       0.72093149983612437       0.97967563051695461       0.95550961951586033       0.96662435706386873     
  0.80097216106342306       0.96863090082915126       0.85841031116800071        1.0100200029773756       0.91402733961687754       0.98862393274414517        1.0244764796474806        1.2567217052322535        1.0199203750137260       0.78709424202077005        1.3705261278511125       0.97811927305939372       0.82014040148276091     
  0.98487714438032203       0.99310994060032465       0.92416106335130288       0.98763059218685112       0.98109240857106184       0.98313538579297499       0.98601641206934654       0.98540667244454583       0.99505031624749929       0.77778836573327581       0.99008011810075358       0.97744969191305808       0.98270591018031561     
  0.91595508600705544       0.99908878498989417       0.84352655112876707        1.0641511542131332        1.0139327377423091        1.1840524541399078        1.0460198426195040       0.85017774081553288        1.0800994215430637        1.0145423952222330        1.1373471953237493        1.0133933807776876       0.91331257945683031     
   1.0000000000000000        1.0000000000000000        1.0000000000000000        1.0000000000000000        1.0000000000000000        1.0000000000000000        1.0000000000000000        1.0000000000000000        1.0000000000000000        1.0000000000000000        1.0000000000000000        1.0000000000000000        1.0000000000000000     
  0.89651517428467742        1.0914629010426904       0.89465700128531378       0.93536112557910034        1.0273691320288250        1.0045990099690671       0.84296290454746026       0.98062231438282854        1.0875230934431839       0.74777314353117619        1.0787796025952965       0.77406805800163614       0.88634310535047567     
  -16.360661218618120        0.0000000000000000        13.753407557145993       -5.1421891285848078        8.8970647087724402        3.1240117257444227        5.4990274939656416       -2.5021042466419936        0.0000000000000000        19.547443355862303        5.3058844109435981        7.6496439566427679      -0.46316060507192430     
   5.9610496368583492        0.0000000000000000       -4.3057093505795070       -19.673694130133114       -9.4429443595362024        1.4401831717028208        4.4580393719132410        1.4186015311482481        0.0000000000000000        6.2827034948372118       -6.2151012736264084        1.5798719745600991       -1.6912939095140715     
   4.8894106392903200        2.0864774544727438       -3.5100455711133991        4.8273109991269134        8.2256376052009283        4.3684629115133431       -3.2383310855143628        1.3436319717630778       0.22110038365631010       -4.7451755412783170       -17.868715264849538       -6.0860556784067130        5.6805987678353951     
   9.2549442991531219        3.4230638656834786       -6.5027997552423766        7.3995360773975118       0.54293030717716251       0.12578287249906062       0.82632134654197764        4.7404131786260901        2.5191844512795627        5.0744252691823162       -1.8953844900583685        8.7629993813129357        9.9657438738367379     
   10.013541116449709       -7.3066712132719864       -2.0401208288892017       0.89475638006755742        7.6918097818494848       -3.9442010400253236        5.1206090585524180       -11.258841241181869        7.7339051030969284        6.1462877585931679        9.2220452362959513        4.0215196198850371        6.3785662312772535     
   9.4613113010563197        3.6010316328960328        2.6774848074377506        7.5022674120351249       -10.787932625323885        5.3874622329489021       -11.507028770373898      -0.34967791387223635        6.5959445588169761       -6.2659509391727344        3.2128953050249494        2.9462008733194622        1.0263580587752172     
   12.242127167490947        5.9462986367217683      -0.92644648734794988        5.6674669923839005        4.1172770875844789        2.8261371879647910        11.278354451505283        10.576916497505390        3.7264095389020175      -0.85622105989076924        7.9177065636880783       -7.6554335585598858       -9.0794504806814391     
   9.8346850574428792       -8.8690361382549181        2.6554680212077995        1.5879896208320434       -12.603106760863701       -7.8199869235500286        1.0843584429916511        4.0635559160361758       -1.7977022895102011      -0.82992229872520462        4.4433744611063979       -1.0140915018199164       -1.5590589097411778     
   4.3078551520665037E-003
           1           1           1           1           1           1           1           1           1           1           1           1           1
   5.3878813394191340E-003   1.7770736910306022E-003   1.5031208965086644E-005  -2.2082010344982055        1.0472500122386436E-004   7.6329453787189325E-008
   1.2637151276021055E-004   1.2639200129340163E-004   1.9818742836697121E-005   1.1432376816541869        1.9816666196124218E-005   1.3773199345604743E-008
   5.0000000000000001E-003  -1.5434209143614874     
