   0.0000000000000000        0.0000000000000000        0.0000000000000000        0.0000000000000000        0.0000000000000000        0.0000000000000000        0.0000000000000000        0.0000000000000000        0.0000000000000000        0.0000000000000000        0.0000000000000000        0.0000000000000000        0.0000000000000000     
   3.4484103415763112E-004   1.6756010064524034E-002   1.8858215932557553E-002   1.8806235526590890E-002   1.7298088440834827E-002   1.8680550072743777E-002   7.0807059810025039E-002   1.8077281122587014E-002  0.26749225807597116        6.9927048215216017E-002   7.9653023583717668E-003   1.9324063131486768E-002   1.6545235094709156E-002
   1.6293188843125901        1.0313244306493070        1.1644771253391644        1.3542042474453020       0.93704240113859738        1.1192475252985616        1.1425263777187318        1.1752095105236888       0.88832666091075996       0.89456480083681644        1.7540236150900308        1.2516537579287845        1.3333178605574048     
   6.9659977987038583E-004   3.2650971143048269E-002   3.6332096926962140E-002   3.7626359470931695E-002   3.5538024741009054E-002   3.6256108169147920E-002  0.12286579488720498        3.5411788618075105E-002  0.49593960076690918       0.12505456219003019        1.6547944217720677E-002   3.8279704069306975E-002   3.4888228799616894E-002
   1.5235749479474063        1.0975087762993807        1.0651269166708928        1.0959229890176994        1.0552574849063519        1.2330016107865294        1.3682535184589266        1.1344701840554672        1.5420412731018898        1.4522424022134861        1.1953187601700164        2.0663516969840234        1.0651857396794000     
   1.0608092266678030E-003   4.7483208411342744E-002   5.3193713445396591E-002   5.6014975430952282E-002   5.4845823719889629E-002   5.2835093129802425E-002  0.15434151206685601        5.1104914474479603E-002  0.52899741579240267       0.14221553647451562        3.1702937343303872E-002   5.4419690187030877E-002   5.4468049039994158E-002
   1.3647457394080937        1.2481835355176818       0.97624623767295593        1.1983556855562045        1.2588584893903922        1.1021457286729088        1.0636719414651559        1.0719273550532193        1.1380601739525478        1.1509914635901228        1.0683642067196961        1.2517445754316674        1.2562702130653751     
   1.4489505788156290E-003   6.0942550961755909E-002   7.0804006296273245E-002   7.4009615233654819E-002   7.5998708664413300E-002   6.9571802708938757E-002  0.18168362558360857        6.6930806267502099E-002  0.55472461735972922       0.15699049663892770        5.3435690743208863E-002   7.0156523394690612E-002   7.1750970816147133E-002
   1.3667724682516638        1.1543958681536575        1.1961798458665460        1.3210247469374001        1.1114761688842500        1.1685805117335748       0.99780845601199031        1.1707667438933587        1.1647356728561780        1.2982388780089014        1.0380084158801763        1.3126499210199676        1.2239988035759282     
   1.8618466308265955E-003   7.5909447094179155E-002   9.0398215974337434E-002   9.0101359582223664E-002   9.8578948252145249E-002   8.5917810239757184E-002  0.20664073945207115        8.2773458799474203E-002  0.57177536313534494       0.16580887876361314        8.1365716484659234E-002   8.5230227409131720E-002   8.7547458834630901E-002
   1.4202789819561825        1.1307568010971150        1.1763774997177354        1.2484253722701271        1.3287789985131573        1.0232855907180995        1.1167206634255586        1.0637828624117414       0.99894884761634906        1.0345396474203472        1.0755371951493458        1.3562840923142252        1.1086415027745986     
   2.3201699654932795E-003   9.3843897176625460E-002  0.11160121073968228       0.10633052983226556       0.12146639098436014       0.10127421852747252       0.23405938216490824        9.8131024600484437E-002  0.58669138654079012       0.17399388000483096       0.10673027632659324        9.7493907090648882E-002  0.10326883527417799     
   1.5063734076361843        1.0652172898527774        1.2632585399961311        1.1602909510930193        1.2101831843818245        1.4181004408231126        1.2425859507226378        1.2426023728943958        1.1657101097955742        1.1603753773245378        1.0004848063987883        1.2574103075904481        1.0779514029271284     
   2.8363327164799635E-003  0.11343933122641767       0.13307266180744573       0.12008645106241632       0.14256599393045680       0.11750725352340363       0.26042834714023139       0.11311884067589488       0.59714825031070606       0.18336515411369389       0.13048459557278413       0.11095763102775209       0.11986039290512973     
   1.2301497755478570        1.0481848497903268        1.1868834823811854        1.0006685841941909        1.1375573381043402       0.88363339283938591        1.2738103071488596        1.1230843352209126        1.0438015287463527        1.2641322746250012       0.99590637852386676        1.0834176711405197        1.1874672854611843     
   3.4090446974899208E-003  0.13099403857025216       0.15528618478839112       0.13475987582727728       0.16083718243600953       0.13299608934652729       0.28393434637928705       0.12768255050542762       0.60703373087436652       0.19214843162712952       0.15955907215849291       0.12590599257365570       0.13920228001830623     
   1.2351721905803887        1.0939221213778891        1.2518202703820471        1.1271638964736026        1.0908618075960950        1.1239604742747689       0.92530240908874439        1.0311631588756396       0.99626096765478189        1.3378122045385017        1.0331254507116487        1.1463252193161055        1.3435605850320951     
   4.0363499421665018E-003  0.14682610896211579       0.17762238726852062       0.14922538025663293       0.17844743284748035       0.14945807962743377       0.30645723094457816       0.14228039963196595       0.61967777475943542       0.20012486848245536       0.18505987242688565       0.14140296378899656       0.15957542101194211     
   1.1968117908017419        1.0020207220289636        1.2855001068108491       0.92827004063394103        1.1604326616448917        1.2255294187856089        1.1897595009823356        1.0966541255406612        1.1637237380348622        1.1523328206168162        1.1055285893517544        1.1449704062404105        1.3120306902659746     
   4.7160404020167683E-003  0.16078788923750831       0.19828441457130053       0.16488424520910686       0.19504537299951899       0.16672679248205841       0.32806896742556491       0.15821831952140733       0.63448018598768485       0.20708685257353118       0.20786382345964180       0.15664922337330478       0.17834911391853983     
   1.1706322686920398        1.1407088990204202        1.1489048513175741        1.0108627657717959        1.3229844472234975        1.1528524528672888        1.0431660018595967        1.0565841939631773        1.0853733082886838        1.0439500667397030        1.1081315941702390        1.4399424490590971        1.2753909811910356     
   5.5431017606240628E-003  0.17582583202161026       0.21748746320472534       0.17959177575709873       0.21115596539582876       0.18374827409698419       0.34897093895681924       0.17512762503226548       0.64757394720267258       0.21352027855789921       0.22867914387190177       0.17131287787203911       0.19618063094660135     
   1.3074611412286403        1.1458042191988678        1.1114890776466140        1.0980453277232884        1.3221608097809434        1.1591807831542857        1.1069692542136678        1.0140408468059510        1.0959409644844063        1.1042640727342863        1.1798896137693435        1.3450076109894888        1.3374476318509998     
   6.5758652617935159E-003  0.19190772512606935       0.23500452188496196       0.19537291929174386       0.22685548180000359       0.20084671333443402       0.36851811224629638       0.19167301206266127       0.65939490347053231       0.21948324454682855       0.24344421044001777       0.18415570262602610       0.21386437174227182     
   1.2955251463313426        1.0727719554885213       0.96783535468717097        1.2953800889589773        1.2447028286963917        1.1060141021968888        1.2294936388298556        1.2331253379591782        1.1959619165370470       0.98465290876683809        1.2958081649546560        1.1779925809282161        1.0852825410469280     
   7.7192321781991416E-003  0.20685041224172826       0.25105261023948283       0.21189064045684020       0.24352670369115059       0.21791526077837151       0.38878652244282330       0.20734267760895386       0.67134534543217073       0.22584085367950929       0.25881063200394494       0.19574735199950744       0.23252968743157643     
   1.2343987490638597        1.1614472542778385        1.1309436949089504        1.0179429728368883        1.2534719844863909        1.3204414478058955        1.2257000432786942        1.0532373325736051        1.1048101534577131        1.1883234930920474        1.1090985346341005        1.1219492064037511        1.1638618358403954     
   8.9380576999563959E-003  0.22168481743237753       0.26529759170798023       0.22888871527234791       0.26025273648157543       0.23750898277398283       0.40531102080896964       0.22328435825368734       0.68323245210347094       0.23221031977454717       0.27216364172131319       0.20780592046883259       0.25223285935379325     
   1.1487796189316644        1.1610479603086936       0.94749698548856731        1.4606363053100622        1.0403235036770415        1.1887517463643873        1.2816257564263664        1.4005770524309100       0.99311338675951089        1.0996167363938198        1.2886333858710246        1.0514534017636383        1.2795877219344582     
   1.0242690898574941E-002  0.23713714814901513       0.27919197260460488       0.24719300730495375       0.27750922719909488       0.25537554779161081       0.42203396616807332       0.24185223220732771       0.69386351591831041       0.23861247134567776       0.28445772785075502       0.22093314939290606       0.27054986503363848     
   1.2038221225967809        1.1067814938651228        1.0311911722675768        1.2514597325634942        1.0164443921669868        1.2546089309544635        1.1718869189012870        1.1589057378817638        1.2716322323999056        1.0983981834193561        1.4109484740231453       0.96348326686905628        1.3521612492872408     
   1.1711843374516695E-002  0.25329539099645210       0.29709856229763015       0.26457223358022830       0.29001238524734502       0.27159218079354763       0.43944475824121931       0.26042035623733384       0.70391231376774099       0.24510555436060896       0.29719431424255871       0.23506148299289450       0.28758862133166141     
   1.0493976000584131        1.2000922655346569        1.0547594931844289        1.2677617622682900        1.1727348566865463        1.2786382459589110        1.1024619452086879        1.2328024058602380        1.2336702671060036        1.1365348072089978        1.0067460469151788        1.0980536425253318        1.0348377841981877     
   1.3562130729947587E-002  0.27096677753210197       0.31572797763581983       0.28273833540892279       0.30156486186163395       0.28765046417670986       0.45624749111468915       0.27797037436367045       0.71429797035400489       0.25127199364433195       0.30961416996211327       0.24892313162932561       0.30123879802130493     
   1.5015390576038452        1.5962294376874824        1.0758408342642845        1.0111969724084726        1.1557501031304649        1.3493397080430021        1.1512335167686274        1.2693720573550114        1.2555956376979105       0.94999550217254791        1.0110018109655983       0.98185570227601504        1.0003392137247995     
   1.5484256454527055E-002  0.28779626643318285       0.33551148217781263       0.29978705424087299       0.31175913986584397       0.30452811837903476       0.47429301730404122       0.29418154876317382       0.72458533225202360       0.25741976333514377       0.32288654903050928       0.26299872156871612       0.31634956463012137     
   1.2239316302535126       0.98542986900426199        1.1644894194834849        1.1582980931692661        1.0949434887770755        1.2694435042166787        1.0970618866964224       0.99726867529707808        1.3338334060979307        1.3823984303668930        1.2826664707644142        1.0095539416146215        1.1681537237643418     
   1.7537607429406146E-002  0.30384014427220080       0.35403064087119573       0.31510848742677788       0.32540356011199140       0.32149573604091281       0.49188481823790625       0.30856193743574978       0.73392858851754983       0.26350623767011749       0.33672680025001145       0.27652342555565729       0.33133378859691082     
   1.2426830257947437        1.2422040388447377        1.1737777663963405        1.0011885798072622        1.1101811872678853       0.98906401402419797        1.0806795725717406        1.3977816158384959        1.1238981292038803        1.2588682881148112        1.1653289011199259        1.0664298153605931        1.0738521230062550     
   1.9871474675657849E-002  0.31953024591789808       0.37180414820991681       0.32951949313818718       0.33776887891160451       0.33877596887012040       0.50767742003430105       0.32250072125086943       0.74257556886309928       0.26968002568664906       0.35052779648722132       0.28868002014685479       0.34586473729485068     
   1.1545813571149395       0.96112046955767205        1.1962772093102010        1.3390963974780048        1.1171531904969609        1.2827397679244070       0.98755066308981565        1.2731279258709625        1.0744259885265224        1.2407546241010652        1.3650433442042762        1.1162730073899136        1.0081963848111464     
   2.2476731452697175E-002  0.33367771633735072       0.38952213747225684       0.34307600582604247       0.35014311349949495       0.35610363837171605       0.52317931233855119       0.33686588774381976       0.75170690446351163       0.27573964003571483       0.36443313083935641       0.30097081297770023       0.36039842390648330     
   1.0152882877517655       0.95946692779638221        1.1186786071262396        1.1621334760506155        1.1117556461618479        1.2792491282602065        1.2342655197581602        1.2004685571246707        1.1187965626725962        1.0759971285676109        1.2162555023804991       0.94885262307610518        1.0543450003334500     
   2.5290757979131516E-002  0.34713389761733493       0.40881384842759461       0.35706973751398680       0.36221916442336488       0.37180402552764202       0.53682283037230827       0.35123647224535059       0.76125670388797140       0.28148874368680377       0.37875297669711006       0.31438019348548873       0.37489380816633744     
   1.1802962586195527        1.0068144089589177        1.0825259992777092       0.99719384034850345        1.1567154119826590        1.0481148080970808        1.2884601472422976       0.98695430901476056        1.3096308599560591        1.0893121811197903        1.0366807665589679        1.0219041495816141        1.2066435305268148     
   2.8403232625272834E-002  0.36102752748838762       0.42887892505024622       0.37232949061063481       0.37466273738628403       0.38666416901918121       0.55045194203068393       0.36691666586163524       0.76959945950002950       0.28701596812758745       0.39263248797575395       0.33032430372893951       0.38877657399224830     
   1.1107155048136990        1.0243075224680915        1.3311570794641900        1.1848707342825673        1.0220517989918199        1.1155853837730534        1.0537673574110709        1.2803682646321315        1.3477940083919155        1.0045095945396230        1.2784223836708846        1.2706157430937626        1.0912368150606975     
   3.1956121872281938E-002  0.37641138154830506       0.44832415853677210       0.38850278456005222       0.38745726320616364       0.40153109455367059       0.56403796092053138       0.38276204634249655       0.77665996567782136       0.29260977904723706       0.40665445393613042       0.34804120268215516       0.40155167236320216     
   1.1229651602534700        1.1612876297558912        1.3315615908006524        1.2399579556329301        1.1330450611336433        1.1540518287614605        1.1545795991777410        1.1262800093643937        1.0526208679704525       0.99848479367428855        1.1875272712662392        1.1692444456075142       0.96066640321608532     
   3.5958102431197937E-002  0.39247049803854245       0.46693640977505624       0.40554321298911433       0.40005975151823037       0.41645779583793241       0.57830465391300367       0.39783571753259567       0.78323943920853756       0.29849381429125393       0.42112769004518003       0.36538119615993969       0.41421007725426234     
   1.1222456635885296        1.2930629601750281        1.0737224867050843        1.2957839488368876        1.0141691258175558        1.4272595646166715        1.2559670444414361        1.0008637313223017        1.1572859916941489        1.0884198666767018        1.1435995761347233        1.2991567980065040        1.1897472761529257     
   4.0385379179359443E-002  0.40844612646808304       0.48519609167393996       0.42293929475029723       0.41300079404170870       0.43245916684402408       0.59360596938842147       0.41287244224937825       0.78952545889554382       0.30428968370080156       0.43566423390452363       0.38195969952724884       0.42756767242873289     
   1.1761250643764534        1.0768695254589120        1.1177143559676894        1.1720155005892707        1.1282079208713685        1.1233730570392948        1.1017428073255944        1.1275595057685601        1.3100992556248154        1.3098385191886572        1.1047919281436538        1.1033289498751404        1.1882375271529535     
   4.5182906290494075E-002  0.42404349980968331       0.50347473161617673       0.44106905750081576       0.42474040323796541       0.44910040983351485       0.60824364087714688       0.42879108715459008       0.79585221422573293       0.30982168617247602       0.45104591978892195       0.39794258870535065       0.44102458825292873     
   1.0402029858982840        1.0898070973809966        1.0756262061530899        1.2028777670642967        1.0319752321912272        1.1409533434816759        1.2195038924057635        1.2524687460523101        1.1382979755260216       0.96258507321970910        1.1862015034780458        1.0418759750694000        1.1967617031800399     
   5.0116805502199005E-002  0.43953734740551820       0.52152473962976442       0.45830813338755672       0.43580935171310203       0.46305329412623919       0.62195995309017504       0.44483414084939599       0.80208119495452390       0.31579069884532046       0.46667566040877884       0.41384070617769947       0.45428920795119149     
   1.1867205617881755        1.3372134998564795        1.2444825867800045        1.2163265105238910        1.0326318210666021        1.0565068674844575        1.1456754369249564        1.3576167244992123       0.99841306671960262        1.1866060483368779        1.2050933894700637        1.1476361320521911        1.0651084815170722     
   5.6162030551909360E-002  0.45524093307200619       0.53963448175722784       0.47578955303682408       0.44627910690213729       0.47722691065888623       0.63474076577211802       0.46084812958597227       0.80828088354107064       0.32196125291967914       0.48169453216389874       0.42960824433720973       0.46834588922414805     
   1.2342507724535918        1.1378694823387665        1.1219312715816230        1.1897430461930378        1.0718307015316326       0.99630128737592905        1.0065821279733971        1.0312961277823687        1.1956012163552694        1.0489203717823545        1.1871576928229839        1.1312526830525680        1.1429759966252846     
   6.3261612809661000E-002  0.47104191279388891       0.55721751211080328       0.49328792552084927       0.45692803660885989       0.49019396959781919       0.64766797179327329       0.47698621052565038       0.81460693257175587       0.32864143440049098       0.49648920242787092       0.44570043556698891       0.48219546415420478     
   1.0728259386182952        1.0631617112624712       0.97444137795317742        1.0440393289454322        1.0165964609732197        1.0211683047248776        1.0698667589920534        1.2411223688183570        1.1904572675056055        1.2091931292221199        1.0146321306497952        1.0970825307535221        1.0102038194155256     
   7.1557835857752036E-002  0.48742112830514611       0.57408145232687802       0.50912000930774481       0.46808624798783433       0.50458119833311776       0.66047868821701672       0.49183334534529960       0.82088388315077965       0.33584965736484618       0.50964936364704649       0.46110253770106779       0.49518564882774824     
  0.97311401818994425       0.99348608338032063        1.1763235212505323        1.0784133201638293        1.0671684611832728        1.0527681519836751        1.0713387570202768        1.0694118516413529        1.0997146951643619        1.6128389378068297        1.1832526816856557        1.2398314726244968       0.89617550672764712     
   8.0797700698654690E-002  0.50431839226208519       0.59078997044690307       0.52137759894747981       0.48098748274324715       0.52211227669591986       0.67491569023434850       0.50652536848198404       0.82687417441369693       0.34269452861343125       0.52443925310730144       0.47560571089290837       0.50775746825299450     
   1.0103987024867953        1.0486554565394695        1.0723051901513962        1.0573403403817931        1.3158315630813151        1.2339216167564189        1.0491652525652952        1.1154266178220416        1.0398560028699704        1.2278958896321253        1.1642386233401545        1.1594457485357406        1.0934503977320091     
   9.1029611745528524E-002  0.52123183943038964       0.60692892172072921       0.53389841258953963       0.49473584788935265       0.53956748016959510       0.68826424166871125       0.52160345818508125       0.83289070524609576       0.34932729431165355       0.54070628106586771       0.48969781204790724       0.52104414702811308     
   1.3030301633179140        1.2443501487463995        1.0461358914184058        1.0314665220395132       0.95843051540243807        1.0470546721023390        1.1114881581206630        1.0880650171473818        1.1753858397811376        1.2391298633403127        1.1509833018020037        1.2688100838444853        1.1904480981923493     
  0.10251842793828289       0.53789582649760426       0.62261464661399368       0.54605958349178141       0.50801567047633600       0.55615021804620113       0.70219409990504844       0.53691386073453728       0.83899566784956170       0.35635639013202752       0.55715883162697644       0.50344949567837205       0.53455614472297952     
   1.1008203477573995        1.0269891831043851        1.2487481118553305        1.1800722901689056        1.3385486240650735        1.1808199312615568        1.1192415002791893        1.2199173336229652        1.0374159368228302        1.2834190118388400        1.1796214197500867        1.0788239929497438        1.2029094150190747     
  0.11544423111159674       0.55401751583947711       0.63809333511520738       0.56190170711245346       0.52107115052025088       0.57266891574510848       0.71575100687333837       0.55281783807693519       0.84485676394968190       0.36296619109668871       0.57420799626894004       0.51675555721655198       0.54733849372318522     
   1.0854595869174801        1.2022789279368160        1.1831865659444758        1.1283466526973567        1.1876042585705695       0.95577906180944361        1.1974665653380636        1.1346245143875719        1.0585068378428615        1.2258609780557661        1.0140964248081938        1.1291918761864310        1.4685414948927389     
  0.13027460211685052       0.56981696603785204       0.65360063878489327       0.58064614876879339       0.53477225775215831       0.58899082096199040       0.72827077041690502       0.56900463739135898       0.85037222798147516       0.36951052396071360       0.59149525557806326       0.52846948858573506       0.55952539130963452     
   1.1395871687168642        1.1958666894666636        1.0866748136578035        1.1695358390969837        1.0435768373842409        1.1862102086779436       0.97215414825162616        1.1431287095951226        1.3522452301913921        1.0548164536906102        1.1401732774038098        1.0754650448473377        1.0072551750221042     
  0.14608992910198160       0.58558235118989055       0.66941815455850151       0.59824834742617450       0.54927367979897301       0.60478113344239071       0.74059928250436857       0.58562437095970532       0.85568180865757382       0.37713167553790705       0.60853831044653550       0.53919837088328448       0.57200694004767283     
   1.1226375199150505        1.0250785777031863        1.3482471395331166        1.3724928269540644        1.4510677832808916        1.5266772515452269        1.0964478713381129        1.1618375789162758        1.0679905230483113        1.2805937988908636       0.96992872651155315        1.0227894322417139        1.0556667908551880     
  0.16347838926407260       0.60133136738825499       0.68506954327237379       0.61440466465279475       0.56368612055429745       0.62020808382777715       0.75277604518979147       0.60052366971889282       0.86083146215348960       0.38533830849632100       0.62565422242548174       0.54969927355449355       0.58467890213327067     
   1.0518236884940868        1.2820525098344777        1.0523492278746354        1.2169839003241927        1.2375568809230377        1.2133091339971176        1.1974783340108495        1.0758884716741042        1.1494523234581686        1.3854167152149006        1.0425367333711819        1.0192001604117606        1.2470760504800538     
  0.18351699127379659       0.61780809117334956       0.70030137765741796       0.63037471367040643       0.57786481802194989       0.63653620159882984       0.76454366688765241       0.61292619420555805       0.86582239718177634       0.39249858899448231       0.64354678081360350       0.56063035980355191       0.59797350365408253     
   1.1128671665455090        1.2692340030566851        1.0632861160447535        1.3923929341900314        1.0338633350167215        1.0917935908632854        1.1510515837211295        1.1326871809324199       0.99740524265498520        1.0334347806040809        1.1596897344800403       0.95002027233973774        1.0413254577144275     
  0.20592818903747059       0.63479636831592745       0.71564656799761617       0.64616700774594860       0.59136052910671444       0.65383290772821234       0.77578562713752197       0.62530177650126151       0.87096542711688540       0.39989344501142893       0.66198962979239384       0.57307587576268137       0.60974401486152141     
   1.0194530555546324        1.1604925202894329        1.1056299509514302        1.0631245648120962        1.1588855333858277        1.1752486311811392        1.0097476498085916        1.1540988913978862        1.0269329498100781        1.1600049004127024        1.0658252332291680        1.1528157129989061        1.0343984217910307     
  0.23028434277909790       0.65182260265274450       0.73006399883033402       0.66333429793575771       0.60478264061528253       0.66983854998097359       0.78666719734139900       0.63762393344360979       0.87630024206512869       0.40761855515547901       0.67807440972112154       0.58754332212141525       0.62251765976739137     
   1.1503012174641083        1.0820655742131902        1.2603493727351951        1.0420972988393244        1.0984443219197211        1.0241182699863174        1.1184751048432315       0.95795013994080114        1.2345890846110168        1.1747950244890855        1.1584778590040239        1.1909187062049083        1.2433316820281077     
  0.26985538703857970       0.66954278319838889       0.74462928379199378       0.67919776771971729       0.61879477761758661       0.68492622720880625       0.79742252905463917       0.65022216974368208       0.88199110143170512       0.41507865354639578       0.69459522214560310       0.60321792415518793       0.63515475892480555     
  0.99882464235011803        1.4011841515815884        1.4194694933260426        1.2805102690210721        1.1321600156264651        1.0435845634390568        1.0691619766989755        1.1786192826261284        1.1737180667676563        1.3075858778936249        1.0536584673842069        1.0482648816047007        1.0961434363286136     
  0.32381248228625381       0.68665674816031508       0.75892066622485976       0.69548567085558033       0.63334399423050936       0.70059235724702218       0.80835484064902163       0.66380896154545876       0.88783098566904317       0.42392132624536427       0.71015637885700245       0.61927118188643637       0.65060100805877308     
  0.98869930745792900        1.2012320240042129        1.1593654133982971        1.1372841380384762        1.2093687736363818        1.1201958696934906        1.2472845660730372        1.1345297454958949        1.1550646385864711        1.0860579339885092       0.99382818929366812        1.1356864637448958        1.1034594674548233     
  0.38795069551819716       0.70213126515521451       0.77253428571204519       0.71180161816754750       0.64658326596926397       0.71734805829901438       0.81928115732072448       0.67756628690790000       0.89323839350854772       0.43253926186945835       0.72558525633726478       0.63480176332055538       0.66782478428324932     
  0.97874570945986861        1.4908840808545083        1.2452040568802414        1.1547478408619420        1.0027534581530535        1.2090762496628888        1.0534469636048165        1.0683268758665772        1.2701643075842171       0.99454583788500406       0.93470319402462920        1.3494636811805014        1.3169454054589824     
  0.45093993953675338       0.71688958995598018       0.78524486533833293       0.72911254083211496       0.65918636532986208       0.73257997034206046       0.83017402350932923       0.69403208985082909       0.89815295790064875       0.44208555702126245       0.74025680674624705       0.64959140884309985       0.68384894602752166     
   1.0078156573587194        1.1451519592337085        1.2306275161985911        1.2835436005313106        1.1990181762774308        1.0313972535670846        1.1215147588357559        1.2502033406573041        1.0490632002345188        1.2069998539111622        1.0147002833252201        1.1574606447045472        1.0407171930539452     
  0.51102971732288349       0.73108573306940661       0.79735956646052397       0.74410465990996322       0.67155021228014544       0.74668657373138592       0.84076207632230660       0.71078293839057338       0.90259249584570445       0.45167994246415594       0.75661263315887684       0.66441307454060050       0.69969599794713599     
   1.0816258403375774        1.0898333820499801        1.0410809024049386        1.0173881924186905        1.1313178549743348        1.0920387570981642        1.1075866382151442        1.0703469725528749        1.0756227992839240        1.2334023071282179        1.0973824573104849        1.3069597094019714        1.1034748207576144     
  0.56539337246962262       0.74488660866492851       0.80934308525360166       0.75810175710427130       0.68503805134631557       0.75890734934348070       0.85177267739145590       0.72711703853087750       0.90676482953323878       0.46340015233653203       0.77280035774877609       0.67922024115400215       0.71534577813127831     
  0.93648525471703126        1.1633031498747191        1.2883272630441784        1.0694782787024077        1.0572324371079516        1.2094197950109964        1.2396543043709232        1.2309242973249128        1.2408512763195134        1.2168007100363263       0.98930515212207326        1.2982976774415969        1.0264116397959755     
  0.61297461894123695       0.75832404653931218       0.82144282779835942       0.77181902228846422       0.69825007004489847       0.77170196906721156       0.86255234064019071       0.74424699422490037       0.91094238465048405       0.47475326545598351       0.78744129544977237       0.69405859073340348       0.72964502534198961     
   1.0982548774004162        1.2879494926399748        1.2730502642311856        1.1086340439185416        1.1188425998575688        1.1061297634789924        1.2081132800908427        1.2301704351809757        1.0591771901518674        1.0216258628205352        1.0447474775932755        1.2378810203865134       0.98593092078778755     
  0.65848044249478965       0.77299709557135909       0.83302764641058979       0.78474618571600785       0.71269461214708507       0.78511570740744674       0.87296536970025107       0.76325654022701339       0.91531515114985174       0.48660659628115260       0.80327352322285406       0.71015188951758201       0.74388368727455412     
  0.87596002963937658       0.95931254381581099        1.2284248691326998        1.2546345669444143        1.1655017139010890        1.0522055070058745        1.1690008224498563       0.99965980853778413        1.1071459356287703        1.1734433478154005        1.1248732932148058        1.1524691329255683        1.0257001092975400     
  0.70283653548659086       0.78736577082477843       0.84448059183480972       0.79688202806872432       0.72950082392001792       0.79932899944027691       0.88347318650963269       0.78231306495133301       0.92013569927819117       0.49850927057703376       0.81879381113261440       0.72937815625454794       0.75868161485135621     
   1.2023306250202044        1.3286706658079757        1.0282753562567228       0.98483440097009289        1.2226679189102641        1.2598835092401401        1.3296902737983312        1.2023391513972379        1.0182128197670910        1.1374534293133893        1.1575125359452596       0.97670569663579754        1.0487289767504537     
  0.73925266900540021       0.80246592680657314       0.85580213273103234       0.80854690044965161       0.74614788156659895       0.81500400016411845       0.89379876188748175       0.79817131416609932       0.92477796425899594       0.51098444063270454       0.83422240994521080       0.74978694411246294       0.77423797865795996     
  0.99814074980454048        1.1845158629126786        1.0887730190165485        1.0143362642162954        1.0156244708981672        1.1611611538637228        1.1763170626885611        1.2511027334511216        1.4060891793680175        1.0572787270363084        1.1530062689080041        1.1502133767591565       0.96106717312232082     
  0.77446577371108771       0.81611015543303889       0.86691275185654815       0.82023766954536548       0.76400641811215564       0.83077453824660918       0.90397538943759215       0.81389692574675676       0.92875721194365135       0.52429450818708734       0.84869216790844415       0.77057384827248321       0.79159858769117941     
   1.0375020059347762        1.1044056181608395        1.0166665886274047        1.0874164519786207        1.1380081748440940        1.1379872679706797        1.1422555551557907        1.1936063067130569        1.0546712804221883        1.0486641588603949        1.0497268929901840        1.3671361467021330        1.1457860106760993     
  0.80430678154070856       0.82901394240545034       0.87735569385792389       0.83279313970040003       0.78210193793232263       0.84663814395342130       0.91338589547856452       0.83053213975342521       0.93303307885008713       0.53683194830347658       0.86278291821186137       0.79091938358606129       0.80802635798736100     
  0.97652002429198770        1.0729995620319603        1.0877723139834627        1.0467650394625001        1.1987557349481837        1.1597448591810706        1.1200112910520759        1.2558112340232757        1.0057594945520938        1.1629259884768337        1.3263702728650864        1.1449832454152606        1.2143348040908164     
  0.83270688687270433       0.84249966133488041       0.88799186317781220       0.84663301011983749       0.80120506013332682       0.86041720305842895       0.92229856213239558       0.84805852469983822       0.93766331901272348       0.54998147793230823       0.87658753813746892       0.81078882318590018       0.82461765397152831     
   1.3028870083616486        1.0891541374084659        1.1253328772966729        1.1289566323516373        1.3406854623745246        1.1973118083614844        1.0691207879272369        1.1838280409501749        1.1012766334529887        1.1808656573234022        1.1814144341423209        1.0214568655278995        1.0125397663250018     
  0.85705304488074296       0.85856812412987371       0.89821326372415755       0.86015289693711805       0.81974097695189962       0.87357881983124919       0.93100276121056036       0.86374837316328601       0.94257923892361528       0.56252993404941354       0.88984295641383504       0.83075621929202048       0.84146829442480953     
   1.0696040694333426        1.2039970073010702        1.1989625087002613       0.99675750045789258        1.0671880399175524        1.1701945401979776        1.0925052829703241        1.2434369741302862        1.1848394459900389        1.1491517978544681       0.97909928220580345        1.1085432969541422        1.0866067625356424     
  0.87874724298361240       0.87573955954023996       0.90869572199583826       0.87373321852338437       0.83848262553398611       0.88648998544165059       0.94021650445409355       0.87894993741127758       0.94747205582495098       0.57506803685963526       0.90304683632934823       0.85136728195630318       0.85951355708647192     
   1.0091075936734339       0.99722342329432700        1.0512482012227635        1.0795777992939812        1.1747354049927512        1.1956473120722233        1.2546332597317649        1.1071392989001207        1.0907271592343417       0.91052457641338158       0.99561518804512072        1.1485213131593350        1.1344851221886658     
  0.89835945048638177       0.89209908006755378       0.91864841134603181       0.88863709250118872       0.85740772621746408       0.89969452175844522       0.94824582786500811       0.89376090202997949       0.95259972693518746       0.59016704754213611       0.91612648846444511       0.87097482717249430       0.87790438603451959     
   1.1270612433645426        1.1624287206230515        1.1208304804106495        1.1359554727202839        1.2994124951956076        1.0344768305520897        1.1334643975232084        1.1673750133974461        1.2133833193502328        1.0775575957456578        1.1717532450402430        1.0758554407542216        1.3123057830028422     
  0.91626561620997371       0.90771473295413252       0.92915291425329583       0.90402011320259523       0.87685524541740256       0.91311632440050572       0.95622970213728520       0.90888649648047837       0.95787157208226326       0.60609344872506710       0.92882442215471306       0.88975095339037513       0.89563103390444909     
   1.0665451691221488        1.0271107381815539        1.2478560804810637        1.2924478896745959        1.4853544246623400       0.95575730508404411        1.1627477327224518        1.1272529104869309        1.2642031814703629        1.1056662837818771        1.1514927413001035        1.1171715829325475        1.2223114400254111     
  0.93193763804247332       0.92398730917184924       0.93922566765883408       0.92043921838513509       0.89781014504942558       0.92656235017852595       0.96356146751824656       0.92498549833396382       0.96329115544931310       0.62379407831177724       0.94123187259531604       0.90978561830080307       0.91273894512441489     
   1.0941864856705734        1.0118113868655476        1.1461529370900654        1.0927765536170995        1.1635754846684261        1.1396741103568071        1.2631475338516112        1.0021368490041795        1.2229876319023212        1.1733755043913208        1.5143951768211741        1.1191783054909830        1.0519187251362512     
  0.94636422836331302       0.94096354029067253       0.94950714124391755       0.93601497839366710       0.91772127221397815       0.94078906342774349       0.97048256985234505       0.94043714448602223       0.96893968145034681       0.64334940051853506       0.95300735940838233       0.92948535584188563       0.92999092577463949     
  0.99769063220729859        1.0699887360794937        1.1820796999458454        1.0699741257398911        1.0706740997298445        1.0417676577534540        1.1740557790573889        1.0284191859973066        1.2949480134870013        1.0561299280206495        1.1343199052173643       0.95150581721837124        1.1231725243244546     
  0.96028919468083906       0.95673378917502927       0.96114504208003371       0.95098494686228985       0.93875358974350831       0.95531984122334990       0.97724204250584501       0.95479332782187232       0.97485864747046969       0.66912840426030440       0.96365286443957454       0.94779987114071051       0.94632093864976019     
   1.1386146108297637        1.3376234269439518        1.0153270256931706        1.1455176319143998        1.1176841016139676        1.0952500524900011        1.0214843196517343        1.0248815332644252        1.1362106316426190        1.0379314553560175        1.2727551929559551        1.0141178282021848        1.5288926822077058     
  0.97250634259828228       0.97208203958445649       0.97268648800364765       0.96629342381140049       0.96179268069538670       0.97050238008577061       0.98457720615167854       0.96880309378715135       0.98090974664189290       0.70788795810248195       0.97465584253514426       0.96569767453368560       0.96329749380261898     
   1.2548073333234582        1.3016813708709360        1.0829383365747562        1.0312046523359468        1.2246317123967601        1.0675992872441618        1.2215811197225630        1.0932975509455067        1.1210616270484846        1.2918078735431533        1.3297779212202514        1.0413300055844641        1.3003012255894872     
  0.98645768767821917       0.98618846426806117       0.98661508314780788       0.98268375849721734       0.98150014704797839       0.98492957814422888       0.99266327132789189       0.98378396660901546       0.98915570558171684       0.80002471732289737       0.98687221200067854       0.98267498158971778       0.98226569520037643     
  0.99376854586378716        1.3764736818365080        1.2882806515581049        1.0258547484912166        1.0691391374212749        1.0188256051849200        1.2650460178334280        1.0893767691590135        1.1288801066078342        1.1708379841226826        1.3779416620423188        1.1277049802925847        1.1569279956131302     
   1.0000000000000000        1.0000000000000000        1.0000000000000000        1.0000000000000000        1.0000000000000000        1.0000000000000000        1.0000000000000000        1.0000000000000000        1.0000000000000000        1.0000000000000000        1.0000000000000000        1.0000000000000000        1.0000000000000000     
   1.1280527948384380        1.2186179707653766        1.1441475460931374        1.2630209253680569        1.0918348462703369        1.2887555894814724        1.2863408219109818        1.1926154008066892        1.1678554593494905       0.90891181366030294        1.2929238962864937       0.92250429695349367        1.2720165201474027     
  -15.544871302801383       -1.4663516061844837       -2.4798372451950477       0.47641211119554067       -22.863559882165607      -0.21603744999397229        6.9372085191721320       0.29502824321560200        8.1511102283255106       0.67839047166221045       -5.7109095338823037        3.2383343677903675      -0.30652619649187474     
  -3.0873494809521134        1.4854363327811753       -3.6080703486886419E-002   12.591078674320713        7.7817594005286566       0.70152280189217253       -6.6968410441999158       0.76975410778221387        7.1414464724327091       -12.035118033758312      -0.47048770478794583       -4.2189085492871810       -2.3160822976126592     
   2.2094419948409758       0.62542160889370046       -1.9363146696247013       -2.6806474370957782        2.3811910508020899       -17.495418371792741        6.8031235285924883        1.5787815968899623        5.1257016057921820       -2.5996201823666132       -29.617381117014659        6.2278726688431707        10.310283387841508     
   1.1947765607105341        3.1459911629181394       0.17252238242875292       -18.868474983677885      -0.27402411640954538        1.6014328277147714       -5.1563014276799741        14.693663038620366        3.6479263283333676        5.2483676890158701       -3.9324954709527078        5.4351282712125766        2.9907700987788521     
   5.7223785335428259       0.82828950757130215        9.6713162797830226        3.8447612930531769       -1.3485755686969068        1.9807980175453965        1.0735001636723667        2.3183954680605128       -3.8950838133927634      -0.54890518837164659        4.3757825451048769       0.64272564854560121        2.6438421507275467     
   6.1673588585772414        2.3365475074314648       -21.018443279444021       0.67499969011528438        3.3804778933046511        4.6305453426706045       -22.140636551180140      -0.90195341212892000      -0.45215886575560582       -1.9195426113433947        6.6415727912988967        1.1040951980234635        1.4350056534754772E-002
   9.3962533810778357       -18.707523238383409        2.3676838179558102       -1.4435734757885850        2.3908753071591442        6.1777707423946477       0.57218040101296008       -3.3377501027552943       -9.4680900487542043       -1.9281839110220385       -1.4143518641213793        4.7890040129457452       -24.093795543439839     
   23.367310442033993       -1.7785635743196442        8.2194376068546724       -1.9020056241015497       -4.2830441438274711       -1.0079267502565861        10.515379568336090       -22.205144150798656        6.3905580658280483       -2.3033529615855195        6.2290896149261963       -9.9918924388831947        2.1960719045780923     
  0.16413266477565747     
           1           1           1           1           1           1           1           1           1           1           1           1           1
  0.14574861066014769        3.5384212989366219E-002  -1.8417301457556482E-003  -5.2168065552398373        6.2604844182238308E-003   3.3716450640805986E-006
   2.7224464179667661E-003   3.1315881720385690E-003   1.0997753124802430E-003  0.95688878474694683        1.0994267667059098E-003   4.0535082213528062E-007
   5.0000000000000001E-003  -1.7199802880464961     
