   0.0000000000000000        0.0000000000000000        0.0000000000000000        0.0000000000000000        0.0000000000000000        0.0000000000000000        0.0000000000000000        0.0000000000000000        0.0000000000000000        0.0000000000000000     
  0.18223157528684134        3.7480956711076594E-003   8.7066102672950924E-003   1.2485226614071605E-002   1.5368566985134278E-002  0.27001014240185539       0.18168951599930827        6.8625914013075690E-002   3.3506678929562696E-002   1.8779655283173484E-002
  0.85146833513619924        1.3740549459374887        1.0144454038342157       0.95085243478937476        1.0316328973036457        1.0482804839430284       0.85146833513619924        1.1034722249440614        1.0988783778346947        1.2547767168046051     
  0.30442943973504571        7.5712271422509539E-003   1.7775077664874107E-002   2.5057491933381516E-002   3.0359368833031100E-002  0.48907141537312232       0.30798840152832208       0.12833373405198303        6.6342478844695324E-002   3.7589131206667799E-002
   2.2852226468509329        1.5791353099545891        1.1982898428102662        1.0778081116148235        1.2412784564279589        3.4693947636832188        1.8326044377289770        1.1576004952379300        1.2190407507026944        1.1136301693320743     
  0.33395552516648624        1.1227046181960670E-002   2.7143683475067414E-002   3.8120233472878684E-002   4.5346077946998471E-002  0.51657053339431536       0.33239183229955171       0.17459983290110637        9.5727105946727051E-002   5.4680127227750737E-002
   1.4313334219929630        1.4816291314681933        1.1293283458721080        1.1270917473109956        1.3939408285046877        1.2871902646364948       0.92878083304662007        1.4468254842113983        1.5379058143794102        1.1947724442742251     
  0.36216456903618494        1.4722065683628048E-002   3.6707718267499231E-002   5.2572356881850538E-002   6.0369830663745280E-002  0.54303950591914363       0.35399804564506643       0.21592739738103908       0.12385250992791033        7.1682105382896016E-002
   1.0917201958627605        1.3513060207700178        1.0666517768740509        1.1002292477041360        1.1033194673003819        1.4685576025665907        1.1403321994178790        1.3997959304781513        1.2740399808610026        1.0293975769659156     
  0.38375955312389931        1.8429412512969753E-002   4.8151705533159547E-002   6.8623331389269251E-002   7.7941318494473902E-002  0.56622292694553733       0.37154096472568182       0.25406741687439721       0.14711175942999882        8.6074619263003069E-002
  0.98865567698693846        1.0497545059731381        1.5962725820206887        1.0746341689506378        1.3667558141252725        1.3418077925478076        1.4267146283436791        1.3859705076099225        1.3028703126084022        1.2362771249672664     
  0.40580646491744449        2.2257658510421538E-002   6.0276998452288011E-002   8.5022782519021040E-002   9.5763615393823748E-002  0.58620140630410045       0.38696474272891773       0.28263975803577152       0.17023120454669563       0.10112403985804508     
   1.6259839055587095        1.1103050014485818       0.98083359146153859        1.0679159412618757        1.0627766141186841        1.1385655175950513        1.0733418950663407        1.3247569072555929        1.3739736542954575        1.2160581631012746     
  0.42326413609797298        2.6330122966328300E-002   7.2400611733298162E-002  0.10073572082692071       0.11375590164671288       0.60438134260793408       0.39842977083358727       0.30744408492474762       0.19177341114324936       0.11533976895938435     
   1.3191222931144810        1.2996926767359984        1.3955892966131522        1.0606141994754046       0.87506671793643698        1.2928110648665927        1.2113839782070335       0.94924112018941320        1.2766190942156543        1.1499661062891822     
  0.44076594933125446        3.0734134752663202E-002   8.4066505882336495E-002  0.11624333457035406       0.13211151223185363       0.62112782877024730       0.41006701404099588       0.32621399229447101       0.21321236051860004       0.12965386805740764     
   1.1032916503649532        1.2934067184483882        1.3048882496807537       0.95723465139552821        1.6204534224364626        1.0657364676434111        1.3140515128714199        1.3493830474578656        1.3478814305203637        1.4410190751037772     
  0.45840824273546354        3.5141356268182065E-002   9.6489497397384272E-002  0.13278089709602603       0.14756386497072349       0.63735683749874028       0.42137234422182063       0.34431670469862435       0.23138923422108765       0.14479567450079375     
   1.2722739756192338        1.4108655435626762        1.2273223612781023        1.1551471720566089        1.1847649009501671        1.1183907347186102        1.1990998587253450        1.0688684664513108        1.3202221209734637        1.1234806437790192     
  0.47500425571997917        3.9279868869801185E-002  0.10923563667328215       0.14945780794748881       0.16318728803079641       0.65256882528263582       0.43335078323002063       0.36355678843459655       0.25097978927473513       0.15928570389597208     
   1.1535732042297053        1.4153181089016169        1.3233018518618616        1.1757673440247141        1.2072186602030572        1.1685115326403028        1.1925045002819941        1.2604015258832066        1.1770462356232003        1.3569893325473286     
  0.49032512730328315        4.3574026696446645E-002  0.12299618903834292       0.16564042465859460       0.17845598581805608       0.66694879696993925       0.44472831212651170       0.38180109473339252       0.26776560616213252       0.17305067355431364     
   1.0888093921493947        1.0343457322089795        1.4376917772427125        1.0579792347126737        1.1127524034791048        1.0691821297201756        1.2689109272859456        1.1604246527778763        1.3429773677432362       0.96925638395574509     
  0.50584538930438727        4.8207888135568200E-002  0.13710965975916586       0.18177085082865704       0.19427810337811413       0.68037126935302539       0.45581772758603983       0.40011290705121283       0.28342239962070609       0.18760549903869414     
   1.0397460178403599        1.1323101647198177        1.1155653014043063        1.3026081239309955        1.2645422767759116        1.1131030661348722        1.0721769127654810        1.0566001504507967        1.3313117598647659        1.0387158105356558     
  0.51937723318679541        5.2845054362985207E-002  0.15091384676568315       0.19879148209732395       0.21026614116940828       0.69299762845024626       0.46628834954570314       0.41798358835008848       0.30028071265397821       0.20451978871796500     
   1.0164047921053037        1.2132313290907610        1.1433432387715183        1.0202193177182133        1.0761935151164463        1.1956327623534500        1.4435711941733516        1.5896409170250765        1.0620918318078723        1.0480740351769218     
  0.53290379107125685        5.8051869119795915E-002  0.16471940155900822       0.21608384305467956       0.22527297410913016       0.70443692433678839       0.47627083756431976       0.43562460165285144       0.31654879145505138       0.22151665583745417     
   1.2309785184738313        1.0983857088651423        1.0590155845374571        1.3416106372720553        1.3752061472194090        1.1835742728098939        1.2607541043410933        1.5245461835059639        1.0512537481185222        1.0880338867800901     
  0.54648829676480470        6.3409098719099971E-002  0.17904387460018809       0.23381058583655762       0.23974442370507776       0.71581521384640978       0.48478516810357974       0.45299875369153575       0.33311086449184540       0.23921503099750796     
   1.0772824255946489        1.1377694921009767        1.2941094800258808        1.7505644402783291        1.0740990925586233        1.1964363834233653        1.0100710139209794        1.1094095174166703        1.3025150043980791        1.1533930535552508     
  0.56064135347161415        6.8619253385478404E-002  0.19396796803949423       0.25108283668225928       0.25520493219693602       0.72715968300891831       0.49362438826292182       0.47076959905057797       0.34950505573127338       0.25632181040666008     
   1.1323109107598806        1.3290955819152490        1.3826598951084070        1.2853872922162051        1.3233839023326777        1.0633294108914735        1.1793411715908124        1.0342388445066832        1.5071913254658211        1.1214795945491423     
  0.57604897865121196        7.3771535861583609E-002  0.20901356645857155       0.26796965156729152       0.27127892270354714       0.73827775763286807       0.50297112744826866       0.48739629092038539       0.36347024070253775       0.27161718691940473     
   1.0997674444663801        1.2731909779342798        1.1503220890700596        1.5923452185257279        1.0599368237970745        1.2829001497325918        1.1547028761655482        1.0826503073937068       0.94228837363586360        1.5031422086526738     
  0.59117767789775788        7.8880748055261241E-002  0.22440318225864136       0.28373055584891377       0.28635245245390728       0.74938704950846402       0.51197082210715616       0.50408338690260390       0.37853715482330119       0.28719294175185223     
   1.2140299474535079        1.3476449295529276        1.1387455973677152        1.3109717334876783        1.1125356232352055        1.3695760371551884       0.92390994047570763        1.2561449534172651        1.1182556952025389        1.5073276212342357     
  0.60555768121808362        8.3824854059003404E-002  0.23816294092766915       0.29906082493805397       0.30125430336173969       0.76021151581889312       0.52023121493452007       0.52046878153586085       0.39619389011065409       0.30190899854628228     
   1.1032175651628273        1.3310220141665350        1.3058958037472896        1.1727988275819736        1.1076001627989629       0.90792888538995709        1.0941446446430534       0.96658385212544373        1.4986074440519914        1.0830532007871987     
  0.61921119506840050        8.8628602789145916E-002  0.25244823283362106       0.31423784912254576       0.31538312577205341       0.77044798969299810       0.52796617888123532       0.53445098503013355       0.41295437842595301       0.31717202373274322     
   1.3636528372731214        1.0331425804097838        1.1602727018466688        1.0692970861456725        1.3551749475015624        1.3219918059843969        1.2267356847339992        1.0810090704128164        1.2489542593322265        1.4409286299888520     
  0.63194257894984196        9.3479324426671145E-002  0.26814707605587879       0.33023612659752821       0.32854852494866510       0.77994240300170337       0.53547619626573839       0.54851059555173787       0.42895483949368085       0.33373259485081386     
   1.2976156614960141        1.1072720496053410        1.3278460220878279        1.1751559941040861        1.4648003936449550        1.0850694646455596        1.4522663350342928        1.3079174993410803        1.1301980190531709       0.98709092295359568     
  0.64461669650093434        9.8532726385112193E-002  0.28357967833634473       0.34724916308178400       0.34245310746858587       0.78912808059158979       0.54295039368500597       0.56265070209052370       0.44515620618554153       0.35015098499536229     
   1.0808542372139347        1.2206601188551351        1.1447777918228552        1.2496609783104176        1.0657894873832230        1.1031029930030301        1.1484518792397715        1.2006838991306950        1.0512197303119493        1.1008430900059154     
  0.65754573646467074       0.10366360017594760       0.29714834635920617       0.36302873365947902       0.35655972877541436       0.79805418448064269       0.55019026970024099       0.57700490171505570       0.46107601398191583       0.36648151237474447     
   1.1857345423557089        1.0482804839430284        1.2973765980988197        1.3496342025276151        1.2621470698379511        1.1548202110559103       0.92279414952526373        1.3889975514335795        1.0158625261742293        1.3749261074251948     
  0.67085694233273596       0.10979596118528082       0.31224929817527619       0.37784287278523837       0.37068624857602528       0.80641976082340350       0.55759982461861857       0.58953268897014377       0.47708080268617176       0.38284466230222791     
  0.98604770328114766        1.2142997464047132        1.0735026843254853        1.3775837659052308        1.3532590368745594        1.1264038924487376       0.96330163290637372        1.2959535025125635        1.3000151250541330        1.0115552793978122     
  0.68397337272242342       0.11669778086437438       0.33057731307206423       0.39166403540094608       0.38496139742249808       0.81461513407249286       0.56534040740394975       0.60191796672840414       0.49340462115150163       0.39964748689621427     
   1.1416110228854655        1.2618875621347865        1.1639018541622257        1.1393759369384575       0.96821955306833940        1.2389157176817642        1.4231103660927231        1.2468221673575712        1.2023574680819769        1.2950312386539391     
  0.69687069783648115       0.12378939840184051       0.34841792333525595       0.40427537021125037       0.40209692995588692       0.82263171619190678       0.57350771211123441       0.61347576462492881       0.50941535731961252       0.41582818159910384     
   1.1049963070304711        1.2558634930211627        1.0776030329634343        1.1370525736165029        1.2858280410769483        1.3955727910734190        1.2949305585886295        1.1172687224728097        1.4438758684860804        1.2894760651090642     
  0.70978459741131161       0.13116990094945266       0.36588183425725096       0.41827044436089111       0.41890672559682424       0.83053184554527271       0.58173684911992296       0.62550375632902633       0.52565433711863518       0.43040499279052791     
   1.3710690363571814        1.4215138428765277        1.3227793844176072        1.1080062975824354        1.1009701804423833       0.94220803848550794        1.2352816266406537        1.1497294457672524        1.1122581076140243        1.1559522786736112     
  0.72305377379915114       0.13899642699053733       0.38368771406731006       0.43310075869906278       0.43445281552951459       0.83840748080333694       0.58951308091435728       0.63782806876171905       0.54236949620037234       0.44571258960830745     
   1.4736150761623776        1.1987058947041083        1.2436861252836651        1.2347633937762637        1.1269369025061782        1.1275150520157042        1.0469572634585307        1.0328430318661588        1.2860286645278538        1.1282222894269325     
  0.73650957753271307       0.14733448858239870       0.40225911965257111       0.44871861375701955       0.44970495507842329       0.84580450496357229       0.59697142116086788       0.65011905816095283       0.55852293900788286       0.46179861278811934     
   1.2912661449915748        1.1070266217792046        1.3435393477562474        1.0528842346575424        1.4451074489399205        1.0793838765427695        1.4419067680485818        1.1329445959557443        1.5239302322245978        1.0902600838567262     
  0.74991430915990809       0.15583380316203754       0.42073110338624053       0.46487600280995889       0.46501751198641789       0.85173421433497887       0.60459439177706809       0.66202286605045579       0.57368774617353580       0.47794186547856871     
   1.2011980887786475        1.1875419785343555        1.2794160833727271        1.2709012753156934        1.1368458870732403        1.1931644745632226        1.1963664243755265        1.3831300178957624        1.1807053405085322        1.2359300702122524     
  0.76314373560225179       0.16455975837827158       0.43920279904782494       0.48094991605228349       0.48023395738281216       0.85731969914450823       0.61233283352338197       0.67364142275286232       0.58747483234814768       0.49266877546613325     
  0.97591079983075124        1.1208706815899268        1.2505981977245124        1.2902408577927156        1.3431240783641234        1.0480814400154652        1.0596177731412164        1.0927274057393714       0.94106888224683127        1.4658963520906227     
  0.77635128427862266       0.17337059743705316       0.45789795155169816       0.49635705243729367       0.49520771196261432       0.86285829727841268       0.61982939713666807       0.68488529699381895       0.60086984819823419       0.50817047154325989     
   1.0366168697250733        1.1316037593511254        1.1235192039848405        1.2282543599925229        1.0261686175446478        1.0839370009367588        1.0387127576304256        1.2689521116872682        1.1249702967969457        1.0366418686460970     
  0.78925594861006509       0.18223019425467493       0.47679242647818842       0.51170074589536263       0.51015050201535905       0.86842656912788052       0.62711058539656972       0.69630758095726919       0.61402708302353326       0.52246485706608992     
  0.98377039178271974        1.0482804839430284        1.2950753389107648        1.2177888041932505        1.3716186999444560        1.1720309800398323        1.1569106260271078        1.3695551681582494        1.0117610958888363        1.2723264118549225     
  0.80127653807779897       0.19202268025600455       0.49510051728392035       0.52735759287597939       0.52513337897816614       0.87339627324948810       0.63414972488983223       0.70713711448802752       0.62785302001500809       0.53677665307814992     
   1.0482804839430284        1.1378419625382186        1.0062565443344211        1.2649233170618877       0.92739066978882290       0.95879671324875959        1.2183745191828308        1.1175396866537051        1.5782622133871751        1.2038382954890434     
  0.81208246757637137       0.20099207493438154       0.51206407936486853       0.54319803241036146       0.53954509196695466       0.87818353807054383       0.64087139829458584       0.71785832299985208       0.64250628981631874       0.55155327568169821     
   1.1898922088572577        1.4339690586318565        1.3544085708377764       0.99748560089880955       0.91134526017894901        1.1347271452718213        1.0649195978315007        1.2140692290058988        1.4642865103865899        1.1160174352984604     
  0.82263283961997524       0.21015125849777280       0.52899510251692738       0.55914406190552635       0.55351208288385723       0.88264464220113426       0.64744815543493506       0.72786143745333032       0.65690752069580094       0.56727810746593132     
   1.2783369832261737        1.1324901186613043        1.2167636866820732        1.1053476861735729        1.1806683821740513        1.0289333238700695        1.3231056128611431        1.3422625667869830       0.98483233973597373        1.2536754276676800     
  0.83259257661637465       0.22070322319553065       0.54454607738397498       0.57576589152921565       0.56945071750961096       0.88689016366254736       0.65370400779866955       0.73791732235509178       0.67103855184398853       0.58205423127437605     
   1.0835074082973772        1.0936965969330814        1.3030351996230769        1.0103276267731691        1.2051154612345758        1.1908621729746327        1.0214479310159197        1.3339965907477416        1.3051523450183404        1.2481551268481137     
  0.84290472624515778       0.23172674654311631       0.55987292588814863       0.59269533037592226       0.58552970305205321       0.89111252405222929       0.66045384621317338       0.74763549662694528       0.68465756212739803       0.59610263297204147     
   1.2404693286418829        1.5933866387778564       0.98483794785775824        1.4485156214968384        1.4631966857827086        1.3320288210042275        1.0827016179990085        1.0981390951069154        1.1719030780521629        1.1627742752598111     
  0.85343476509767158       0.24309032849163539       0.57415439816613723       0.60945842784316795       0.60218064751683309       0.89533588550197163       0.66803439627845540       0.75704454465690985       0.69787271529248551       0.61126629504342156     
   1.0906604774972990        1.1339003795816442        1.1208458778564079        1.2818834692176906        1.2614681384448314        1.0655555535529631        1.2565879125790345        1.2814967123463774        1.1629384915513916        1.0541108935001986     
  0.86364459452204034       0.25485379486820314       0.59062192621124465       0.62599900603529446       0.61875180101683525       0.89982890570095753       0.67546109385110531       0.76631030078613771       0.71155562955701823       0.62643141908307975     
   1.2992558966701571        1.0932360855034167        1.0507792849493984        1.3229867894028509        1.1465151028961911        1.1416110777621995        1.1435515231762279        1.0189625209290076        1.4569705984167591        1.2903976773995369     
  0.87281990517771069       0.26709695101704700       0.60749010372430756       0.64260745918650597       0.63491822583538726       0.90415302777489837       0.68286742336942841       0.77583861424406952       0.72657516425110402       0.64281399824275776     
   1.0070010454845055        1.0443691286387802        1.1707121251002879        1.3427873977384730        1.2145754258198427        1.2288651648684745        1.1007656100891956        1.0204825446428227        1.1997722370434516        1.4552612019752682     
  0.88186414029597726       0.27945885175023966       0.62407669307332048       0.65927844335382546       0.65072684358978106       0.90845884703820201       0.68996699823885121       0.78563501927446810       0.74146416090911726       0.65921885767702781     
   1.1964691971540828        1.3428489326679964        1.1229645384522990        1.2437905244151848        1.4508031992438100        1.0271064317687275        1.2586353877013983        1.0449420091067612        1.0780677360336488        1.2697433031824732     
  0.88995071401726966       0.29323153598067730       0.63995844480421982       0.67660321403182944       0.66830431388794864       0.91264619028868432       0.69682433505907659       0.79492104644362649       0.75631349409655246       0.67597071590566993     
   1.2086321596902025        1.2193455277980780        1.2028576856606681        1.2659849438989357        1.6195256509133793       0.99059255303894400        1.2624221038222403        1.2070571677441759        1.2170104396261123        1.1255104238484126     
  0.89802957647135606       0.30734444206967682       0.65607595894002968       0.69519325391610565       0.68485013041049092       0.91703396330107489       0.70365629505496274       0.80452182825823226       0.77052142093773746       0.69256208125546681     
   1.1124938639215822        1.0229329623020584       0.92573656149855510        1.1051255502529900        1.1318691383978174        1.1568055263206056        1.0589754365540403        1.0451152473879268        1.3469620809012732        1.3099882341090419     
  0.90563916407108447       0.32284662466191166       0.67469536397662278       0.71296703735303102       0.70145367011396231       0.92122269321511385       0.71031884459992933       0.81435480480437650       0.78291219132278433       0.70923906014546834     
   1.2140540388292775        1.3687564218281036        1.3889937454551402        1.1969200951922117        1.2889219898249094        1.0558681734828939        1.3316472331474061        1.2352603501944830        1.1954159134527809        1.2349884804947981     
  0.91305029202388144       0.33845267398330547       0.69279796808765159       0.72941636179971470       0.71814553063029196       0.92542724072439253       0.71685466716364799       0.82472818209924714       0.79558006709115103       0.72500316440638046     
   1.0670794772655983        1.1507771646504206        1.3582984560429481        1.2256378935674723        1.0924201319925331        1.1710417406789944        1.0984138416390559        1.3622748858609746        1.3327237281139841        1.3726155081128515     
  0.91991955301044359       0.35384252574047459       0.70851921099600790       0.74560922637829163       0.73544258969880094       0.92931736069593607       0.72358891537696557       0.83524214400642660       0.80912002848639797       0.73934119157233591     
   1.0220319056385434        1.3394651897036496        1.0481129049339573        1.1142117728767447        1.1863826509121171        1.3098926043390293        1.1508520198485579        1.2431052746654534        1.2434125487704353        1.0862389274006292     
  0.92671043019583554       0.36974220313016914       0.72495533717434346       0.76136409901118252       0.75285804777628973       0.93325756625618150       0.73050489404901420       0.84553982607904410       0.82301939015311065       0.75317768894821080     
   1.0399585653461882        1.2807831876018136        1.0792847088531883        1.2236481920363611        1.3187008003658578        1.3143343915754846        1.3124896582826335        1.0670276845513722        1.1481194115476414        1.0209306138925889     
  0.93325686132027719       0.38703641220382273       0.74210973213071363       0.77777598226675060       0.76889731770270398       0.93724904072859394       0.73757618776076217       0.85567629605082884       0.83659510493161326       0.77003962450667773     
   1.1228548910428910        1.5092926120410770        1.2923995222527416        1.2926201821281822        1.2735120943449167        1.0463754929809859        1.0149113174872832        1.0991286128903868       0.99524171561064534        1.2859119259543699     
  0.93929343598159931       0.40579468722317680       0.75859544346951624       0.79405242302945978       0.78454698828826919       0.94133682643090177       0.74452309540250228       0.86543035632317189       0.85012369375912444       0.78664431607257668     
  0.99400835023551293        1.1758025285463323        1.3750941178136684        1.4667325617387095        1.3093251889523416        1.1616800675990906        1.0011187592536011        1.2372576733226299        1.1550877003432256        1.2096662983887110     
  0.94472054320526466       0.42599990320081688       0.77350599621864091       0.80926250621037565       0.80011907856421594       0.94516927661909178       0.75132256973807565       0.87472453216061508       0.86273750551231920       0.80373592695193985     
   1.1308484327766619        1.1284494639370566       0.91763162703363732        1.4054102254315946        1.3354499185648303        1.1387424107575617       0.93428344815653930        1.0915072405779762        1.0163029086867288        1.4452062180402823     
  0.95000087466341154       0.44798036711735201       0.78919233867132987       0.82410983068603627       0.81557912015006973       0.94915557566527042       0.75828745557501587       0.88338346644449317       0.87565875693428530       0.82039807223887884     
   1.0081458481248904        1.0456600312485351        1.1016880913552769        1.3437526818398020        1.0788022500927550        1.3980977811715343        1.1619898076091655        1.0579149057390602        1.0063988232713650       0.96574935505397042     
  0.95525323267758655       0.47174177489313740       0.80655539396836895       0.83830933695942600       0.83244380933164686       0.95260057152932698       0.76629719540376995       0.89219037202720197       0.88553529537513997       0.83535442775812940     
   1.1653111216268892        1.0476425614119889        1.2129400755111650        1.1945733598876844        1.0814683613915343        1.2216503103490819        1.0941340311975276        1.3637085482764675       0.99217801952441853        1.1647097576638115     
  0.96032126339708346       0.49713612316506722       0.82420347291785079       0.85245642978493730       0.85022012675997316       0.95605667304045239       0.77501935164032487       0.90122808747764238       0.89567300839431541       0.85021340231754761     
   1.0464355640153900        1.3244619683365542        1.1813795069267685        1.1453170487261635        1.2027038184576333        1.2530875337393956        1.1122491286784153        1.3035573447375366        1.0035788069841385        1.3405154078064259     
  0.96496365956244701       0.52377320162800289       0.84264285105580872       0.86783459680290331       0.86700160523347491       0.95928366345581784       0.78439824512945111       0.91064286471499201       0.90557597379144184       0.86413876068318740     
   1.1636330949934468        1.0632234252775856        1.2348435272151173        1.1586799611268741        1.1345329578406995        1.1000060105074796        1.3934818857743290        1.2041580674808523        1.0272927012392070        1.0776259002266453     
  0.96933699366002446       0.55557709758444662       0.86143941165211191       0.88343185490185150       0.88313703359690721       0.96246812180575170       0.79440053416622447       0.92051397012565683       0.91580359677457701       0.87758264939164932     
   1.3390133862370261        1.0151829719340670        1.3534072346710873        1.2836808825343227        1.0265369103175404        1.2730733863522996        1.4244780688039937        1.2064966293810457        1.0480947335462776       0.91472936630252688     
  0.97324596199089086       0.58742697865628812       0.87788306955647244       0.89803488701047807       0.89934353078869267       0.96589011875163111       0.80556422575013764       0.93061694332433442       0.92503226115509007       0.89140205010542173     
   1.2530933424645450        1.1138209274005455        1.1689044942817770       0.90684627683213515        1.2473393858283837        1.0833444837177724        1.5301456850617117        1.0791277953788250       0.98225880660650722        1.1645901116349682     
  0.97703014717084835       0.62197386071638983       0.89436226595709256       0.91154754849497033       0.91576393205074713       0.96932125425081350       0.81797098892724196       0.94077289153759636       0.93479486144107848       0.90574778612174067     
   1.2030642993941782        1.0796595735016987        1.0786111086295989        1.2241154117920168        1.1516035338114010        1.1928805053461593        1.4906983330393004        1.4240570180919800        1.0917742263960768        1.3122690440145521     
  0.98077496987348955       0.65889225103466531       0.91165201045686839       0.92559422919354639       0.93070400494663064       0.97277215882469636       0.83046814059668217       0.95068150780779681       0.94474775720976067       0.92138124984713898     
   1.2452448612916538        1.2057624192025131        1.2268711169653872        1.1784440557596476        1.0877937654728536        1.0639386980303083        1.3218050180042433        1.1956246607752583        1.0919081130293935        1.2560846855130003     
  0.98457049391596063       0.71068891827886005       0.92841852992776275       0.94010445349339267       0.94491603655472223       0.97650905862402670       0.84367687207653730       0.96071079933236170       0.95461047288428680       0.93699350189762776     
   1.3200639255600175        1.0444229643282557        1.0548702001589516        1.2269812749970799        1.1196050545057759        1.3632553038270896        1.5828632459472565        1.1365776620724259        1.1160999284085433        1.0736627240081593     
  0.98791692316914170       0.76983622017314524       0.94548302224196690       0.95503670073509539       0.95904057079392946       0.98103291649017932       0.85914310894470414       0.97060004058710980       0.96596867478908932       0.95166939811870366     
   1.3992896882213088       0.99713629816962268        1.1303063459520470        1.3530826008844081        1.1871954292789964        1.1139503776584050        1.5360444662774857        1.1753080747986098        1.1900079304596713        1.1276222877784443     
  0.99131267939199974       0.83686829182768152       0.96284950398944325       0.97118825077546389       0.97289778609567068       0.98559336198628011       0.87977881930572766       0.98028362827466764       0.97699372110179616       0.96614628738218666     
   1.5691140256173042        1.0956261838890973        1.2712871938012915        1.0502155812286100        1.2348170547249151        1.3768282669663838        1.3603586266001062       0.94570481032262965        1.2482508672526120        1.2382100127560844     
  0.99564213825603010       0.91614298924286908       0.98112425753986598       0.98592236540235001       0.98639927693978136       0.99253863454294400       0.92238756285327539       0.99004860098713365       0.98828555951160002       0.98322989424281915     
   1.6632691844725391        1.0647968159881835        1.1667353652933519       0.97855887516103846        1.1518358258563677        1.4630230758901468        1.5301171908176359        1.2484230784940646        1.2084251206874290        1.5238864301209534     
   1.0000000000000000        1.0000000000000000        1.0000000000000000        1.0000000000000000        1.0000000000000000        1.0000000000000000        1.0000000000000000        1.0000000000000000        1.0000000000000000        1.0000000000000000     
   2.2602514377189675       0.97733657008476560        1.3297536138985273        1.0659037819435258        1.0346065312986823        1.6103484285775920       0.91365077079635604        1.1528985198073687        1.2768116529712050        1.0678445333871538     
   0.0000000000000000        10.243478332726363        2.9260431192386362        6.4846011652367670        4.7485582053586866        0.0000000000000000        16.948385736631955        6.9188841976239592        3.4004309899793217        5.6281026045609224     
   0.0000000000000000        4.7220334061362008        5.8720693983143804        5.2706867805333468        11.974641514479250        0.0000000000000000        5.5540045626666599        9.2105357478785539        4.1148880513551083        5.7889023054309874     
   5.5160753271361527        4.7332772204647364        7.1018920900948324        5.6986229351348818        4.9350001257846072        5.7201276171084903        6.1800179205627899        6.4941015268990467        7.3760701118727674        6.4966232379361175     
   6.8690772923817125        4.9530581988070166        6.9711176056795390        7.4389085056955340        6.6804821369521488        5.9951096947121529        5.8343452075671616        4.3838354910606654        8.7654990521116609        7.0151494772582090     
   6.4314465302646386        5.6524970762835913        7.8505986593795196        4.4088368846875952        6.5584184817367372        5.8805886137194525        7.6795202332363859        9.5960926737928283        5.3105592101796599        4.9986666658897345     
   10.016963654343771        5.4460871398398076        7.7196957959867092        6.4418542147516575        5.2684124789363507        6.6651919016550227        7.5067337423351708        5.0553168432503996        7.5284429258036534        10.594903473319651     
   6.2425628145382950        6.2932511870994237        12.775303814960255        7.5549328370436166        6.0628254227989178        5.1796476265686229        3.9565055472204951        8.1882828804244419        6.6577507172715409        8.0891594371250424     
   7.1475497521384952        9.9521025023676781        3.6117335929703835        9.4919133869912162        6.2097350130102811        8.4817001829267546        11.820592905747942        5.8205912411195833        6.1451568627003592        6.3425139344964609     
   9.6179577075461570E-002
           1           1           1           1           1           1           1           1           1           1
  0.21771508213038318       0.17771083420480513       -9.8314993402508427E-004   5.9852118421373888        4.8368030801585497E-003   1.4453846728638695E-005
   5.1026557758490120E-003   5.0222362218994713E-003   6.5334180506061701E-004  0.23270668292400390        6.5298117022613003E-004   2.0708768939364155E-006
   6.3308975868276969E-003   6.6325981637983542     
