   0.0000000000000000        0.0000000000000000        0.0000000000000000        0.0000000000000000        0.0000000000000000        0.0000000000000000        0.0000000000000000        0.0000000000000000        0.0000000000000000        0.0000000000000000        0.0000000000000000        0.0000000000000000        0.0000000000000000     
   4.5305134733046332E-004   2.2412980533468345E-002   1.2164784314134253E-002   1.7424899593339965E-002   4.1430356784334210E-002   1.3596209765487664E-002   1.2942068161989444E-002   1.8723152973542226E-002  0.22731150693564589       0.16746341050111507        6.2863646551318417E-002   1.8421054176623992E-002   1.2985118899997920E-002
   1.6923390535252780        1.2077638182881516        1.1571924063049617        1.3386994550385547        1.1478904580877387        1.3577105089729284        1.3136152925345077        1.4287205473286755       0.93485897751784053       0.96224649559924169       0.91548024849456822        1.5200479470412844        1.0691931230517471     
   9.0501520618802575E-004   4.3789180558137200E-002   2.4432197446896474E-002   3.3981477645062902E-002   8.3811784068347661E-002   2.7474599824192196E-002   2.5086555477634578E-002   3.7881092374558160E-002  0.35973074204898736       0.27074846934028446       0.11256839556231871        3.5925914193236569E-002   2.5977631551030222E-002
   2.9234778507475281        1.2593105620993685        1.3174533686416361        1.3371600726999120        1.3033541872013892        1.2994371704383667        1.2291428239792184        1.1873278252500084        1.8033626782548480        1.4263403723918637        1.1497680051566233        1.4582146348902787        1.3237828539328331     
   1.3541140592555484E-003   6.2750089687925240E-002   3.7919298014993205E-002   4.8128630008573467E-002  0.11689814472976395        4.3718596786288401E-002   3.6123112371774832E-002   5.6721635105797308E-002  0.40464178796776434       0.32065111358402631       0.14910101214794905        5.2466169084642730E-002   4.0241614503188292E-002
   2.7876053861330483        1.1135545783623941        1.2637522417010574        1.2266065653615523        1.3533960123547426        1.1097588822091748        1.4955681958789142        1.2935544544442195        1.3783942538785086        1.5672350456157587        1.0909972618243280        1.8306725831369888        1.4894888817632179     
   1.8035242075028642E-003   8.2408457003480332E-002   5.2169358281078236E-002   6.2041719270730426E-002  0.15021031756941661        5.9073725876381517E-002   4.7000534088497789E-002   7.5983458850030203E-002  0.43849182013618593       0.35558706874362045       0.17668198835624249        6.9278916833195148E-002   5.4660658427353639E-002
   1.8118441668964167        1.3047116875240234        1.2867708944852940        1.0785599924749147        1.2058730595478431        1.1397700571630840        1.1011518521824435        1.4278455126009550        1.4054450034779991        1.3139672532463078        1.0833438397393380        1.7467943719703636        1.4452925043515339     
   2.2532048128547318E-003   9.8535536779197921E-002   6.6140949830994764E-002   7.6457144782382663E-002  0.17338095645527729        7.5207294001468000E-002   5.9796353594363180E-002   9.4436573791242456E-002  0.46009243000220940       0.36839508626912226       0.20005464873747092        8.7180362878830520E-002   6.8734517123497915E-002
   1.6367584585238637        1.0570490994111374        1.4745731807156204        1.3004165771694156        1.0679300064809567        1.1341029622040351        1.0413621962249502        1.2177103208368281        1.1367046826572620        1.0934961017583522        1.0975538695954765        1.6039711200190920        1.4295829165436726     
   2.7590375298933872E-003  0.11476987561386021        8.0026955341638353E-002   9.0280900211005571E-002  0.19703483395532587        9.1305887523991228E-002   7.3190495235460118E-002  0.11174782547954232       0.47968584711264367       0.38228706033869053       0.21787929245432977       0.10562430601791453        8.2684921373481116E-002
   1.6728523772886892        1.2299661518159777        1.6000186171796498        1.1313049864727485        1.5810160795870756        1.5421512365268157        1.4036846913064323        1.3349854259476484        1.2328525955980640        1.1991869055779976        1.0705295141176960        1.6834201845578420        1.3449457655469086     
   3.3429919285161620E-003  0.13122370284420742        9.3832406148547987E-002  0.10651790571601080       0.22036667495936704       0.10620907049460417        8.5742425955203108E-002  0.12917313621797788       0.49690706676168261       0.39660691603457693       0.23497428767314327       0.12413305248024702        9.6937865816929619E-002
   1.2482415923663572        1.1128095390700738        1.3744820391617611        1.3819067223272097        1.3014171088319020        1.4269551592672800        1.3671047226359154        1.4262886285622511        1.2031975834537469        1.1839222321692451        1.3050284016402198        1.3965903690640904        1.0510267553030865     
   4.0796530018806969E-003  0.14756667429873768       0.10747942805367819       0.12252252552843879       0.24454737442974994       0.12138874027852005        9.7789237520447866E-002  0.14661714896095329       0.51326465632339124       0.41039428095031311       0.24909154816069090       0.14291547899601859       0.11026713220673724     
   1.8772220094333139        1.2485397667430791        1.3235100518915806        1.1401279972005320        1.6934100725780212        1.4280194805872357        1.2873336648418965        1.5498199200506357        1.1112050956954511        1.1933728884271599        1.2798029481498032        1.4677023937876446        1.1525460058699630     
   4.8461890909754302E-003  0.16406078463529933       0.12141847622781458       0.13939073804956773       0.26309706108964259       0.13452465478030343       0.11031465353832003       0.16335806639302133       0.52931482415299969       0.42346392987736947       0.26343874368013692       0.16198129765194313       0.12214779385310674     
   1.4882644621683252        1.2496426178064057        1.1480771199636943        1.3883316837290238        1.2505647303160248        1.3908144905345909        1.1993099480053229        1.3227767815952527        1.1588733280085197        1.2658276395705357        1.5054854527538211        1.5012053688430818        1.1272747690912792     
   5.6774200928989193E-003  0.18125929231761270       0.13511328539909226       0.15703292779396918       0.28109533654478425       0.14719322844031610       0.12320739221724634       0.17892280624673285       0.54367167139034533       0.43635020407066011       0.27706705452799918       0.17886399980874698       0.13449725559544878     
   1.5791383973286264        1.3887195566942252        1.1064187541961070        1.3880901744412129        1.1553676622883611        1.1529674228016800        1.3756808665515481        1.2571027891706903        1.3430995512050268        1.1731829710385773        1.2237645021564441        1.1799780083770226        1.0173276158880389     
   6.5623695605458651E-003  0.19819795391238995       0.15023213717793316       0.17456701503432251       0.29978836788945262       0.16076694482865672       0.13716695768104981       0.19551368051372331       0.55708919303403959       0.44943613325695830       0.28992538015494923       0.19453161322162690       0.14826794228768941     
   1.4617151377557416        1.4571598835231694        1.1819316152554744        1.3915148826625918        1.2873264379336735        1.3285474713373144        1.2110929360258564        1.3110551341600505        1.2946387581977052        1.2623777194356476        1.2137482649500904        1.1028360452182879        1.0489626744044154     
   7.5405786531471224E-003  0.21550107039086644       0.16646336858760763       0.19198879543017708       0.31855682351853198       0.17466014376574374       0.15202409783692150       0.21112201910250294       0.57039096758100138       0.46145555367648178       0.30193934305328840       0.21084231102302051       0.16191996144463497     
   1.1960232243730302        1.2257699755821678        1.2042099107992876        1.2962152496962018        1.2204295822441344        1.1359931954781981        1.4571378109091357        1.2129736309197614        1.3477482072596290        1.1143482082454153        1.3429382510968415        1.3543979127333254        1.2152723185109791     
   8.6618766860033260E-003  0.23134433693011056       0.18254176964018290       0.20948994506373045       0.33581628626038018       0.19183308746105263       0.16688783082590075       0.22692698651632728       0.58283963870277877       0.47184529405172204       0.31366305481948975       0.22801211718704123       0.17556949918761974     
   1.2590721778277452        1.3329821238306059        1.5150405567652117        1.5922456124236761        1.2948440731688620        1.0824978511278391        1.3660359800683557        1.2096751582334899        1.3375904752768275        1.1655518084530345        1.4425108368973565        1.2740536716811246        1.1713203968848136     
   9.8005009000498942E-003  0.24637482187801008       0.19886451694868107       0.22691947979242930       0.35268998941195912       0.20867570711265621       0.18192977481126987       0.24281634661206924       0.59528630623965950       0.48287336272542347       0.32547716987238390       0.24552675570088844       0.18959012151381155     
   1.2478160568491630        1.1776512310949809        1.2873721404513390        1.1567980788245926        1.2601608707079994        1.0994715364977328        1.4675702451591515        1.1817023124886241        1.1101681809894506        1.1696918959245255        1.2306220887197585        1.2445240515285660        1.1815153490521044     
   1.1114230003363637E-002  0.26290028781140562       0.21480987660258885       0.24340556894834089       0.36952604540672829       0.22491276460006557       0.19718337347402989       0.25880491672454292       0.60823706825104684       0.49450720587353125       0.33734766831732343       0.26287715339618439       0.20419888737174954     
   1.3620281095874189        1.1691013433081430        1.2958812897196252        1.4484664500106263        1.3314117682391553        1.4343952371908069        1.1003891932927985        1.3348801575919826        1.2003351801838091        1.2336011351759302        1.3679984079727034        1.3954848634712333        1.1624912879632321     
   1.2466134907028661E-002  0.27941454114008746       0.22980550331953017       0.25926287446059110       0.38641843091616790       0.24144882200674986       0.21143870452240845       0.27388377628934735       0.62170579763064227       0.50558543915822485       0.34951725753316581       0.28006233891992094       0.21985454769715948     
   1.6373760381573847        1.2416365314657445        1.3210922656007735        1.2337832553317101        1.4398322808690578        1.2888013128180202        1.2989790569408857        1.3628765634386462        1.3395374617244438        1.1161978260961700        1.3045234159853405        1.3695948724442517        1.3383278613436158     
   1.3957281833860935E-002  0.29770493092042899       0.24501069788819019       0.27446322684524055       0.40009745276905845       0.25961726518174810       0.22626432000870259       0.28896127972238639       0.63547020246398556       0.51574381338141284       0.36181780191323792       0.29667128882558352       0.23690975787239379     
   1.2325644304515864        1.3852658161787457        1.2202478490050330        1.1098535581741626        1.2303253955054325        1.5230710851475839        1.2940147709656333        1.2221517917270133        1.4519953566629684        1.2597846777815267        1.2129067367157755        1.4725682963642017        1.3530354858444502     
   1.5496717358572693E-002  0.31699895794687422       0.25977860097342098       0.28944973180363814       0.41176200072721508       0.27794434372909194       0.24099296489152663       0.30436271885518484       0.64826831353784209       0.52560459331410614       0.37457955962468714       0.31375947057321768       0.25369066293560166     
   1.3248451046950875        1.4764229931179609        1.1357931075572445        1.1643595967241727        1.3960609503939732        1.5723451648692133        1.2555699348526110        1.3156948498122976        1.3445009825563685        1.2246970849240451        1.1546970935073704        1.4096063107873968        1.1055597938144748     
   1.7089671673854799E-002  0.33697351757951688       0.27487990442113586       0.30496392190602511       0.42385752325082054       0.29294361070789271       0.25517429662028274       0.31976370729395703       0.66056162531442986       0.53506064931765440       0.38705042794729400       0.32875327832113105       0.26974070410695561     
   1.3630475904448380        1.4430496366881587        1.3077932130192580        1.1677932903833077        1.1544613409314557        1.0475863036685404        1.1794585500474821        1.2474187402767232        1.2143620725478133        1.3720946264114007        1.2398607966147037        1.0680018947026353        1.1288629398193963     
   1.8675486431165088E-002  0.35739939703716300       0.29031892433827911       0.32096630760208639       0.43587785032391019       0.30808515583445673       0.26828569134725738       0.33213126423572026       0.67160401530546820       0.54449126803887715       0.39995272646104618       0.34386457644654023       0.28588953209573448     
   1.0809003209322114        1.2734466285877866        1.2434975718178984        1.2756447953812808        1.2742148168682519        1.2847041096885654        1.1035584632733881        1.1454277247840641        1.1915716974608841        1.0316432683675463        1.1976901011700258        1.1821529562046778        1.2580432853994055     
   2.0593815927218727E-002  0.37514301046340420       0.30611967884690960       0.33628332058130872       0.44717923486713507       0.32314424451743234       0.28169744044832884       0.34473330133634178       0.68188692521385375       0.55335112319326418       0.41301303861424737       0.35707137384864807       0.30272429198259615     
   1.1459094298873524        1.4248967479347405        1.2689192523924999        1.1993999697068964        1.1269979138201442        1.1570497471337919        1.2314160055617835        1.3967117567496241        1.3522024771521020        1.2687680514862996        1.2087002857903855        1.1762807877723067        1.2265757815564990     
   2.2765088669143382E-002  0.39189602361891662       0.32186636463383944       0.35087988787169494       0.45858550139098764       0.33812567916950687       0.29574046203940851       0.35757306847622533       0.69148765440512483       0.56190621815634523       0.42548126262343622       0.37070866187619250       0.32005536790342082     
   1.1274503159154732        1.2187858115832062        1.5626335520487036        1.1590014648055957        1.2902818466292834        1.1620397031842851        1.1583995204905495        1.2047397956145924        1.5868405485227135        1.3404640796191223        1.1191997491247214        1.2634377195992916        1.3084141970620988     
   2.5225101811860783E-002  0.40786201174826880       0.33865467039760627       0.36578547156318675       0.46793335634811078       0.35358992205594442       0.31090723611145227       0.37051825297081881       0.70110088576373408       0.56993214263625347       0.43829808611567861       0.38632556984709704       0.33798647511717572     
   1.0958385446943222        1.2916034314725910        1.1717244483803206        1.3847064870777039        1.0895912798683152        1.1415409273695851        1.1247451762254792        1.2661520369539729        1.5253218863863873        1.3922148153372882        1.3421414764713822        1.2763661466152798        1.1396849359593739     
   2.7981216320902901E-002  0.42364963712840192       0.35500074230481476       0.37996263222667565       0.47693638068922606       0.36803756994993631       0.32656032213337133       0.38561128218304697       0.71070332661174507       0.57776317156082158       0.45040198030729806       0.40248072016881903       0.35592433400682877     
   1.2238343396724953        1.1782437004370230        1.1385557292800064        1.1007278526184106        1.0498157367209613        1.4743627462739441        1.4117251240604562        1.4363387330803439        1.2321426488078735        1.2515469614548078        1.2165773828716726        1.1161202497609173        1.3028900912019015     
   3.0886733299761233E-002  0.44025933996305966       0.37392981658532909       0.39428999463551945       0.48653922831865243       0.38086145107626218       0.34152744927033402       0.40051977278807804       0.72022959158470534       0.58497141702566080       0.46239459259109661       0.41836141920063374       0.37358164749105627     
   1.1985720242633231        1.3442047044826180        1.1921253051535581        1.1747439446909849        1.1544990838597184        1.0781164003825967        1.1427259438945210        1.1431428173183753        1.4300234692984248        1.1283884041384464        1.2824042234327855        1.1142261471843113        1.3812803438852097     
   3.4065802031464226E-002  0.45695590350733550       0.39338755633012101       0.40879876443358387       0.49590887729893657       0.39417194224074220       0.35637864048526868       0.41776154781170166       0.72823663627465107       0.59232323594188885       0.47472753225500353       0.43312794922749975       0.39019256080752718     
   1.1866918251440988        1.2836247414043167        1.1937594870768136        1.0785718308291290        1.1004442548061695        1.1808015851177653        1.1755162352332600        1.3694566789150653        1.3297398909791180        1.1759175041641017        1.2145859164963648        1.1887195537535697        1.1369983313297007     
   3.7426712770611333E-002  0.47293980445279321       0.41371134152660866       0.42428973135035886       0.50522695632846626       0.40864971161481006       0.37163754665692345       0.43487957469509964       0.73532553336456008       0.59968728707122521       0.48727901705132054       0.44725118787378326       0.40614974601639348     
   1.3137570266706267        1.2306738396615924        1.2583000219466489        1.3693447063090327        1.1335416596869483        1.2560162909180905        1.2753874628911677        1.0544676307359213        1.2779840153192636        1.4628219522347590        1.1984911305677617        1.2816347127867180        1.1904701953938770     
   4.1040591885368891E-002  0.48837309849254579       0.43476034448621215       0.44040091846344326       0.51487341995989211       0.42350601738561083       0.38710383988350866       0.45117800375700601       0.74275773156939096       0.60693878500558152       0.49996951369308662       0.46088839403771459       0.42251396561144805     
   1.1978999432750173        1.1718608078235744        1.3150213021498838        1.1718851437053623        1.0459167605221187        1.3062629137881412        1.0555723091309102        1.1621590624192610        1.0440628393038391        1.1385286238877401        1.1734703207407564        1.0153547752310272        1.1600430932502819     
   4.4925744052152210E-002  0.50313215871399408       0.45316541498063406       0.45687754070920450       0.52602218876839046       0.43917388449613054       0.40291617035359945       0.46736813495069041       0.75003828727754951       0.61400354452495587       0.51315187146387065       0.47484599510025166       0.43929349458967365     
   1.0954424830578464        1.3555869309420996        1.0200477354903692        1.1876610060208590        1.2338916912118456        1.2377768628202870        1.1939841951674299        1.0422726731771959        1.2896352522750176        1.3404600854095152        1.2250971767988743        1.1985753242482253        1.2972504216486584     
   4.9150136895854367E-002  0.51752959101749285       0.47115254086748065       0.47368714123571370       0.53668988361969716       0.45357261283513400       0.41906416344979347       0.48361614627372307       0.75682850865360318       0.62091121944424998       0.52705535351921884       0.48909027432817015       0.45504750348950379     
   1.1936499251818653        1.2712844281280666        1.1693124418597571        1.2916201420546756        1.3390057316431854        1.1036188814549441        1.2506114774578077        1.1771590909457361        1.1496293997213898        1.3032747088954546        1.2688197077011063        1.0678859012341879        1.1225210680455351     
   5.3870525994076900E-002  0.53202929025786905       0.48718942553249173       0.48971041028558848       0.54681393094780273       0.46934252863451781       0.43493188062672700       0.50006616691028249       0.76355256969503371       0.62787908079233046       0.54138460798439025       0.50502342287124158       0.46968919153106853     
   1.1556148620967777        1.2540213218566227        1.1476845980019899        1.2157703799394277        1.1690651116558308        1.1617039110962630        1.1306096315718928        1.3203143317111679        1.1983091397680325        1.3249180448793889        1.1843463749200935        1.3682295275665397        1.1896158999510107     
   5.9168227460533386E-002  0.54621754750794715       0.50404069527755313       0.50526372501023487       0.55699595344048491       0.48512095482048551       0.45033924864390812       0.51532251263490580       0.77057886507164797       0.63439581451585192       0.55603125736086767       0.52070788484055164       0.48469146438392186     
   1.2855948708535057        1.2348189875511950        1.2108262816130841        1.2801422365818649        1.0440151486989999        1.1935981229352171        1.0970297303051320        1.0999377321648602        1.2374246261435928        1.2248947609363983        1.0634707931942795        1.2842238520431406        1.5027291778598248     
   6.4819213645955290E-002  0.56042384485073349       0.52162685098331862       0.52067859564913566       0.56804075740598814       0.50026062724288989       0.46584392818899772       0.53101181989533042       0.77792899898549495       0.63983322311917668       0.57050994514742770       0.53509735101432276       0.50012480874790355     
   1.1431668772358199        1.1978749039635441        1.3119043944426505        1.2222869301640569        1.3410055689134284        1.2490704428544215        1.1358315885697559        1.6328463862345655        1.0718462350066496        1.0604539473057719        1.2819961210462876        1.2994488428894921        1.2470109202883572     
   7.0649608923023785E-002  0.57499859334913928       0.54033444319207213       0.53545248686672164       0.57965104869434581       0.51454641396184086       0.48176630082044530       0.54505147086658734       0.78477324917720270       0.64564453018684798       0.58443869112682512       0.54938786028533337       0.51504104023521269     
   1.1473960843068225        1.0995978762346226        1.4686380357100417        1.2303298961252083        1.1031580879137981        1.0360579915072334        1.2525641688642184        1.2555640169296587        1.2939645371649175        1.1662314167797001        1.3294969464665551        1.2569915621970100        1.2989267217772280     
   7.7033369069387028E-002  0.59004984548255091       0.56057603877922024       0.54964903493819983       0.59237314447351541       0.52906751498766624       0.49867320697664025       0.55916450601283951       0.79137188597977060       0.65192624460201476       0.59819433915742604       0.56278373838040052       0.52917071323189324     
   1.1257549260595132        1.1802878617505579        1.3172262431674784        1.3343552213967438        1.3223293470724837        1.1627912209043787        1.2952021570963677        1.3042833869875614        1.0638816778840838        1.0987131795601772        1.1785459225724566        1.0745884173947398        1.2053111212996199     
   8.3679202666729791E-002  0.60657810153794511       0.58044304995918139       0.56349809807558815       0.60470086058735240       0.54331066473361622       0.51664636400298691       0.57208300640011100       0.79861846661351776       0.65789595766454512       0.61411070017656344       0.57575541130128971       0.54388745016082540     
   1.3301442654250768        1.2684812327125365        1.2951712962933974        1.3034817201612188        1.2740582314136033        1.0959908974804866        1.2300048343954852        1.2504539994228083        1.1169973259097459        1.1477074616620990        1.2091073341434337        1.3514558541392678        1.3399812770785107     
   9.0745037507607484E-002  0.62275454042752598       0.59978258357597380       0.57924476510317147       0.61612893370881838       0.55961662185971750       0.53395997906331705       0.58586521833766281       0.80586540538397677       0.66354079770316865       0.62968796472917488       0.58783233620620223       0.55960732487286058     
   1.0956681286274392        1.3542250683864776        1.2780561442082401        1.2937952174193630        1.1292079404326365        1.3608999691416488        1.3789309960132385        1.0600981468689630        1.1766974859987780        1.1368949538288877        1.0489795282364500        1.1629822009027480        1.1602483922960025     
   9.7893397610119434E-002  0.63721066479880306       0.61850910047248309       0.59559452783803324       0.62739769441952986       0.57662745322988274       0.55061814389951869       0.60043736440801354       0.81210930385680458       0.66926437241881453       0.64438433043083454       0.59982283134455927       0.57605340854763065     
   1.0963395601505483        1.1668033130860314        1.2977408680710487        1.2066777953253998        1.3242737356423737        1.3477549725023188        1.1029059212958985        1.0994123451405524        1.0727140853348405        1.0001994907964524        1.0852401932334192        1.0222209859628277        1.2725761547229881     
  0.10530653857198087       0.65046900497280502       0.63654595859778662       0.61222452976900010       0.63808945860976274       0.59445829087351931       0.56711675512415682       0.61438949505637863       0.81829800809491204       0.67461601838120200       0.65887691376368951       0.61191985168094754       0.59365364330070380     
   1.1313125047981851        1.1509397318313783        1.3329581116723022        1.2494783583110460        1.3685713215320199        1.3273812695921730        1.2756672646321412        1.1929142254417091        1.0456645563698503        1.2319791261963362        1.2016634923638088        1.1738432179399190        1.3177031723736703     
  0.11399453252412087       0.66255419358243917       0.65552659416115733       0.62916497710338160       0.64841053626335710       0.61219844416016578       0.58367933851236276       0.62817960135130058       0.82413778814314487       0.68016541695960964       0.67208717005189111       0.62449135263462519       0.61162749175901243     
   1.0338359301744775        1.1822011573672728        1.3756701964053732        1.4041189189524470        1.1756983618950403        1.3346955985435360        1.3712870746519727        1.2053360730324449        1.0603199318928951        1.2452832527782978        1.3062613968926806        1.3377306550297050        1.2439834716505123     
  0.12380463949698542       0.67438312718638727       0.67299426191072842       0.64719666034299994       0.66041958254741862       0.62796027345496563       0.60090849600858076       0.64281540421581940       0.83015281137899766       0.68539867481529104       0.68500302908451305       0.63737941417455879       0.63042309796710838     
   1.0797698027968115        1.1377798549294302        1.6146614059767845        1.2231220620816077        1.2337471799301052        1.1766760557260654        1.0784869164447330        1.1622749434059885        1.1937444236257115        1.1924951917516744        1.1278910202050099        1.2211302245346651        1.3534047858304177     
  0.13466394960721828       0.68651972432916608       0.69011037191808511       0.66587996740781497       0.67287712210379924       0.64336047758862902       0.61845480096629868       0.65915970387913747       0.83668197009910306       0.69071972602668374       0.69924037242888581       0.65094012514034660       0.64851557249396308     
   1.0522145053621763        1.0981516252198438        1.3585014979969516        1.1229651619663414        1.4167951789741333        1.2413152031403749        1.1539138227814267        1.3423987025537025        1.3182663981416831        1.1171599450005549        1.1395051481660936        1.2813835833629212        1.1382408677009122     
  0.14590174895431285       0.70032618665727320       0.70624212076377701       0.68285625594440669       0.68567727758366115       0.65864770076707491       0.63579529165043047       0.67493248867698652       0.84354509046804993       0.69604175022533077       0.71355448953851497       0.66499948678357623       0.66569531067826060     
   1.1365325235817985        1.2286098712294211        1.1812525947523123        1.5458326612589954        1.2938591206296663        1.0930034986040666        1.1671067927730154        1.2166226612612365        1.1261566334983177        1.3764389648277289        1.2922035406192762        1.1783940517187499        1.1580662699868438     
  0.16015804358377486       0.71359998768564314       0.72284079077783914       0.69922045064393235       0.69847251952993428       0.67428495440022407       0.65236705259350480       0.68960813340261073       0.85029770040711816       0.70170764281164644       0.72942563427766116       0.67853471471978699       0.68231870677030382     
   1.1587444255069934        1.2903570882213053        1.2968527268225565        1.2123258829613746        1.0528232591749447        1.2801590980142392        1.2620000324104703        1.1839897311710992        1.2499316550759187        1.4944685475528510        1.3931795794685335        1.1548193276342711        1.2781895552841400     
  0.17461288461695451       0.72814986988168340       0.73909252391590152       0.71489995840882814       0.71131374429923133       0.69103091785844584       0.66888834094423433       0.70428399410575382       0.85686766600445707       0.70765519653490516       0.74634196714580681       0.69192774708031535       0.69814484858498083     
   1.1966553053871936        1.2346840715042300        1.3673833021803661        1.1483080640693215        1.5239824149807217        1.2839284122824459        1.2592930075298379        1.3031140000133772        1.2071119834461217        1.1351879640533362        1.1738370558907598        1.1257520973218349        1.1811491234104601     
  0.19010445185601776       0.74253639191124043       0.75509810123395482       0.73077004789832267       0.72411979126281822       0.70699974732402360       0.68425800655214042       0.71924322523287842       0.86402688740211808       0.71363920196080333       0.76273941285706992       0.70615526810752227       0.71472215871723654     
   1.1891503470409037        1.2222547419956669        1.4264984945405934        1.1606351692623056        1.2858792283079927        1.2252145549586237        1.2669529003157594        1.2042794700833601        1.4083645374999529        1.4041460930569241        1.1617300952408951        1.2308934921236465        1.4806183787659710     
  0.20792421943201569       0.75780386401805433       0.76899485831178271       0.74781776423960344       0.73655572688190474       0.72207279561361937       0.70006009847055750       0.73476292387402109       0.87166837509840123       0.71981779879799612       0.77890418343169676       0.72140826869362906       0.73230532290463723     
   1.0905699890866849        1.1422511304275540        1.1530811661758644        1.3810354931900339        1.3774765654321253        1.2907005055021044        1.3618155223349357        1.2866924639321800        1.2920615725381259        1.3262150865588365        1.1891687013054710        1.1827341501048527        1.1839889035698654     
  0.22962339275455831       0.77317766186339676       0.78248471965244148       0.76525229611365952       0.74878147669339190       0.73694184783928285       0.71509836633501889       0.75002258426575297       0.87921996193716601       0.72594494619547911       0.79537883475110971       0.73802805333816079       0.74869970000997932     
   1.4085902710193616        1.2185750028801163        1.1470037484963187        1.2645845826328257        1.4398721746638445        1.0908621941062051        1.3367821692093687        1.1270744669744939        1.4697393404877688        1.2292916873705317        1.3549040384987074        1.1686122733597442        1.3104548011227599     
  0.25724615994911459       0.78798813349733787       0.79616680478230117       0.78143394244064246       0.76094961983844089       0.75339669797318465       0.73077254950254411       0.76561995476925626       0.88647219134806299       0.73189718560308004       0.81092421903113354       0.75573317441371268       0.76379490017831453     
   1.2795784199289177        1.2094825692438012        1.1514272302994832        1.2235204064255851        1.1981184507029947        1.2485618293580751        1.2166959119872878        1.1470771589794886        1.4041098357001904        1.1502537073753700        1.2468381604190584        1.0732774874084552        1.1730882053401746     
  0.29081724842324641       0.80317522187267310       0.81005319795354402       0.79662185688360798       0.77322476077528557       0.76940948514467444       0.74769236828297037       0.78158488758962430       0.89344601030777671       0.73778232662552667       0.82663664646027502       0.77399076697804858       0.77920418779235145     
  0.99253299910829218        1.1186292735433752        1.1713124872751965        1.3454908832250310        1.1729108260525714        1.3155647237375057        1.1467282082270525        1.1907251331234323        1.3137706722299010        1.3827716482546877        1.4772444207011737        1.2026648718625430        1.0812875868607321     
  0.33934476118908913       0.81806053787933752       0.82474794426449205       0.81203163638749798       0.78594330236901977       0.78543923969727714       0.76425267298231603       0.79873438474388669       0.89981126512077847       0.74344949689229167       0.84177079165895308       0.79269709432531232       0.79546439369007182     
  0.95701355237901820        1.3492121230910274        1.3689474640800909        1.4401284163820045        1.3561538264430830        1.3754676189951540        1.2752798841050019        1.3019553700346786        1.1287508873110785        1.4077753256872767        1.2730943756989310        1.2106788960586923        1.0935280062340131     
  0.38694028322683577       0.83258104805571254       0.83943104631922782       0.82753288192570951       0.79919345345415893       0.80153342582907439       0.78009437903080581       0.81527603031454199       0.90614203233166735       0.74918892632228540       0.85563394800904524       0.80989020139280743       0.81309727767420259     
   1.1033221417496306        1.2140920608364023        1.2776323281152810        1.2913119986525921        1.2681994226023225        1.2262893565678361        1.3766985440171122        1.3130581632757008        1.2163063099898614        1.2750985121973497        1.2842516559679067        1.1763009312483010        1.4820666447569264     
  0.43371498794437330       0.84846172341269155       0.85356542254526879       0.84245782669202685       0.81221036111390543       0.81698329721755070       0.79728758844172254       0.83130565516810995       0.91237184693118745       0.75502915609881038       0.86681824715867861       0.82616742909465923       0.83216473628013043     
  0.97231096562433206        1.4151170401832132        1.0608872882330063        1.2265532265255417        1.1883117841927358        1.2511035022592152        1.1813672905634842        1.1926295204048307        1.2761125753283540        1.1816168279811885        1.2313052632095500        1.2928222172879889        1.5084051672703906     
  0.48075320862384047       0.86435198889133824       0.86753212775824162       0.85720914217904920       0.82470077282837417       0.83329876149213156       0.81430100665413363       0.84728490276620450       0.91841399943939328       0.76087595078048476       0.87868618303052892       0.84226738001249513       0.85005606020679436     
   1.0691631050180936        1.2311615695200093        1.3023694809993751        1.2295487489925063        1.2190629385391178        1.2898431702853799        1.2838804982358896        1.2094983193086870        1.1555394006250810        1.2740187289804328        1.0173276158880389        1.0706723565914771        1.2485785469823170     
  0.52689137198242542       0.87978058766043155       0.88126383875315106       0.87208902028277535       0.83719063048682163       0.84916436890349434       0.83309759033512776       0.86458643489904552       0.92465622142247350       0.76709203575576945       0.89066699038746278       0.85796397675865721       0.86585678896587193     
   1.1670160490971098        1.5336772234242462        1.2419592947716454        1.1197823262701707        1.3210316821614270        1.0981736704743292        1.4662403891644975        1.0881203127694197        1.1568324102493526        1.2750918019666957        1.2011532528579090        1.0420107633362630        1.2022181170727755     
  0.56528216737916648       0.89450468252840842       0.89519545112248688       0.88710309157021783       0.84950727237110302       0.86575308475272583       0.85285873696115688       0.88232687867115711       0.93111094593961230       0.77320705254778421       0.90255659636058982       0.87357966443704294       0.88176923112703121     
   1.0218345611664308        1.2158761078962366        1.1117054756290914        1.1715325935082241        1.1846755948666186        1.2164636769857549        1.2108256418964218        1.3884633395256487        1.3127026666436357        1.4203896836002112        1.2807665105119832        1.0677187843871956        1.3283798777088378     
  0.60356388006716533       0.90949063339064151       0.90920285472920115       0.90174036903943278       0.86393302938813055       0.88197999696074769       0.87141444690409731       0.89765172199879484       0.93765254707823653       0.78052204593524976       0.91417755137698353       0.88943621510420334       0.89819475315397224     
   1.1448017228387373        1.3314097536130973       0.97840812090378559        1.1803913243945341        1.5176339526530909        1.1515411860717686        1.4084281784656780        1.2693149346240411        1.1713702975324423        1.2960722912032119        1.2432975471161150        1.0558329008862730        1.2950818094835526     
  0.63959415996231861       0.92441124254120222       0.92286489222513035       0.91561407981082121       0.87932305686782541       0.89791872192611921       0.88943077061993014       0.91238542884962381       0.94442141990059525       0.78811190348711901       0.92695280710266426       0.90538305085947490       0.91446389055996880     
   1.0785903361047504        1.1309885514294313        1.2174522766346194        1.0543524859166997        1.1867342211078198        1.2877138700881938        1.4104958685846392        1.1596096630312240        1.2783221893275323        1.6098040227471773        1.2161444356057287        1.0094444721933957        1.2293780579676334     
  0.67477894531885674       0.93929465108633459       0.93540479333939242       0.92970961945133013       0.89575808004176061       0.91461474153726341       0.90604484812457164       0.92820775893055329       0.95115899166655815       0.79712521497908140       0.94035522131763760       0.92126124023660760       0.93067145469511470     
  0.98220106810096697        1.2242798978522265        1.0288599651331847        1.3466520998067941        1.2303342145783820        1.3151917595771740        1.2382383168718154        1.3532603982875477        1.2647852076558019        1.1381496188796985        1.2713185525426651        1.0656600383058357        1.3602279767369463     
  0.70931175483717113       0.95333056831050145       0.94778078268229671       0.94432488113110602       0.91219613540853828       0.93148792722155915       0.92173379957145618       0.94389251913399574       0.95794709279805856       0.80762582016984474       0.95305046278646721       0.93728200608605228       0.94649204256663910     
   1.1330302237828540        1.1999332836402288        1.1793926314449088        1.1650692015126165        1.0770455204015010        1.1896856909226998        1.1745754469633154        1.2020304025278505        1.1436321421747648        1.3591415260328550        2.0344060912355468        1.2196476798063620        1.3237418103641472     
  0.75001742514352931       0.96598096387875376       0.96054809041568356       0.95777697942634821       0.93291984126045391       0.94872681894147781       0.94012575993910441       0.95900238421974782       0.96589184767506009       0.82123873376509926       0.96507218975528930       0.95349285882326229       0.95918656006479508     
   1.0868890994247680        1.4241288546332898        1.0959046856398693        1.2678222742075784        1.1491463002026063        1.6022491062926445        1.3525088086356105        1.1259874230103917        1.3442035396708152        1.5010571764368401        1.6917125111804441        1.1013379722237704        1.4403114521301639     
  0.79664568985690265       0.97871943303073239       0.97313608009045816       0.97045171115183060       0.95666134937863767       0.96608610220415148       0.95852752876397851       0.97396942303020873       0.97482082674077830       0.83700029917543539       0.97689552210317210       0.96920212347037804       0.97208848637433110     
   1.2050180155418377        1.2320854083743109        1.2967330435851978        1.2526702410777844        1.4076482232293230        1.3398846848022914        1.3415239138695170        1.4506617858914106        1.4015549607681348        1.1887898929635554        1.5897176894012408        1.3838563078860395        1.1391831031520412     
  0.88202108223113163       0.98948897355445908       0.98651117967342083       0.98506280337657837       0.97848963964984204       0.98310044927146789       0.97902245353519657       0.98671825116221845       0.98654011253648166       0.90357985359614812       0.98839394195563934       0.98480380435417780       0.98625078528912025     
   1.3171009598691388        1.2988166913403281        1.1547875993597934        1.1120673754135193        1.2326846589687666        1.1945987697185532        1.1823883983527019        1.1256091301736455        1.3639418620184578        1.8158222570387119        1.5587277019725168        1.3831248893189632        1.5902129125576638     
   1.0000000000000000        1.0000000000000000        1.0000000000000000        1.0000000000000000        1.0000000000000000        1.0000000000000000        1.0000000000000000        1.0000000000000000        1.0000000000000000        1.0000000000000000        1.0000000000000000        1.0000000000000000        1.0000000000000000     
  0.95340147790587149        1.1912415877578086        1.0259399327551526        1.2723895210838760        1.1903580024707181        1.3465872949688293        1.1804606767816852        1.1873977520513821        1.0806102603904220        1.0801377004214938        1.4769101391570763        1.4045122618245061        1.2262365368059063     
   3.5295564134385011        4.6794930711879337        6.9535938819420915        7.0526511109448409        6.1967242924884092        8.3225395635897765        7.7755094538366309        3.9843667526374023        5.7980051107739587        2.7831565225605690        4.9004469639683554        6.1149758748434291        1.7612377393040324     
   4.3817806424936698        7.0930321731405499        4.6788543033910823        6.1630258106870217        6.0235402107141702        4.6228370892803001        6.1751890054242935        8.0687378710720470        5.1439847678477211        3.4695956341213705        5.6523774311174231        3.8658885104698486        6.8957872265131330     
   6.3492585040435525        4.9618073474167783        7.5626412403038987        7.1700314099921778        7.0791707070708405        5.1095259394214514        4.9952436637457875        3.9500648594307775        7.4528574682150017        7.3269744575715245        5.4562255540906399        4.9381943693484347        3.9892251134608379     
   2.4129764670474509        6.7586819396730240        6.4494728757693069        3.4274010197192672      -0.28054148443293969        3.8596621898012380        8.5439377016655769        3.9610050035432316        9.0411434766058854      -0.97133423949113873       -3.8699097719254780        5.3873290406602345        3.8059014407265717     
   4.9226804939197866        2.4866072328326019        5.0351259610167665        5.0105502937714528        7.6200572962181026       -2.8625248955395604        5.2517013507771813        7.1964204683912358        8.0259103101370464        5.7796010706690231        7.5600416190450064        6.3126935317557882        6.3596016396814825     
   5.0094685154094254        6.0197920015432702      -0.53255914160927842        2.4608352455062037        4.1796727201312116        3.9929889302426180        4.4706067810805772        3.9848094366437503        4.7831696112841877        4.8267889585906216        5.4632109591771805       0.42672123266858863        2.3344371513739226     
   6.1970864205022611        4.5461789418040928        2.3090357579789309      -0.91054786441810553        2.6948786290373778        5.2599915937989357        4.4354385927829938       -4.2799643599792372        1.6807499295589734        5.3878874862817829        3.3626349079411404        4.2245358923810086        5.8683573662969835     
   8.3251490951970268      -0.90903938941862217        3.4487340544425518        5.4085978636274916        4.3434798293593397        7.6875982645994663       -9.6041597232559308        6.4436904417285064        1.6458835581965552       -1.2456510065952311        6.5141618237296317        4.5028416315135829        4.7126408556718777     
  0.36320905906756418     
           1           1           1           1           1           1           1           1           1           1           1           1           1
  0.32600999287326887       0.15956073872162485        2.2958874500616413E-004   3.4493220018397448        6.3310767669318875E-003   9.1270502701514728E-006
   4.6554252883133579E-003   3.2994547051244231E-003   9.2670920238297741E-004  0.56244355623707909        9.2656599048820487E-004   1.1311310524228141E-006
   5.0000000000000001E-003   5.1443387369408287     
