   0.0000000000000000        0.0000000000000000        0.0000000000000000        0.0000000000000000        0.0000000000000000        0.0000000000000000        0.0000000000000000        0.0000000000000000        0.0000000000000000        0.0000000000000000        0.0000000000000000        0.0000000000000000        0.0000000000000000     
   2.1270495468296951E-004   2.4406199084291130E-002   2.7820736063242034E-003   1.3490654455862320E-002   1.6625798362799999E-002   2.5872187789822306E-002   1.6027958322372679E-002   1.4753155846105140E-002  0.18118169347891078       0.15413534972638340        6.5928434497461996E-002   1.8205424422454038E-002   1.5602690131382531E-002
   1.7792391049261616        1.5745069245513550        3.5282283505160756        1.7213656346523287        1.4116229495321413        2.0911522704324157        1.6706607040083157        1.6248423143803659        1.5346703872334351        1.1712919398677579        1.2715034862906414        2.2083236750558282        1.5532354397269337     
   4.0828337966367296E-004   4.5477980995607764E-002   5.4164332274811711E-003   2.6550096039582412E-002   3.0674365547050490E-002   4.9482794929789284E-002   3.2798036117607135E-002   3.0461456437138913E-002  0.24759976601158273       0.23154072891922750       0.12394894083239197        3.2831286405402310E-002   3.0841625860190319E-002
   2.9074892500996437        1.9787544230047378        3.1765942187647536        1.3538077603262024        1.5462462609988501        2.2079943264769164        1.5079630890051807        1.4960782983379488        3.4444442721303976        2.5957961549382866        1.7191858152454929        3.1927838707636425        1.6190180823366600     
   5.9902709688565664E-004   6.4152381997727270E-002   8.0304460256874453E-003   4.2278149514482541E-002   4.7117017966966587E-002   6.3381578000332978E-002   4.8879724144172507E-002   4.5901695081373928E-002  0.27684417067466038       0.25372702510626888       0.16178699729952875        4.4014669091980492E-002   4.5260266113090850E-002
   2.8497444228240552        1.7673301746884986        2.4774321384884570        1.5338325243363289        1.6503609549512903        1.6116912303033042        1.5340690894457336        1.6909539370795474        2.4594518685118842        1.7394535624911420        1.5502919904026746        2.4233231180987942        1.3623402120809815     
   7.9168420039832496E-004   8.2646316481356369E-002   1.0687596411012428E-002   5.6890607255516978E-002   6.3381213089194532E-002   7.6964647229850566E-002   6.5271994632048691E-002   6.2381032314440685E-002  0.29856633574396541       0.27136510244080642       0.19903445502875983        5.3436817579524912E-002   5.9627336797664639E-002
   2.1427400267318455        1.6843475138390835        2.7297501951511620        1.7868610372930540        1.6823546830332559        1.7306393539973386        1.5772451543640427        1.9279017519971728        2.0754166126164120        1.9516650633273738        1.8256700471777259        2.0764512375368964        1.4251955775751153     
   9.9301755382106074E-004  0.10086710710883885        1.3210511463926090E-002   7.3303305249455677E-002   7.9443702918644388E-002   9.0642887428980565E-002   7.9575003598671840E-002   7.9671480766475566E-002  0.30976772654792423       0.28155332183853832       0.22871783237480536        6.3208843481075000E-002   7.2888562071231594E-002
   2.1519664181091187        1.6205323743473936        1.6492657904762722        1.6038900812832193        1.6694716762317554        1.5400544220129346        1.5578600734944710        1.5021814591942428        1.7125188914866285        1.7726204980036737        1.6322923925766615        2.2398635592787368        1.5164664505350589     
   1.2250611221147688E-003  0.12064336790511654        1.5777707242274810E-002   9.0097879804448625E-002   9.5212123265627571E-002  0.10491323200469888        9.4437827920709483E-002   9.4494094354894767E-002  0.31955094159074698       0.29117216027029352       0.25201830901026800        7.3588778971090826E-002   8.7871496757363055E-002
   2.5908891108848109        1.7744768482623057        1.7039902098997177        1.7111973341483240        1.6955646128928950        1.8912211570171391        1.7470389183668675        1.5222726633534451        1.5605231811521769        1.8217569224022439        2.1475233869299162        1.8784529869483713        1.4982704870531949     
   1.4884316627120614E-003  0.13521796636097505        1.8306593301131140E-002  0.10714052200723344       0.11007987874136597       0.11913303477707637       0.11048950091367751       0.10841594377764834       0.32843713239289940       0.29997862489257354       0.26901810995912145        8.4380885186806531E-002  0.10293426557426907     
   1.9531954129067881        1.4240791527648180        1.6193610802885712        1.6469283343984071        1.4563941636387789        1.8614013405032650        1.6309137502851430        1.7676159742773312        1.4339826243456186        1.4675706849548382        1.5975436777166010        2.1432231437030724        1.5746590102552835     
   1.7770127126843791E-003  0.15055776973552321        2.1002738293552901E-002  0.12342469642033002       0.12462768101871023       0.13243418532227677       0.12417583970893915       0.12190007188414403       0.33711077112688059       0.30837984106305794       0.28286255401556376        9.5782969069944490E-002  0.11832274226551295     
   1.7118592486733193        1.6314423371413898        1.6585725277511398        1.7481824417732081        1.7018727046628437        2.1362327368321763        1.5624816375235391        1.4950130676883944        1.4954999620179155        1.4752053766269158        1.7315400557331981        2.0043482713984360        1.4814151582822839     
   2.1021346087990462E-003  0.16569633147264104        2.4106640637241241E-002  0.13862281221506753       0.14013321472537990       0.14331727995289834       0.13637855615625241       0.13680250991725862       0.34599801537954539       0.31658365831686125       0.29422638140623286       0.10720327544487014       0.13333538872166095     
   1.6664250097360236        1.7184966411676699        1.5579571992696752        1.6778747139623109        1.6638960501602762        1.4720472762540671        1.3756885832923227        1.7015506807852343        1.7606369792005820        1.4527281069721270        1.6525214634108516        1.6002582473724642        1.5518860320368220     
   2.4375585744134376E-003  0.18004406038631088        2.7849567036660944E-002  0.15262510601415066       0.15412677939373656       0.15301775661269584       0.14814535699807707       0.15123690747301799       0.35522791787117436       0.32531552741733327       0.30505936471464151       0.11854789649076442       0.14615441783188846     
   1.8633625597271164        1.6485286398575587        1.8465942739705392        1.4266160150285621        1.5667575654132448        1.4871717484773967        1.5697847592103260        1.4090193845998256        1.5947029733716711        1.7116339269187351        1.4480377302084384        1.7725390852687961        1.6458779007980846     
   2.8475075684889872E-003  0.19577587033675767        3.1720196348694676E-002  0.16804775247653680       0.16938767552499970       0.16254629802999890       0.16023822130981807       0.16554878857945751       0.36546391527476252       0.33409329511767522       0.31563680736340416       0.13015089388906814       0.16108177408303073     
   1.6057103823134897        1.5758841377049058        1.8551124897084330        1.2644460498525281        1.6336926369942502        1.4084417529070863        1.4541176751587674        1.6980266231568424        1.3936265030679438        1.7389231623276247        1.5240848098645050        1.6586018038452319        1.5784998012445726     
   3.4130282578674039E-003  0.21169653730328886        3.5998472812457542E-002  0.18396740839595555       0.18814786134265488       0.17385774569651630       0.17516989644950132       0.18011930338623069       0.37552557379169377       0.34230684051041266       0.32623835386399036       0.14161999159065744       0.17591337167911880     
   1.7676112605358003        1.7277265447442207        1.9668765799021684        1.5070860808792204        1.7524132671193968        1.3358319007210393        1.4375230316269176        1.4635027492584318        1.6668972247995895        1.6886158375977289        1.8647262263876281        1.9207697523646292        1.5189661856482741     
   4.0744009399607201E-003  0.22575175741454206        4.0412446521220821E-002  0.19992689287973986       0.20566231067397980       0.18728077214168751       0.19013571099945811       0.19900912018498593       0.38581987194658707       0.35092153271105930       0.33620036079573945       0.15331236183955219       0.19449669565958189     
   1.9600947457860025        1.6302493974360726        1.7006555350916219        1.5333937436465035        1.7666169544547945        1.5327328900661268        1.5980601001241850        1.7894758009251046        1.5628634911931718        1.5871529245979832        1.4458549989859375        1.4065609724912893        1.7264361127695740     
   4.7755963604862719E-003  0.24103036920756973        4.5390292875571343E-002  0.21572750469503699       0.22198882976889442       0.20093946972888577       0.20603804827900818       0.21613077121416333       0.39662424985317568       0.35767543073399394       0.34619138500101465       0.16538027084369306       0.21062608743928216     
   1.8321100373272803        1.5857984732490948        1.6941425603658609        1.5020662796760407        1.6811185471066332        1.4717191646347993        1.8865812428808162        1.9453821999873608        1.9163758498028112        1.4352091388564858        1.5487181041918119        1.5299446433037427        1.5612772530936254     
   5.6207784108540781E-003  0.25495441033411653        5.0622973134683821E-002  0.23230576128833469       0.23899274592763770       0.21524589429556915       0.22149385882952280       0.23273232871966540       0.40788812419928616       0.36455958840373998       0.35677355490699003       0.17775533629204962       0.22711237912269622     
   1.7021620068770111        1.5778249455869180        1.6803538364629214        1.6118958545960380        1.5177326977621550        1.5956624470474070        1.5688412366818689        1.5377857109857520        1.7742835692784320        1.7574721186387847        1.4927671139129801        1.5131438524360947        1.5341482655590588     
   6.4519453391553832E-003  0.26910558329163703        5.5977164180019634E-002  0.25125505783282476       0.25648671286461799       0.22991391200739159       0.23861743213488079       0.24930747437967546       0.41790003587996244       0.37134319406894850       0.36839413776884439       0.19205688919733471       0.24292497228310311     
   1.4253510595478167        1.3354674643358848        1.5607232610613464        1.5381668612261383        1.8256501919979020        1.7899562128850357        2.1046749340859909        1.7300508953574727        1.5826661953886725        1.4203482974235020        1.5163700233989788        1.7864231402418449        1.6398941654468158     
   7.4557190830837642E-003  0.28520861392359864        6.1501457245688756E-002  0.27050577378797608       0.27249814509816184       0.24335030881561270       0.25388270103869082       0.26429195715648934       0.42728718242839853       0.37821985525650981       0.38141830548242239       0.20813287924932122       0.25996896951132548     
   1.3783795462905359        1.6717080863716818        1.5450226973761749        1.9308943335031492        1.4470501031299141        1.6319055131253368        1.7460199761729975        1.4120704280129410        1.7967454981831130        1.5061429022925250        1.5625536423936317        1.6271663132698413        1.6472260968753312     
   8.5325748931017725E-003  0.30121430684052813        6.7192294363985050E-002  0.28929103090767511       0.28872862560484180       0.25586226013180924       0.26729041134961834       0.27916083105969125       0.43561444769197810       0.38577717079071305       0.39485464731101555       0.22323955909435400       0.27672406057083310     
   1.6453126153694611        1.7814483123420368        1.4967366405595284        1.5834574371053889        1.6280149878249508        1.4892352480156457        1.3151184045690183        1.6306310909344135        1.3859792337402261        1.6265980276638607        1.6946718968460226        1.8869043853496332        1.8254705220054444     
   9.7515661082404077E-003  0.31568310885099510        7.4290978829292420E-002  0.30664020168465256       0.30509748752275223       0.26797821577542313       0.28145987625064606       0.29418008546068769       0.44374375485361661       0.39269228683305296       0.40892577997570007       0.23803798442771945       0.29485195346494819     
   1.6885264725629998        1.6815667911612071        1.5191221963657817        1.6434182267864603        1.4842144361995295        1.7520199762401583        1.4680281477030019        1.7657322271709734        1.5581958876674240        1.8680991180996513        1.5582754892123516        1.4409065893836848        1.6985742303957601     
   1.1090592661845235E-002  0.32819058876838603        8.1604335782406917E-002  0.32165803239966029       0.32246382761711379       0.27960832034537425       0.29788982675281062       0.30916177375320925       0.45286302056989630       0.39815623786137816       0.42221997157014968       0.25343572433225103       0.31302709182858873     
   1.5376729046186757        1.3034199284344294        1.5204881573861035        1.5679422418023703        1.5561274617176799        1.6209662340425390        1.4410280760590668        1.6671638784293306        1.4429311887694742        1.7036936616019063        1.6635968446865093        1.4977074810229518        1.5041033737182934     
   1.2576724798007432E-002  0.34026575931661973        8.9775025859552549E-002  0.33675530747255467       0.34058331641068357       0.29265894829744887       0.31429907465996593       0.32519050832957452       0.46140732590163891       0.40414247981888257       0.43442224464312251       0.26960524896249005       0.32818314093374501     
   1.8026535797704235        1.5068758999768745        2.0848181278985054        1.6422847857788010        1.6862689977854031        1.6686299244910960        1.7538200811695988        1.8325931631689263        1.3590741352804161        1.5302743570012076        1.4946772538443576        1.4460624251519267        1.4696291280623237     
   1.4106364968584795E-002  0.35360303709332297        9.9224823955254005E-002  0.35253203280174417       0.35798743317595394       0.30514942477542634       0.33074224048267914       0.34137063426668462       0.46982000935653434       0.41044070908422953       0.44793709162022194       0.28640839927853073       0.34413988495098946     
   1.5274958146529534        1.7665675376226704        1.8512046830911304        1.6270847035212803        1.9409614239030237        1.6453537925364077        1.5361428970095443        1.5832895501522124        1.3890718555925923        1.7629837931967967        1.6013914689552462        1.5897126299813018        1.4681962364700396     
   1.5931330425170722E-002  0.37007779002540692       0.10881147962721147       0.36791945190704006       0.37465780677103283       0.31552274304931338       0.34598173311073116       0.35682720065514345       0.47840784893785088       0.41673386497605291       0.46303611120029509       0.30272218690545571       0.35799037847407089     
   1.4474039621935195        1.5722796395761129        1.4756022167527396        1.4598858141573026        1.6626698116064553        1.4464383726155725        1.4313047934402698        1.6119342154882412        1.4585243117674156        1.3869397447692726        1.8745297109852832        1.5873029119701370        1.6636992438757372     
   1.7835990114025639E-002  0.38759320912331552       0.11746293726836424       0.38337982721322666       0.39075641022615887       0.32622107269391981       0.36137139559149972       0.37149004740693514       0.48722315606721006       0.42282450261736210       0.47800608771607922       0.31862493913493750       0.37204201244561358     
   1.6130638618986841        1.6729773520007307        1.3686310248317048        1.6718720353832157        1.4705081958662172        1.4230628833656456        1.8270577199829690        1.5243569329613122        1.4046807166081563        1.4991251664475687        1.3046488625480710        1.5147233701527889        1.3382720348474466     
   2.0225018547347255E-002  0.40428397363504104       0.12642612257974528       0.40072203083091157       0.40684204521445594       0.33897825205278298       0.37634992160137243       0.38661734803617104       0.49598934236715880       0.42861117215294314       0.49218227455413349       0.33506735558513168       0.38640824961538872     
   1.6967898622667013        1.7341487263784685        1.4675886776152540        1.9016390291773497        1.5246511427453786        1.3234524976159514        1.7643611300028104        1.5656090674510745        1.5022652401656198        1.5745496911257950        1.4087895010540181        1.6694703117207261        1.2807818023827942     
   2.2761713267090162E-002  0.41884860957249931       0.13644253591018388       0.41962463031105895       0.42307509673871851       0.35233311961928504       0.39441687653463997       0.40178302231835639       0.50610018485614228       0.43473900295167656       0.50751312197580933       0.35232210691097049       0.40080913720798711     
   1.4436194386101342        1.4050353257473764        1.4987159185656607        1.8849717770775329        1.4443673209858328        1.7233797015387102        1.5257000146489788        1.4304424536589155        1.5015467587951306        1.8358027915244113        1.5544692290824791        1.5524270687819743        1.2792315054962422     
   2.5411049212676368E-002  0.43231114478255839       0.14733497964170755       0.43868384741688637       0.43905684453745769       0.36545565387117940       0.41256102996296107       0.41647868394887044       0.51635077707203370       0.44115151975149430       0.52097909500989692       0.36922649798598578       0.41588424862085593     
   1.6746888364940695        1.5567398248740509        1.3776977054325064        1.8000709978807869        1.7506652684365918        1.2986738573463048        1.7235476219240131        1.3264929923054318        1.4965272099875009        1.6153759014375935        1.4657197665792217        1.4786751230822823        1.6500306133619047     
   2.8239604546407251E-002  0.44511480683352433       0.15845799910683986       0.45757129721756795       0.45440959572027134       0.37920886840872636       0.42911691317433853       0.43100730798759285       0.52662160544520054       0.44766947906483567       0.53622263728225927       0.38461637563998186       0.43213106591757489     
   1.3860491273425852        1.6620764940685138        1.5027872576503043        1.7587084630583165        1.4867745026621833        1.5940335777005872        1.8194966805801696        1.3696103709438634        1.6221101951706405        1.4227586735419937        1.6334783946490214        1.5194975988706776        1.5196622396974875     
   3.1569259896094319E-002  0.45971644976004195       0.16953435032405653       0.47547017220878113       0.46845540711850159       0.39431865974723834       0.44370994651773160       0.44596484484340365       0.53710355440122548       0.45409517723849774       0.55334680171628481       0.40038765015081090       0.44927085112372661     
   1.6210889890780624        1.6002346560101104        1.6031569202996385        1.6159682965889224        1.6043162662769412        1.4151609085802106        1.4492997903517228        1.8405352557709909        1.5878748877531386        1.5419219019806558        1.7343655412074468        1.4278574213348607        1.8658459266604410     
   3.5147329574572450E-002  0.47719420167908755       0.18158832991460352       0.49167002914639424       0.48172801419294892       0.41014158187066702       0.46022221402253627       0.46277674929135565       0.54653770079446429       0.45985839629302505       0.56984087713635401       0.41847566591982616       0.46415207412024678     
   1.3281585183054245        1.6430668234130343        1.3838335365006595        1.6613160458218585        1.6590415514401575        1.5213106106088676        1.5297411539779435        1.7120443116776571        1.3365336479284444        1.4411147348399693        1.5974038930374281        1.5275488909056916        2.0677378615803375     
   3.9827937085290969E-002  0.49437720375012534       0.19376139039324874       0.50862732217257400       0.49341346786802981       0.42597543957704864       0.47674049291395171       0.48002351675252714       0.55663979438534739       0.46508428298461590       0.58523215294337183       0.43663035404876538       0.47812507797075382     
   1.8360635952909785        1.5431251012083134        1.3894141603605614        1.7127308351510697        1.3899513886420247        1.6400185680446249        1.7013803038074604        1.6801479696232722        1.6245947456083749        1.4460335544975937        1.3615130107484059        1.2227981228836662        1.4962758143507044     
   4.4710102191975847E-002  0.51055604944665012       0.20565011189280633       0.52518442332976034       0.50599848379409251       0.44172290415970772       0.49260444579529417       0.49618596162983358       0.56739574455412400       0.47043058062267029       0.60087430537016473       0.45555159727502503       0.49251057456390579     
   1.6092174656639049        1.8321562056639991        1.8676708266797482        1.7043200451145704        1.5825192504131467        1.7587015824309866        1.8267955081143528        1.6227888572251714        1.5858025535138716        1.4705504512587078        1.5726092780472363        1.5549084276236902        1.7242582645277402     
   4.9495554621915676E-002  0.52666208137104931       0.21783985639810013       0.54047135042784156       0.51811843265338298       0.45393718860213766       0.50820333392871841       0.51222201986906812       0.57746308538940150       0.47597145203433650       0.61533038413034247       0.47433558688524186       0.50743637797888574     
   1.3946935005759669        1.6556551811094904        1.2425754263362763        1.5192018601754556        1.5925309617659440        1.4386919477469575        1.5537620095609894        1.4863191108746288        1.3075524086894978        1.8741124688702648        1.6173190499727557        1.6186470151040406        1.7240702488677011     
   5.5103733172421232E-002  0.54302135869313384       0.23077920519127015       0.55560243299599232       0.53233176770860469       0.46720332131411635       0.52421796179159097       0.52824295964640178       0.58788240751658616       0.48179981117282605       0.63053939226515521       0.49206455205497496       0.52367446398193507     
   1.3675735847260664        1.7176136622713225        1.4043709494931222        1.4193783781744829        1.5598440701521592        1.4447996063307142        1.6956908132125459        1.7571081826644603        1.7779639544086598        1.4574496968820907        1.6524186507749987        1.6610039128302139        1.7121019152702002     
   6.2019306630921860E-002  0.55985001241272347       0.24546243116860403       0.57110592959074535       0.54741761383093934       0.48240898634174184       0.54087441882262866       0.54485668192954750       0.59892770033460652       0.48810349247050627       0.64854272937439905       0.50786294583026470       0.54021564158827562     
   1.6293798186525710        1.8061711878348801        1.4542572076062246        1.8813095394630870        1.5249781617537914        1.4404395545761941        1.5269831356311578        1.6885973453721781        1.5612470140675574        1.6455538251970427        1.7270545152178447        1.3805164020351115        1.7478659992813610     
   6.7748952369730428E-002  0.57572088527524035       0.26073865296070475       0.58660578551924270       0.56360539003857757       0.49665345299948427       0.55739411734802136       0.56239857939399318       0.61042581802712903       0.49455373718673257       0.66466043721882107       0.52180776168389642       0.55704108528812479     
   1.3403037773287882        1.4691721782089500        1.3306783682807068        1.7749523734593295        1.5516900851723325        1.3593303733902049        1.7908285656031573        1.6387915224278589        1.6414193531661165        1.5224010158029999        1.4247475907103446        1.3326738694402398        1.5918623578741506     
   7.2399986971927080E-002  0.59095139868312530       0.27742729031098379       0.60070869223336765       0.58105350081745122       0.51024734261908011       0.57539455815360852       0.58151485526464508       0.62273736625763165       0.50077318990039066       0.67713310261366411       0.53474210915965614       0.57085153451348969     
   1.3433170322934302        1.8792941874344609        1.4650842956323613        1.4901871555087751        1.6428000665997733        1.4083166275185475        1.8098291361113126        1.7424008297182816        1.6961642662900669        1.8499832913675722        1.4974930803544304        1.4170489896514309        1.8732010970698465     
   7.7884119848386654E-002  0.60708240431209992       0.29503600508354261       0.61328762219815736       0.59776208054127888       0.52525634013934897       0.59353231993404609       0.59851948206742056       0.63443679125550045       0.50691775487503798       0.69000526157536268       0.54809407377208164       0.58458968733936845     
   1.3214489606089275        1.6115524133940513        1.6257026516780069        1.5158676502050872        1.6136811040203316        1.5343451890797977        1.8066923266173249        1.6895120431695905        1.7012361963979477        1.9424378597012542        1.6035734019563783        1.3946811646870214        1.5453907268165616     
   8.4411290834592867E-002  0.62324867003402573       0.31304835129531156       0.62812523982630053       0.61389089993968771       0.54069518287491525       0.61069493979690681       0.61413399936007762       0.64603506760899709       0.51289958378261413       0.70316032802208084       0.56227324823007729       0.60033910984154870     
   1.5782006670831521        1.3121447977838370        1.6245245203073582        1.5950674319285301        1.5136044722850899        1.4268844126382010        1.4674760460068585        1.5142291433915480        1.6205830761388373        1.4417740282079463        1.6231277271157618        1.5959771576947059        1.6074082261005136     
   9.3193404147025996E-002  0.63988027488518107       0.33222090226792184       0.64448071465761325       0.62891314892613392       0.55757824423272362       0.62755244159113666       0.62913028295871332       0.65742555106580802       0.51904087931211418       0.71746153823753067       0.57620893166100295       0.61651037898569661     
   1.4819652271149035        1.6833456082867366        1.4035429809072040        1.5925839799053754        1.5232567248404725        1.8895940640046132        1.4614544776545451        1.6232713393611791        1.6036389996917069        1.6201965895939443        1.4398484334366342        1.4287580245035387        1.9110133460314105     
  0.10314136753970446       0.65667080820435308       0.35206907478503674       0.66108819528908003       0.64385130673228697       0.57495205993764564       0.64507720149792114       0.64350526881145120       0.66871701907866588       0.52566513447388075       0.73338005441150322       0.59072148392371726       0.63170392822078592     
   1.5436629925738303        1.3773493649213575        1.3962040518139527        1.6733158479176697        1.4553298501502734        1.5259362667929153        1.6870435673769812        1.4671831751424651        1.5390197112306443        1.4981445430427309        1.3147078918182984        1.4364333316749096        1.5301051675072230     
  0.11405838533974474       0.67125508795607070       0.37215700100859744       0.67505131843438582       0.65761524050938591       0.59131409336560647       0.66273540739499881       0.65960369251932416       0.68050178537028327       0.53252997802336643       0.74954573129041402       0.60615464585221601       0.64666804710792458     
   1.5669915572327686        1.5806379054592559        1.5847393300783477        1.5216081825168872        1.7426833009908116        1.7569418506156367        1.7362044538706281        1.8174721475273532        1.6319274682728451        1.3685459468527343        1.4928388900993532        1.4514108424490186        1.4748598210212365     
  0.12956444077316226       0.68679690365606394       0.39453062452181581       0.68740157702691707       0.67020426100186670       0.60706495270785077       0.67960233889671473       0.67595625188248099       0.69208832247392327       0.53912506873684951       0.76451903049414438       0.62173649251672169       0.66168097852954599     
   1.3479469869732719        1.5837683563061744        1.4511041056215475        1.4100723736546084        1.3183114744069901        1.4614082161283144        1.6244583686442495        1.8949444996002673        1.3915890685744172        1.4113132488350735        1.4702481829632967        1.5448975955539375        1.8407510731437444     
  0.14636937915528447       0.70287060566699699       0.41832227209413547       0.70070097022765143       0.68252545178267687       0.62518439208322296       0.69702112875093625       0.69245983100632025       0.70313401030090528       0.54540008822379971       0.77827227538248023       0.63693733735610192       0.67885898041593329     
   1.8194521701230364        1.6449849816646172        1.5908183724980400        1.6363559255646978        1.6558462023495895        1.5293681468853735        1.6965876241707238        1.4899446368525897        1.5387662261287742        1.4339346284616132        1.4806620944598639        1.7191439637593311        1.8266528314608099     
  0.16252163056211033       0.71768548064469784       0.44255496913429537       0.71576341901016716       0.69633521206614990       0.64382454160749369       0.71279565976008208       0.70956529344154029       0.71459562807512345       0.55175297034786108       0.79107288471653159       0.65039885519730467       0.69749119222415623     
   1.3998625989351841        1.5799917139269148        1.8641723998746855        1.5690234447801097        1.6469121703117584        1.7986190953790873        1.4557194422764923        1.8087933969473244        1.7417924383700298        1.6413066618454584        1.3759197810408683        1.2834385034663467        1.7954420308251235     
  0.17984940476666178       0.73022981816992494       0.46521127180034466       0.73123199381089454       0.71112257033947968       0.65894390432186001       0.72736620584314782       0.72333339990174939       0.72532875129140251       0.55856523671784897       0.80345072185762356       0.66207834068249904       0.71704977017859994     
   1.5118526443161371        1.4425952185065849        1.3619024879639363        1.6139834406927636        1.7475250028540887        1.5889013189152688        1.3463522823951175        1.5439074779554112        1.4256174387314171        1.7094596235414681        1.6705236295886623        1.2291189304656895        1.8006933094918744     
  0.19909986317911618       0.74315198521398473       0.48723362390801411       0.74599538984428515       0.72667367822389228       0.67386725377442047       0.74470175734488731       0.73657075142382711       0.73612970082000195       0.56594274753623963       0.81514493685270484       0.67206582150694161       0.73704961269412772     
   1.4122963656142016        1.5020561539469546        1.8802349704743631        1.4104232920129929        1.8700469936392607        1.5581935438636514        1.9982859055933411        1.3450725578303138        1.4815337762479075        1.6679484018252992        1.6308764710695505        1.4387762933985278        1.8398831348576956     
  0.22292553439360863       0.75731595637672910       0.50910752924617264       0.76096603363366666       0.74184797167042327       0.69157855568714544       0.76278819568312983       0.75117223631310437       0.74744775537957364       0.57384534595643766       0.82575992298236089       0.68497458683232182       0.75627377707328469     
   1.5677788879300967        1.4534203838759083        1.2636089200504352        1.6666564198835274        1.8500486390688480        1.6146744046915680        1.6808072682722273        1.6995293072101285        1.6942106712243401        1.3823449219556041        1.2620410378083371        1.6383297663013701        1.5058960773476899     
  0.25394192841972185       0.77273688854614786       0.53351884517985659       0.77810451935135083       0.75666717144427775       0.70883147069498154       0.77870795602416176       0.76646707972183248       0.75818306731413754       0.58177096339712198       0.83726214640281649       0.69880704891203671       0.77206540875127772     
   1.6439437274393420        1.7181841358299916        1.5409645503892171        2.0921072277719888        1.6605488888351703        1.6548728597662425        1.6120472745356227        1.7181842213561493        1.3285487025472082        1.7914140422832652        1.7757117148787545        1.8530185364523406        1.7843317990380925     
  0.30130171393057137       0.78896403121921255       0.56034929556162616       0.79645320206089421       0.77150903101800006       0.72820606583331160       0.79201177788889832       0.78108533916133582       0.76947770945554550       0.58976819429349314       0.84923783865513924       0.71768569848059449       0.78863402345320188     
   1.1858279486469254        1.8867555707753052        1.4691818767364360        1.8300479214630287        1.3266586103009164        1.6458889629939646        1.8649920270131102        1.4293626345691712        1.3514920651607392        1.4336056747710268        1.8337381872097869        1.5571918026684151        1.6666824965533227     
  0.36323653254457144       0.80493397432062064       0.58951506291756606       0.81319378980133472       0.78589056227168996       0.74755922756107196       0.80736057321223031       0.79580102943166842       0.78043402142061757       0.59791711079965670       0.86267648642598860       0.73808665042956589       0.80472434541721827     
   1.3482175929774660        1.6226092062766821        1.4007162994318618        1.7223336004155154        1.5100914775032213        1.7536795990404130        1.5339703011591672        1.3265952961871048        1.8487436985288397        1.4278893176625111        1.7614494662621565        1.5540039212754220        1.7867527603241020     
  0.41771376017751261       0.81938727329573491       0.61781588649260666       0.83071166899640503       0.80054967456414028       0.76478869721026077       0.82364637017839526       0.81367823894801394       0.79203518913680482       0.60668529136595084       0.87549719745006405       0.76356753868540073       0.82250428864494629     
   1.4098195299151979        1.4846310766193742        1.6743317771616970        1.9385996974392246        1.6218421827226530        1.5425965864513538        1.8886756942789447        1.6719012839920344        1.4717074280564151        1.3358164233962695        1.6423004652190771        1.7802089345950214        1.5228555212676627     
  0.46836334050401196       0.83242710291147226       0.64415491794598678       0.84755192164364701       0.81544184796825614       0.78254345639146750       0.84016311478279593       0.83029301262793931       0.80424824827844155       0.61672220396096400       0.88800455346751384       0.78899751819784381       0.83681481542927338     
   1.4370202465866695        1.4175017058049795        1.6296779389292355        1.4468757165077868        1.6979157696242035        1.5802880070749223        1.5755847740833995        1.7776019719682528        1.4296357070344088        1.5337390529308748        1.8169974819224257        1.8383781665315482        1.4693319793623305     
  0.52070225760808286       0.84447508603410770       0.67067722599999491       0.86419979438927286       0.83578950994057311       0.79971108095588361       0.85402096498424973       0.84674014759774785       0.81585853225158012       0.62702921126951228       0.90073852937254606       0.81313059736177562       0.85105049980608372     
   1.4221549451893305        1.4357086434256177        1.3344464840567145        1.5891778736870563        1.8655915814945363        1.4116218626278070        1.4391224982522208        1.5739773830596031        1.8411285186609305        1.9139292377665926        1.5483445689366868        1.8736625981077393        1.7939710508564173     
  0.56936623223084981       0.85802411065268980       0.69714711863336354       0.87969832836069095       0.85586573428167323       0.81703384803665380       0.87019754386036674       0.86172522760654180       0.82781696752822531       0.63749745059867735       0.91088145406679499       0.83859388611595753       0.86502023649756310     
   1.3958405243439589        1.3787432662486929        1.4257067419602492        1.7062953496079036        1.8892051592851526        1.7264656412070469        1.6133267580918147        1.6764474171538519        1.5673463368317659        1.7641010497346827        1.5619964067887073        1.4000023842386147        1.4234411102096329     
  0.61558012012809415       0.87063236047212000       0.72539114301929208       0.89496612372015505       0.87375161951477720       0.83511605716441106       0.88785431379548863       0.87506676407686557       0.84259381124459154       0.64778598731728121       0.92117304776436026       0.85535338429811703       0.87951239870333409     
   1.5884056718021353        1.4022833587001313        1.4387417215890304        1.6234997003416032        1.6751082334858780        1.5898973261685476        1.8537163132314050        1.4975994620831425        1.6803533207034786        1.9066159225273318        1.8823328975272806        1.3072792546338807        1.3190970554221091     
  0.66036722734420006       0.88902445304373190       0.75305656582233216       0.90768573393473517       0.89070868931900515       0.85435930320528752       0.90451397906151254       0.88992133806232798       0.85610979829388545       0.65880362658371283       0.93121169030348161       0.87261827329631969       0.89589345372095863     
   1.4733322581871706        1.8743299181000663        1.6281755655777848        1.3808027525799496        1.7033651838712729        1.6201445976213931        1.7946632204369986        1.6502075373522858        1.4873293178110352        1.9175340278198694        1.5333307228800701        1.5521090999014997        1.7085045205114657     
  0.70279260994831605       0.90785961016616690       0.78166300976872016       0.92055498036300798       0.90661967616201300       0.87383226662447533       0.91968441599773199       0.90491747741131845       0.86907076883938383       0.66939768137994660       0.94167218443447132       0.89019161817400017       0.91392019078152542     
   1.5708254754790512        1.5609829678394367        1.5336122385779087        1.4912521879597003        1.4424245291723057        1.5740607994556333        1.5079569877877490        1.9077038856265680        1.4401509221628663        1.5167475278907900        1.7061245366647664        1.6297927239400682        1.9521363260300673     
  0.74387691069261985       0.92134332054159174       0.81066426330361352       0.93226067985392125       0.92144552606061991       0.89191959891747119       0.93455421906656611       0.92074809239302635       0.88184847829002977       0.68305539003153914       0.95278827588758275       0.90861408577847647       0.93075042281766163     
   1.8823284633266455        1.2939250379155360        1.4250306556852450        1.5627732547068465        1.5908514541278735        1.6725367142235636        1.4404268479213791        1.4258165267152632        1.7371649638565758        1.4126512441969508        1.8750799867612831        1.2732833146448357        1.5376170934250779     
  0.78231004486147127       0.93529314006024988       0.83915115680635455       0.94420165388528421       0.93698408827969915       0.90862388062600252       0.94891098716990341       0.93665060580242387       0.89477101191440034       0.69569283064156096       0.96380849710735128       0.92699268765675169       0.94555700221152761     
   1.4773858652917611        1.5654495104397774        1.2446180590374083        1.5203348572447801        1.6483312076232020        1.8934268153567360        1.6856970333171852        1.5658620865730464        1.7485630617533552        1.5265829810944278        1.9217567222016727        1.6235522445163841        1.7740409629388603     
  0.82079492500148865       0.94956475314518640       0.86987500163625264       0.95756189313342543       0.95210046673919235       0.92671664470811821       0.96207246167521687       0.95345395450442161       0.91037451187323848       0.71788322567397200       0.97395810433378016       0.94497483537712768       0.95946926406316635     
   1.5714636100421444        1.6676092794235533        1.4022326991635423        1.5465410766306211        1.5444218330672062        1.5417151448607440        1.4138355707970440        1.5838477594470506        2.0190313693726023        1.5363641720670596        1.7854529100364680        1.4434753159492977        1.5201286010542936     
  0.86125922271866628       0.96487720513262143       0.90974315116710758       0.97180428721749912       0.96796199080189094       0.94542007782605164       0.97527241909231110       0.97100864801341413       0.92702269896624279       0.74328860313066614       0.98324372005541161       0.96391639668983686       0.97305345085753148     
   1.5402993497642554        1.7112240145514108        1.8383820799593771        1.3939397093562116        1.6057256917927250        1.8270478214707926        1.6461645459070229        1.5635434027407320        1.4762778073763914        1.9842091321915412        2.2704138638048565        1.5889102761884266        1.4213532384195862     
  0.91841438112746288       0.98257841251310085       0.95347532718815664       0.98616441124958742       0.98343244977578881       0.97205972359726511       0.98728104902018798       0.98552067660642206       0.96007645211471937       0.82664262801082122       0.99188211132748150       0.98138843132453102       0.98669332213101490     
   1.8090158724625542        1.9183279347879798        1.4391556450147198        1.5151763541074428        1.5699283548261269        1.9842317989005760        1.2579767071668049        1.5500455423393633        1.9237542368431149        2.1064563085184438        1.8682203339543220        1.3773421457164627        1.6352420109249692     
   1.0000000000000000        1.0000000000000000        1.0000000000000000        1.0000000000000000        1.0000000000000000        1.0000000000000000        1.0000000000000000        1.0000000000000000        1.0000000000000000        1.0000000000000000        1.0000000000000000        1.0000000000000000        1.0000000000000000     
   1.2040506232144310        2.1410815583911993        1.5571991353858792        1.5012762595119005        1.6540490339271536        1.8006150038180313        1.4695854901648608        1.4641325544326438        1.6295551817663274        1.3726903851481587        1.5812456633284422        1.4908729485018950        1.6359903485779341     
   9.4998505681204879        6.4806627657604343        10.573160041341341        4.8019736112400322        4.0143955009212577        4.2944352290813024        5.1271024910522716        7.5341112366074228        8.8805054836749076        3.5304860886528755        4.5880568177484138        6.9381377890411953        4.7029556759201112     
   6.5822152306672326        6.1935489362411245        5.5628577918435376        5.4371534318175252        6.6525158659228820        6.5356475301354493        7.3770548354815553        5.7040170339475926        7.9718070137159360        7.9080874609861080        5.6829311696364941        5.4596480297661243        5.2568937046756128     
   5.6081805872490786        6.5038527264383355        7.9014242822945100        6.2918796503723513        6.4284422434311148        11.592601794460375        7.3412069619567406        6.4432859974876129        7.1271431451138936        7.4195886484796647        6.2460873130625307        6.7027801659312711        9.1353516554882184     
   7.7081837796845694        5.8422807296236048        6.7035229589679757        6.7193859718174149        5.2949375884208676        7.8986990179917029        3.9033542106050048        5.2795044416132146        6.0936375985563531        9.2577225258899691        6.0429374479481792        6.6778912616425208        5.2396022085883773     
   6.7549552801008668        5.9987591898020955        5.5914595351236063        11.099694059656700        6.6046342288010047        5.9841352305431261        6.2561300838233915        7.2647297103882869        6.5023359418951019        5.5903219426825634        8.1001202740805862        6.9318650858436186        7.8963375797790247     
   6.9395593186732718        4.8254628311370888        6.7363460788346829        7.1401276040584909        10.439119250932924        4.7196181310197272        6.9359964210629537        6.6130644953568920        3.9436995955035701        5.1417240215070317        6.7251851098133981        5.5441304464394632        6.8290412798857814     
   6.8984241289807429        10.839141621315706        2.8531067586064212        6.6749350656714936        7.2991979637437598        5.4518502727946920        5.7585812479993832        10.125280858139803        7.9793313002297017        6.8793674941344847        6.1368154188959325        6.9187900265808402        6.2007016140363902     
   5.3620283328419056        7.2604060497920360       -2.5924278844890005        5.0320112035572429        7.7057004629754795        6.1528917661829947        9.9475080542093615        3.5756636770899668        8.2821172107723342        6.8940409676194472        6.3290484441286239        6.2380054493218502        6.6486149690116534     
   6.8144576768742722     
           1           1           1           1           1           1           1           1           1           1           1           1           1
   5.3351378742236504        1.6220405284641042       -9.2144326840185829E-003   6.3366843665639339        8.1448916699971757E-002   2.2448411081298086E-004
   3.9684275038763726E-002   3.1025867857899389E-002   4.9374457935434960E-003  0.11491785431215652        4.9361622899764751E-003   1.1833424993161076E-005
   7.2231875647057612E-003   6.5515589075049023     
