   0.0000000000000000        0.0000000000000000        0.0000000000000000        0.0000000000000000        0.0000000000000000        0.0000000000000000        0.0000000000000000        0.0000000000000000        0.0000000000000000        0.0000000000000000        0.0000000000000000        0.0000000000000000        0.0000000000000000     
   9.4322976223091030E-004  0.25943628261218799        2.9064977757070785E-003   1.4137536623478827E-002   1.1904601382224798E-002   1.4097767933298300E-002   1.6122835201361870E-002   1.8933552602890202E-002  0.45081444159409845       0.13160317257546716        6.9142945942148384E-002   1.7257952534633872E-002   1.4340303514407762E-002
  0.82471990373516502       0.87388880975378425        1.2855509289833880        1.1107541993532415       0.82461669992012487       0.93456269957380278       0.86666623624881123       0.91709498825686142       0.79787879621389213       0.96531575124721647       0.93573937221722414       0.94088184769920469        1.1197093581335276     
   1.8202432184671812E-003  0.36668419588124962        5.7514430250537501E-003   2.7310143535831600E-002   2.4067444050419301E-002   2.8094142503963662E-002   3.2255188253254449E-002   3.8656496939950422E-002  0.51009152587718964       0.17105281841543729       0.12280194682775443        2.9274008202395625E-002   2.9292931378878263E-002
   1.3195935490000867       0.91519415799491100        1.4280351396792461        1.0161855425339665       0.95179583254731304        1.1296116496536983       0.98811125095735164        1.3206929136492451       0.96204977092373922        1.0117742270935113       0.82816477454994042        1.0688818150349775        1.0391751108849829     
   2.6151047031796582E-003  0.43209700814743945        8.4971646792268620E-003   4.0844053912369949E-002   3.8268562880565855E-002   4.1523041096849310E-002   4.8550502169963247E-002   5.6021466119884428E-002  0.54560223937653785       0.18817518681097151       0.16258381001391603        3.8066783654608374E-002   4.4209824477724188E-002
   1.5086320826233517        1.1162819534704391        1.1170019526278792        1.0809638772521055       0.92764395697494828        1.1131899206879621        1.0453197897958164        1.2114853247416877       0.83763646311922757        1.1994872102403504       0.97444651052697029       0.93876881116269228        1.1237793041115025     
   3.3763605626174940E-003  0.48008517903469300        1.1552839864090381E-002   5.3993239723610052E-002   5.3443998382951254E-002   5.4189535255451185E-002   6.6007008838785561E-002   7.2219755915048561E-002  0.57635381049061118       0.20025365335958037       0.19781657990834078        4.6254185201931648E-002   5.9511903998606785E-002
   1.1626950159940865       0.93571070983064031        1.1051091057388529       0.99067156865141026       0.87026734320912058        1.0104313744018785        1.0676423522097045        1.0253882400978740       0.96168650097943553       0.91942064463135564        1.2577955758025512       0.89406038128432175        1.0353189365142828     
   4.1758352106458976E-003  0.52039770289303855        1.4920618652555579E-002   6.7661286580071450E-002   6.9544226413286919E-002   6.6463351714008106E-002   8.3912939589886187E-002   8.8051537797841556E-002  0.60291005517735363       0.21219477398287176       0.22530188493786044        5.6550130228137076E-002   7.4384272406219323E-002
   1.2782833715316810       0.93655143199638247        1.2854577755788805        1.1673002807838957        1.0982990405274449        1.0470719505831072       0.98204269445688452        1.0477541579566805        1.2352178837012213       0.86792829334888377       0.99455197195183087        1.1856170573599503       0.93970553277377589     
   5.0677619010503112E-003  0.55429346503385990        1.8573583633855827E-002   8.1303275918528747E-002   8.4419196526503260E-002   7.8706051288225817E-002  0.10152327757569662       0.10476006593327740       0.62701559683508457       0.22221871847491734       0.24671388590047943        6.9747327991143804E-002   8.9147255674681986E-002
   1.2198974760814640       0.88357899053926592        1.3260527050503181        1.0147515898803252        1.0020119523446140        1.0231376517979345       0.90862519954761101       0.95909962734202947        1.1318804845399315       0.87991858842199955        1.0001289822958441        1.0084326702360524        1.0617187005075819     
   6.0364851104845827E-003  0.58330015344268760        2.2562434968436466E-002   9.4352506795634436E-002   9.8846941987119866E-002   9.0842750496281058E-002  0.11944205769555609       0.12147689610003096       0.64853861710734939       0.23100863611978198       0.26355111063199199        8.1709298241636988E-002  0.10599144929315561     
   1.0369325332802299       0.92140060319624340       0.97346794569792450       0.94112493835133126       0.98961467491913369       0.98156763945661996        1.2845738107457929       0.87524011543016844        1.0910514979813137       0.87465250846105491        1.0187198963760209        1.0672991290632778        1.0943108702572044     
   7.0254348266002341E-003  0.60820840144960164        2.6823585225974667E-002  0.10587843888515623       0.11414312668956189       0.10264777519129402       0.13745267375409001       0.13774817277381138       0.66727793171950667       0.23972738899377125       0.27786147506330738        9.2993466049855991E-002  0.12409821631793699     
  0.98559784195155686       0.94851074615064523        1.2040458276853618       0.99667223797981153        1.1322959223240485        1.1107644841481854       0.99831973232393345        1.0040188184729797        1.0870806313478236       0.83072679216239687        1.0587467426918891       0.89413282725800025        1.2154879609696734     
   8.1200694477435494E-003  0.62790106093266296        3.1337828503094876E-002  0.11395575622298668       0.13020329486572838       0.11377400291523961       0.15483059098499319       0.15344230797462347       0.68377612707437974       0.24893707370857837       0.28999675030882782       0.10483414874192887       0.14208718822184280     
   1.2169212948310282        1.0988695381015456        1.1271786209328769        1.0182028922187909       0.96557126413264971        1.0127966896881664        1.0202819123573259       0.98584327984591857        1.1322935690552343        1.0586802806508437       0.93481597440206299        1.0542375299422846       0.98609057016445845     
   9.2273994563595862E-003  0.64846588848310949        3.6108858112845268E-002  0.12383741135333724       0.14719201456399306       0.12435674577869353       0.17129821924112151       0.16956232125170928       0.69803483134629463       0.25842262895546803       0.30151626618233318       0.11712263443122518       0.15966584088540448     
   1.0842193714819945       0.94384564007057570       0.98564535038398349       0.95844532970581453        1.0949380086870233        1.0992459222078064       0.86489179254721682        1.0035597359428872       0.96242247803112269        1.1506212243523524       0.89967412016408044        1.0868011794624497        1.0874747402138962     
   1.0363875516284218E-002  0.66797863641706101        4.0889412733831260E-002  0.13388634456445214       0.16325718021370433       0.13609527529349805       0.18761397234040339       0.18666472065225934       0.71118701294830133       0.26715010537782641       0.31417573572992696       0.13002225479672466       0.17571573968047668     
   1.0636247278330093        1.0526843886269031       0.96415378958390452       0.92709560321582851       0.84837656316588739        1.0718296398921834        1.0056548882992054        1.2107049050048746       0.90819962507500462        1.0120871187415375        1.2096589237197328        1.0230006507136671       0.93846054706714077     
   1.1775350754760508E-002  0.68427023845110524        4.5753951644801033E-002  0.14451310225361480       0.17856583635726447       0.14846007766207855       0.20320529612625113       0.20480490827491613       0.72344366797950532       0.27537703051304385       0.32668122812316158       0.14401896616132620       0.19376730774929352     
   1.0184327898456091        1.0166010275113948        1.0581108988662078       0.90506163149660279        1.2064503063550702       0.96367213869974178        1.0616256822687469        1.0732903942436303        1.0632796023866879       0.88672032208339557       0.97053648609811438        1.1378759836022461        1.0605486673428401     
   1.3328619177757527E-002  0.69935452600687242        5.0553753731612978E-002  0.15675147068140399       0.19430940916493200       0.16231053753218377       0.21624776973072335       0.22306513275768858       0.73471153601614858       0.28312124978587228       0.33881252456622618       0.15832733127774473       0.21364598102903248     
   1.1956845647841667       0.85554285663975971       0.99781721205620943        1.0396820271063552        1.0496889890171954        1.1562839123316633        1.1349350518816110        1.1531020867307746        1.0455878512505818        1.1114538657323088        1.0453532462592947        1.0852668747710490       0.97927142291592129     
   1.5010046355502463E-002  0.71388838624118978        5.5462284505931984E-002  0.16959960410492159       0.21050506136671529       0.17552422518282015       0.22813287742875743       0.24010808291187580       0.74623592460676014       0.29176578677161641       0.35049357836896988       0.17382560377299830       0.23318936361157167     
   1.1486326184678035       0.81043451539229872        1.0652546323776562       0.98126462941374226        1.0040305048570783       0.99140047405985310       0.99681993354601728        1.0000427348420864        1.2305166058691772       0.97622603572291133        1.0174685939898593       0.92612987730431118        1.1733555498255162     
   1.6810612272391230E-002  0.72812099673132302        6.0608820655837441E-002  0.18376959386200076       0.22219903384869216       0.18878606143437954       0.23957110484768399       0.25649762998282949       0.75676891193469020       0.29994793745342790       0.36170729712244859       0.18789485225560296       0.25096217128745218     
   1.1004266204598676       0.92922262097533126        1.0486031272413354        1.0038305027577388       0.92890982451164505        1.2383429547806566       0.94731669584915623        1.3571479137257225       0.99083712183634354        1.0487192448064622        1.1785620596742230        1.0637802770317510        1.1115261362644773     
   1.8699820572462878E-002  0.74163375726661407        6.5725137744266721E-002  0.19767303130224353       0.23394035185493306       0.20145265287965916       0.25542276111615575       0.27143719099963204       0.76593245063654780       0.30833847092295052       0.37332057905557947       0.20086172896775448       0.26667316649803824     
  0.97058749705379610       0.95375997155212999       0.94089366341847080       0.92839560461911474       0.98337942510513598       0.97713698074243294        1.1481005269307099        1.0554230100231867       0.80895039313804828        1.1736578166884930       0.98305547418141215        1.0196273985669093        1.0141575105105434     
   2.0825227071638999E-002  0.75497789523651315        7.0452580661394149E-002  0.20959966054565551       0.24706241142861274       0.21447504774924342       0.27339453575882261       0.28634726371427360       0.77487458396641062       0.31565495031671259       0.38513491312891135       0.21587233365067549       0.28096623907966883     
   1.0724160636526090       0.96846266697488759       0.93400307486420930       0.96980065688056860       0.93190022742662826        1.0784685414570161        1.0703860867735258       0.95814078140219283       0.86974839904827528        1.1117208636525000       0.99579216737422449        1.0353863527523020       0.90725888218527995     
   2.3278330944898992E-002  0.76752108219958282        7.5090808692835312E-002  0.21926754072927129       0.26010008078123886       0.22679041562249772       0.29317203712540002       0.30151721152142957       0.78373276198234787       0.32279185655561948       0.39796341763853610       0.23306431242964382       0.29377165676952793     
   1.1086274987241269        1.1882655180405282        1.0782382447141610       0.86632647435979149       0.79576258119345078        1.1823382034119445        1.1680129572555049       0.79342736440642858       0.90136765114761164       0.93101231192844769        1.0570090442924551        1.0670726996204039       0.87012114921574102     
   2.5989939920659032E-002  0.77924563538945113        7.9967736156233385E-002  0.22865028909510851       0.27506291359890972       0.23984297271818247       0.30667342843184520       0.31669700631002584       0.79260660676587713       0.32944897722883582       0.41162585362823856       0.25061158163356184       0.30608516331160718     
   1.1782696141336837        1.0169218943421579       0.96413415205498598        1.0279542675242515        1.1532409292701182       0.97187372001649919        1.0120198760929635        1.0098053083831069       0.91519415799491100       0.93455141537777209        1.0947327454298699       0.99126600355407113        1.0686747338779161     
   2.8970154333861360E-002  0.79049114353252348        8.4915057227223076E-002  0.24073527828987171       0.29014933717814362       0.25327149310921088       0.31927722260638802       0.33179251114771113       0.80098231639706663       0.33648612723018623       0.42462117498113949       0.26713165085564566       0.31793594803680153     
   1.1138899860457288        1.0420193509293407       0.92871135229235235        1.0172873789086814       0.94948856507760115        1.0761323093010149        1.0163689438113290       0.88226117414921945        1.1616034370739685       0.93831964287010006        1.1375008451414683        1.1341362299337201       0.88203604216748821     
   3.2248074124264697E-002  0.80102036825050849        8.9770491266252583E-002  0.25379106776503990       0.30267592748258582       0.26742775969053717       0.33157816482974889       0.34385129615006665       0.80931548106465168       0.34350058295925034       0.43634208240768563       0.28431500691170458       0.32935617450170063     
  0.96046543553052388       0.99156318212231931       0.93699104914661646        1.0131593573395625       0.87478819142691733        1.1712033225692982       0.97812898165904427       0.87890852253060747       0.99856275735518663        1.0204650155940898        1.2800261563427431       0.96444726755346233       0.88310315958604746     
   3.5841470313555043E-002  0.81176765678313523        9.4177415129291356E-002  0.26640987426195989       0.31561963703525731       0.28159035715394565       0.34403316742271628       0.35361954766307196       0.81777194559276700       0.35088560288359660       0.44932454365750452       0.30200982902553941       0.34204913909877049     
   1.0564340304436013        1.0924695662272239        1.0086625531745159       0.94097954895515723       0.98144990266625109        1.0637919486340099       0.92291589811856689       0.80560892089090619        1.1031401776267376        1.0064239573254956        1.0881547672005751        1.0218992647208471       0.86354463894707767     
   3.9485441712067575E-002  0.82147161572971972        9.8803842750045584E-002  0.27932503193901154       0.32780532655820382       0.29543429221796208       0.35827844175582735       0.36434873635892001       0.82611780357206466       0.35848322298121732       0.46336701353046134       0.31949843148638851       0.35757805338049931     
   1.1321245637622912        1.2016347330526591       0.89893515483788522        1.0235147610176214       0.96074514956098389        1.2002589314457224        1.1659334334240510       0.96219832431050334       0.92557202050187992       0.93746244289960889        1.0609879877389585        1.0710995182800696        1.1562388750749761     
   4.3255977479092683E-002  0.83078539465750800       0.10346225228712301       0.29391761768059460       0.33832319103747510       0.30970281407495798       0.37494447173097528       0.37700340051760811       0.83437073428678110       0.36597186562348061       0.47759572215532375       0.33687060702090338       0.37402737269739539     
  0.95418211130729491        1.2678699294100544       0.84415102276659104        1.0021400788244619       0.98442657554439139        1.1299048839894945       0.92778355822282299       0.95552779340377636        1.1492282991088558        1.3769057549692103        1.0999234094463981       0.99589226362237904        1.2141897037580882     
   4.6868306686416943E-002  0.84006756475605138       0.11092385182499062       0.30950157574573389       0.34993661541202736       0.32398647304986383       0.39172064311582661       0.39123212400425583       0.84221371903811104       0.37328887386409987       0.49196245958763896       0.35305640584138642       0.39051203167050502     
  0.88824700136651369       0.97066331717906662       0.96843449752863220        1.0152634072962610       0.92065315270600401       0.90268763103771954        1.2516761062979178       0.87074753491382673        1.3366530376833090       0.99212139990190151        1.0315832241942180       0.98073118555253380       0.98895886534885014     
   5.0386031858650218E-002  0.84942746650763190       0.11846058795857767       0.32463615850805433       0.36377668375463174       0.33853005222077703       0.40917720174940458       0.40880499884633115       0.84979760661164172       0.38072428934168639       0.50495348372059290       0.36832138867860525       0.40669014383393992     
  0.90507043224874817        1.1086911223942129        1.0353074367750095        1.1540356181915961       0.94712889953290647        1.2659182920404439        1.0802251503394433        1.0812074670680314        1.3234867145418749        1.0681661542084102       0.91452071129165824        1.0123091701987565        1.0801597458440269     
   5.4429522101951969E-002  0.85833381474297910       0.12586039243179983       0.33956979140010601       0.38061933136037485       0.35293728627738757       0.42751331237840984       0.42634761353686029       0.85724176893289961       0.38800051683183046       0.51807763685566155       0.38477392134321209       0.42238889049916872     
  0.84304317762471281        1.0257216547350818       0.96682044109577692        1.2447314928673991        1.1004726230868631       0.94791602627323057        1.1193246352761272        1.0547680612784371        1.1494674046570703        1.1227845624647761       0.83091318285687465       0.91634593675856990       0.87206232701822484     
   5.9514336943648168E-002  0.86615926863166304       0.13335119871919238       0.35516734236619457       0.39849758712192146       0.36639500755295445       0.44491250788547937       0.44228864504053350       0.86432144625259111       0.39515936356708042       0.53127562010789842       0.40155494776859246       0.43832631261552318     
  0.92764050193006709        1.0107707152788112        1.0442048739013050        1.1001855682185602        1.1181238738180528       0.93816606707837669        1.1297464284707388        1.2697664158843702        1.0324151638241026       0.90799560409036317        1.0824679087911766       0.97396830655399447        1.1238855251015178     
   6.4826984425862960E-002  0.87339341916182411       0.14045613829614134       0.36935167599273477       0.41521797533272609       0.37988937176470683       0.46059307059314147       0.45773282377541502       0.87060321123080986       0.40244090598638699       0.54429093269420548       0.41677117833627314       0.45351840894496626     
   1.0112607243859013        1.1629740492818512       0.92244566210187928       0.98285848565963962        1.0241466715334449       0.91910147044750268       0.85037913824309574        1.0579634651848673        1.1026172958112868        1.0294169474955102        1.0742809658423986        1.0809435783428620        1.2203543965265085     
   7.0256633016098094E-002  0.88079210536453068       0.14964841217753994       0.38654861249013711       0.43039598026166920       0.39418344429746555       0.47425969136282792       0.47302329347020428       0.87609892982009585       0.41021836529292915       0.55765141721934897       0.43039750445500752       0.46990581152419664     
   1.0244901128608472        1.0464409025405663       0.98533363011346853        1.0419393511316064        1.0449116247895669        1.0849106501573669        1.0855250114120509        1.0288586937356419        1.0907267724133916        1.0887453850169133       0.97075768349197356       0.99878110145015897       0.92736964186232773     
   7.6301038519226830E-002  0.88796804208139990       0.15814224236549551       0.40260861818343607       0.44535422726477369       0.40876286489515989       0.48845547168271364       0.48904508079515741       0.88178724466733827       0.41816215445980015       0.57158573424263348       0.44370759338318999       0.48715723182890253     
  0.89388803642223635        1.2129004705428648       0.94519366132161919        1.1387201674501963       0.98217719007921467       0.92180950857164379        1.0864938770150423       0.96921898572091092        1.0821872314414613       0.80303780804401481       0.94625603390184554        1.0332902633780938        1.1066784622951185     
   8.2801922978314499E-002  0.89485475422767335       0.16698037505951613       0.41958688408875533       0.46171971441489623       0.42347198631236205       0.50343190144652017       0.50357687869903378       0.88655258348132604       0.42602394049041226       0.58546349838463141       0.45554924676016056       0.50549036868247088     
   1.0184279564384031        1.1091268575059972        1.0015211678194638        1.0621014535476980        1.0082763058152582       0.82598406528706370        1.0537531797672608       0.97890883128260020       0.95705971055486228        1.1469505408545342       0.89613791258515818       0.86767500244954621        1.2249433550471696     
   8.9940680188256295E-002  0.90145218354571177       0.17611383208598824       0.43539202146413963       0.48101835435730989       0.43899653180158893       0.51773182719854904       0.51536080114097527       0.89131923879891117       0.43437261902155122       0.59846063148638062       0.46783424188482625       0.52363046946223157     
  0.87149195810216351        1.0372219680842472       0.94732290621270865       0.92119889985917491        1.1400314996274963        1.0429473906293858       0.96528659948088369       0.84986090406908921       0.97425406670429870       0.97137825150918378        1.0200421886364335       0.88707326713735957        1.0395011269581489     
   9.7973546440475678E-002  0.90765654117562755       0.18508187443922383       0.45188759202727902       0.50023222683910695       0.45554063456201477       0.53166659214165768       0.52713969085534862       0.89458613705845591       0.44305438520830831       0.61268088590245551       0.48159386211806082       0.54010854351248150     
   1.0563431315776532       0.92668280674528525       0.86767500244954621        1.0554518499986998        1.1141146329133313       0.91411120671964630       0.97799351573882398        1.0442891960644469        1.0041994013531503        1.0560368991025999       0.88270394308864863       0.99457901984391595       0.91030954772483552     
  0.10642654097116669       0.91336673878905228       0.19430686247519049       0.46853684754208641       0.51891237947014168       0.47201680016050068       0.54588583704325255       0.53870255310124582       0.89760729882616286       0.45208171799661129       0.62528070457958729       0.49785603990912569       0.55485261964417165     
  0.96314202253586756       0.97089199754817501       0.86252354200830295        1.2490848058672650        1.2506428570585342        1.1194166056502166        1.0061214461486654       0.89526205022518968       0.88177754096897709        1.0705755137517441       0.92672879326970903       0.92723700757670791        1.0339554591496218     
  0.11479946631648155       0.91869859996683390       0.20441351566205640       0.48414128333968265       0.53576267211482409       0.48889809330793588       0.56032798386091875       0.55118920943105421       0.90054108408218314       0.46129763226567538       0.63819806744578156       0.51407434908080141       0.56990847479552098     
  0.97762406934255563        1.0694933733321534       0.79043253419121828        1.0733277677206612        1.0060842084649104        1.0413749025307557        1.0955005171174668       0.86847927295809035       0.94367562621857382        1.1995628005262220        1.0175588453940148       0.96774737234150709        1.1374495101461795     
  0.12346099230636927       0.92363119509991454       0.21388556933097025       0.49962744744321663       0.55108082959963567       0.50558176771563879       0.57591148409800486       0.56417334363898164       0.90352296676688137       0.47034806649406935       0.65138992593907441       0.53101000246167029       0.58367620958724697     
   1.1152158223557114       0.98261600018025974       0.98544091792118749       0.86675793221939212       0.98750910339635622        1.1182895797991070        1.1968059028780063       0.99544751655438557       0.91810248374567782        1.1023682494948561        1.0326197019346983       0.97373910225992188       0.90844190695590132     
  0.13393274535124627       0.92830417892818118       0.22221761883010901       0.51670495897620239       0.56750688934400895       0.52104789444084620       0.58915029976284317       0.57878402763066628       0.90688888852255234       0.47913310666747760       0.66486371097362007       0.54732718082155907       0.59686971856598470     
  0.95722128572859488       0.86785779963429310       0.96624935097851017       0.97168538822498918        1.0649450403937462       0.82257503362350193       0.88459610629632279        1.1778625951872366       0.89631327195798327        1.0449683224909492       0.90701167734529486       0.91266372592179767       0.88728526568603228     
  0.14778210700584191       0.93288061721348858       0.23095262426353225       0.53480982010279254       0.58384700570392345       0.53577740255944317       0.60122539676050712       0.59374777105437193       0.91103461540578523       0.48770862612214450       0.67804823158823069       0.56320155141040895       0.61155120082269809     
  0.83336844877790639       0.89262728511786316       0.96498932094157286        1.0810038276830494       0.98550587808689405       0.91164146257104028        1.0563531075823125        1.2156070031289139       0.99995543714435808        1.1127614998816446        1.0702871094056892        1.2682845132844791       0.94820259541688523     
  0.16331089441365879       0.93737205651346500       0.24087294174354698       0.55301233445342257       0.60095702639414639       0.55157868929351350       0.61406804217223843       0.60883240736449273       0.91553107517342125       0.49598816525000849       0.69151887422149727       0.58044784592816956       0.62517361250206749     
   1.2213562255589765       0.93277339728537190       0.99012957574695470       0.91628813345286719        1.0586848674169245        1.1039777790471623       0.96481224998086368       0.99796025665007015        1.1037955366088796        1.1393802712979078        1.1033257225116295        1.0700047574938740        1.0134903700067501     
  0.18141650160930228       0.94174660324868986       0.25244820054990724       0.57245766835733936       0.61894767878281831       0.56792262022106133       0.62934776704517892       0.62445974938135629       0.91977184046481919       0.50398039189284582       0.70433458172884911       0.59738682714469571       0.63865963164476613     
   1.1552399648028653        1.0536228903932279       0.99394606108257466        1.1320476344167991        1.1156695869348683       0.94774215473785739       0.93882831359940944        1.1423928487597690       0.96121751578647807        1.0715047492113323       0.87831039925415821        1.0608288522809981        1.1281291534329863     
  0.20087201606278821       0.94594207758467819       0.26454140640637674       0.59182052273082031       0.63717274298725946       0.58474189910602581       0.64651248928957084       0.64121919186053344       0.92386287979220416       0.51208462992835557       0.71659125219759789       0.61410177352833861       0.65593325848688955     
   1.1642500679632415        1.0793144214787571       0.96166367648220885       0.85596691867280095       0.99769730851791627       0.83533939987082417        1.1837153997956533        1.1535064386910896       0.94480975008741086        1.0509137719071355        1.1966780196397642       0.86775128587779859        1.1165378404435071     
  0.22001509165538391       0.94991414395524243       0.27624083295564639       0.61234490591405089       0.65463752350967430       0.60173500307153815       0.66187051747547809       0.65847874200947087       0.92791867064180089       0.52064425900741995       0.72892037409674770       0.62949780741562500       0.67517697816425115     
   1.0763312895206063        1.0036059677931237        1.2639560400275978        1.3311108870234518        1.0936418294143579       0.87608359365834332       0.97667549572022527        1.0793242072405325        1.0524237850582843       0.92171319100202576        1.1185682309293057        1.0022975414344570        1.1453824379429909     
  0.23532517571056807       0.95395040693287980       0.28855036480300839       0.63062498601305039       0.67083543780397914       0.61871060484541796       0.67477126013943778       0.67578477479991517       0.93185603441211595       0.52967953256316169       0.74185088415363676       0.64427081177038203       0.69664167491046614     
   1.0151087234004252        1.1116163289485921        1.0365567856722102        1.1663940019545971        1.0378324241104480       0.87834281212618637       0.90556186491075752       0.90209951817068301        1.0818601396268526       0.93348359242331447        1.1354824622094384        1.0489697863683554        1.2772244951075182     
  0.25394715709370053       0.95789949240885075       0.30293861694450586       0.64823193661481937       0.68656315246177779       0.63861983343114692       0.68655278650610152       0.69282105881233835       0.93559580875812931       0.53982855963299203       0.75511065018147749       0.65936180885376772       0.71419886178045877     
  0.86666737836441821        1.0995994381647387        1.1941064881590773        1.0748334731819063        1.0482323711804677        1.0852717388320954        1.0307094205322531       0.96976263879634095       0.99099807747241009        1.2712683379622909       0.97542504012264941        1.0189189212009016        1.0489233005375882     
  0.27719388260865285       0.96145490633665787       0.31903292452241344       0.66605326343043669       0.70290255845781624       0.65915713382153585       0.69875110248735561       0.70954319851208691       0.93915040775666703       0.55015412287341947       0.76770080907994354       0.67386936467285341       0.73105589744472688     
  0.81754490750855846       0.97556881132089623       0.99066208838917214       0.93271057582423755        1.1051219412980011        1.1624430751063468       0.98862987967987581        1.1808003811890306        1.0575236215701327        1.1264235828680558       0.92165866470844349       0.82557434452404732       0.97506562900840354     
  0.32571091926328261       0.96431414901033452       0.33527060184740853       0.68357503131749164       0.71834808005319051       0.67914893792902487       0.71322017165440132       0.72727641324643255       0.94262699094895930       0.56029073075973890       0.77885595320770740       0.68993771427787676       0.74629488911427400     
   1.0905089659179046       0.95458535060785210        1.3261930318293347       0.97493093784409579        1.0252033282738708        1.0869918050015466       0.94276663224497703       0.93235522230282197        1.0153144465679189        1.1119469033446867        1.0331163572689972        1.1380043854086617       0.89545410330344377     
  0.38203241950165906       0.96680351541474940       0.35241465798791355       0.69889491846814933       0.73343682814497801       0.69718462616857590       0.72907712333000985       0.74625142808220446       0.94621100084702070       0.57026033713053781       0.78861934132079181       0.70807088605308355       0.75928042483787583     
   1.0307489272784076       0.82177460019032311        1.0183745422308426       0.93670009998195369        1.0250729731693695       0.91903021005977814       0.93071701901618176        1.0562049927956769       0.94818641328616593        1.1401249706635730        1.0439216275032968        1.0882013248757145        1.0430324467833885     
  0.43032161246635880       0.96881965893468935       0.37097588534881476       0.71493506244247385       0.75003339244508160       0.71405915778657214       0.74538359302212132       0.76477321962061928       0.94979642635976846       0.58000815079403634       0.79630203400413535       0.72691580262502908       0.77556252727013941     
  0.89955505155940674       0.99737125068192389        1.0692779083685846       0.86914207051992309       0.88803817009223418        1.1483220950380009       0.92214509184319349        1.2609489885802450        1.0439404282118288       0.94809517272582700       0.84790694298360370       0.92166208611478551       0.90582074971301696     
  0.47310714024559375       0.97071919089585856       0.39009878326596353       0.73175283652059653       0.76771526683035840       0.72699592350644215       0.76169165009228945       0.78170545559939231       0.95291557335691601       0.59019025102352429       0.80423150782174957       0.74638246197740288       0.79171798076769384     
  0.92679466461205851       0.92486774283971396       0.99093055791979778       0.97076218303511730        1.1125733482790017       0.99171803956531046        1.0609849331339678       0.92427211064955472       0.90713021461965593       0.97300068239226323        1.0112622475651960        1.1215737475600118       0.98515681048992543     
  0.51453834571303725       0.97272004708881843       0.40956159863561165       0.75029385388442726       0.78367904607908723       0.73887161438149718       0.77837456592547560       0.79772815416194898       0.95590353962791097       0.60083838721814120       0.81470174983036403       0.76506564865113158       0.80487881906793335     
  0.91927319539967001        1.0471728608058142       0.96680591025343499       0.94850526284163528        1.2931556147502083       0.82990468339537138       0.93612965049862429        1.3000145981833433       0.98979717231119058       0.97262126642729296       0.80793029413601436        1.0806151285686507       0.85367908119526970     
  0.55564897998485674       0.97475478304726748       0.42954551490646237       0.76786709917991558       0.79913659967405692       0.75185686184010558       0.79599275310176354       0.81313665467414398       0.95892312793950041       0.61138672448475506       0.82685099091657577       0.78417208336554611       0.81786852601024729     
  0.82691669005127277       0.84916187556443945       0.89250862040756596       0.92956549685545009       0.99782805363758742        1.0317336493461082       0.92150706072230126       0.83324160907307787        1.0136216880514639        1.1649846201310001       0.93294611102069025        1.0791327237665413       0.93585236876388400     
  0.59555168231808298       0.97699239827008744       0.45220650054541850       0.78529608376829596       0.81470476952494264       0.76655071361886740       0.81397609773628210       0.82744486320925015       0.96194300474005756       0.62149645960244460       0.83902441467202349       0.80305807295905729       0.83035049927501881     
  0.98083426855610023       0.97619878747450450        1.0164873450295826        1.0071647594331525        1.0074078824590789       0.90731766857570151        1.1506541163878434       0.92412283499480008       0.99449470193614997        1.2148517226361633        1.1893605202176838        1.0270027227127683       0.84783757941379012     
  0.63680673023821355       0.97957609446609251       0.47233125841267931       0.80248499256845651       0.82991957840398178       0.78431612158890462       0.83109931026471617       0.84139509800902001       0.96498453260341099       0.63202845652103556       0.85267294818557726       0.82056976587114794       0.84422568321472424     
  0.98424175280813098       0.99812870020707345        1.0490797586253247        1.1585158019441062        1.0463340076480045       0.98545127534490340       0.99334452221409131       0.98508755059751973        1.1590225629132895       0.95446203695206255        1.1294583578916484       0.97920055949117346       0.87575833730018315     
  0.67874239660438707       0.98222553449308370       0.49441270019066197       0.82394187373651084       0.84449838918189746       0.80418233701839892       0.84732559713706523       0.85626288715938836       0.96814708514627623       0.64311194349782319       0.86779194617086108       0.83869883620807528       0.86075271875088810     
   1.1007214833539605        1.1163872772096255        1.0630761766935444       0.99374573173195724       0.99585697453475275        1.1088106793681880       0.82705926193279755       0.99502878503250158       0.98189835202721087        1.0062947961821336        1.0975524969953883        1.1933210548952797        1.0140572210171654     
  0.71924145811239037       0.98482107352681159       0.52538729036222287       0.84608452251564581       0.85899295289540900       0.82351400381863304       0.86330701024859668       0.87185967345702386       0.97149363774025099       0.65483971824538090       0.88305124210290276       0.85872177531701577       0.87757150414799412     
   1.1585332586383477        1.0964432021867414        1.0994421064987945        1.1292938164181499        1.0228630748673220        1.0676572234722861       0.91519415799491100        1.1316313772289417        1.2836299272108656        1.0417914607944398        1.3833587598198178        1.3775505868280671        1.0186813043831815     
  0.75708516809549931       0.98754914009260109       0.55318136822888864       0.86766891767400744       0.87404290222668990       0.84155222335507585       0.87957490353885026       0.88891984949613034       0.97502127863719823       0.66741179508636339       0.89680345155521457       0.87886863109963409       0.89419656354232102     
   1.1582196219265919        1.2000892524310975       0.99962915998895474        1.2136220116536820       0.82413967793892495        1.0044756787591458       0.95359268462369839        1.1823122471440750        1.0001774440923319        1.0308705692026552        1.0533766273234937        1.0772347273653462        1.0330836036988029     
  0.79443915057785364       0.98953953950137052       0.58371270455529978       0.88813768993961340       0.89039738888324060       0.85826427768972946       0.89593556242905203       0.90813318860735748       0.97877063562234623       0.67901113292510618       0.90905270270362193       0.89794191653292588       0.90899641091728733     
   1.0761272183898114        1.1512384386885910       0.98587371633144627        1.2811471867706161       0.97071832598851759       0.95681919671962257        1.1544874002770511        1.0964912231719186        1.0592568039003425        1.1036271790295926        1.0356311228301753        1.1531370351419374       0.88167567929872626     
  0.82931970112700837       0.99147830468143028       0.61863225124871768       0.90750985255312899       0.90722517399334857       0.87430461067652498       0.91198146948948533       0.92555329003512854       0.98227707080959881       0.69233312541750647       0.92220330453405785       0.91703799347671244       0.92249959818394789     
   1.0086902640533943        1.0998332768076757        1.0286439711643607       0.91178558202069993       0.98252487047654280       0.90276685342589991       0.99495140556732276        1.4229063500171588        1.1823139036439494        1.0595503302854987        1.0766178865761387       0.97934375333344803        1.1677810940212607     
  0.85777146894327838       0.99338255663831254       0.66017175658746263       0.92762328338369293       0.92443953355817821       0.88899012367493080       0.92953174979827657       0.94119557552381838       0.98508735049364127       0.70604435117931830       0.93700070446587169       0.93544298254846003       0.93776898247227858     
  0.81048731369494609        1.0660159800372606       0.92278256013926641       0.98359113169303558        1.0128630510031875        1.0359318535225441        1.0102182331917686       0.99234909974904228        1.0193727546222264        1.0252651948297080        1.0293263873978113       0.93225915929644765        1.0002695992123962     
  0.88531510090817589       0.99517290298906103       0.71294137279292513       0.94658902387989108       0.94407025743017470       0.91088786554272838       0.94723859862576432       0.95451754109625064       0.98752507685554225       0.72089771072683007       0.95179400397567915       0.95220631504934306       0.95406711157697621     
  0.83934460238715680        1.0998367004625480        1.0253356117154024       0.97585653873086320        1.6249909577801003        1.0810184331905626        1.1115484101912216       0.89395488290498371        1.0694077311441723       0.88931252226685054       0.94732303736487378        1.0823397956073706        1.2265128215220069     
  0.91529670187715328       0.99682757077533135       0.78200498976749933       0.96469137762378532       0.96389562840672283       0.93807039836557016       0.96410050972535977       0.97015405302891100       0.99098888648028194       0.74880528611032815       0.96653047404521797       0.96844227236974678       0.97036225914295116     
  0.89972670308448432        1.2490829693872700        1.1843654465537734        1.0776882316793566       0.90240339780240153        1.1880787593520157        1.0055668185642141       0.93534332285843291        1.0893967143511851       0.82460225839417622       0.97000224908245214       0.98429075924479759        1.1392681994104552     
  0.95701176789302422       0.99839780145729207       0.87591986834838442       0.98268349326139426       0.98140241135297401       0.96884508736245789       0.98207016111091650       0.98584060383405681       0.99517253849046028       0.80256159670943050       0.98316311663131395       0.98272436995847112       0.98352881600941222     
   1.0299069043702553        1.6034097306059918        1.0414009804619315       0.99098203231028370        1.0771622087745087        1.1723765000789834        1.1871868376813368       0.94530980972326584       0.92821641765835283        1.0696222011840533        1.0139333648968838       0.91571878285267894       0.88182877215705391     
   1.0000000000000000        1.0000000000000000        1.0000000000000000        1.0000000000000000        1.0000000000000000        1.0000000000000000        1.0000000000000000        1.0000000000000000        1.0000000000000000        1.0000000000000000        1.0000000000000000        1.0000000000000000        1.0000000000000000     
  0.86767500244954621       0.95625455361524869       0.91775095895144465        1.0106816536348779        1.3501615468366279       0.90131640162892213        1.2569856407421311       0.88814303217090973       0.91568183392729530       0.78369326958890217        1.0693324509086930        1.1492691777138417        1.1065168518402466     
   4.0474180633902561        7.4018319184438930        9.6022352405217362        8.8164337186957820        6.4470133715527735        11.795727366070844        7.7905852089965988        7.7883051034292858        0.0000000000000000        5.0018832357045646        10.261353018109800        7.8367345941729738        7.3587470819666390     
   6.7086480864133398        5.8983054674639597       -1.0126929924536621        6.4199097618947709        6.7535073989334000        9.9518628792373001        9.2396599572936786        10.056993242078679        0.0000000000000000       0.52556606226101277        8.1296234841707022        6.0559497881852975        8.9196703544685167     
   6.9917278504783553        6.0896799189639497        8.1599370527256401        8.6876384958514983        8.3974033859468076        6.6051596389408367        11.273391891179765        5.6519719294436852        8.5795861485113019        9.0532540717897305        5.1445050098706089        9.0747354855802911       -2.4651006552017063     
   9.1714779424303359        10.117172358925105        8.1706989450761576        7.6269183963047480        9.3752704780894760        9.2199062907503304        7.6420885707862691        7.1295428807725818        10.133844736533844        8.0073543546993502        6.7057839626072591       0.84679188905337333        9.7596858294683368     
   9.5832315387458085        12.910633063957558        8.2853863417316802        11.500720398732403        11.415285246441906       -1.7921761658232078       0.50313345717128333       -2.1164686698653870        10.438855606392554        9.4429346607539184        11.552766639869660        7.7233460988788210        3.0387118206506778     
   6.8752190483264952        11.911187858332640        10.195713597203259       -3.9298493654195186        8.7070165964202726        5.2718753581758344        10.386402671160274        8.8034620987375494        9.0361512525951628        6.0390120811935208        1.4845307744897198        5.5411774659480910        9.6346617663824112     
   4.1643456175544546        10.342156782115584        10.980109733484158        7.0258678039767579       -4.0028681573648894        7.7363773667634366        7.2995910915333910        10.440039136690803        9.5672006536065020        6.2680594892551760        8.7908086370787686        8.0573846815176484        7.3617255046278984     
   3.7883831181121468       -1.6667555850959919        8.8943579176933181        10.497085592942184        7.8377532513091399        6.6918545576683082        6.3336707069329403        7.1429530977825895      -0.51308877632677097        10.074907850718018        6.8967467006187002        10.575096685718087        12.037804146695192     
   2.8174203121657561E-002
           1           1           1           1           1           1           1           1           1           1           1           1           1
   1.8983974043666731E-002   7.4935631444208953E-003   2.6140895066819966E-006   7.2103836430040991        8.0850195887756265E-005   1.3782465755966310E-007
   3.5615665062488182E-004   2.9527420777427223E-004   9.3772528515202038E-006  0.42275334032689538        9.3736967133147650E-006   1.5323696449549420E-008
   5.0000000000000001E-003   5.3738560371018105     
