   0.0000000000000000        0.0000000000000000        0.0000000000000000        0.0000000000000000        0.0000000000000000        0.0000000000000000        0.0000000000000000        0.0000000000000000        0.0000000000000000        0.0000000000000000        0.0000000000000000        0.0000000000000000        0.0000000000000000     
   7.0362331416218618E-004  0.18305086279992275        2.1064295623285760E-003   1.1951598621976735E-002   1.5847655022710284E-002   3.7869735191886127E-002   1.3437154934237196E-002   1.6204894165461173E-002  0.54440649957776366       0.16895247366032945        7.7220153860786039E-002   1.1700865811550609E-002   1.2042671777748645E-002
  0.69523700759005591       0.90229297305078171        1.4722180269316782       0.84960906163867889        1.0773282536805919       0.83190041155134486       0.92842602468864743        1.0756307801145200       0.83251624892558473       0.73331241072060405       0.93739153349101356       0.94882681856200757       0.81720050997296645     
   1.3248714923753794E-003  0.26465642470202638        4.3460979780622546E-003   2.3563531132000305E-002   3.0276199613773053E-002   6.6200848850377705E-002   2.6323563889032092E-002   3.0625830125698379E-002  0.62842638358043723       0.22508537130317222       0.11970219917793058        2.2415893011661751E-002   2.4595591605486081E-002
   1.4039168585961019       0.98174765604992797        1.1961788068190811       0.84536668779497781       0.96705288643947007       0.73964968053153679       0.96477377942118347        1.0881379635825141        1.0549516543793940       0.89643854866582895       0.93868458654963371        1.1887614717284991       0.99060419716169656     
   1.8238764255241327E-003  0.33294543758494388        6.6507794070177050E-003   3.5815979664877817E-002   4.6350285608086988E-002   8.9857950839497408E-002   3.8420322474964394E-002   4.6597617643705513E-002  0.66858519591780219       0.26165559019556556       0.14605716851034400        3.2865681158072944E-002   3.8641088416684781E-002
   1.5312298560028632       0.89416009391945117       0.88291812550541704       0.82136350772761035        1.0124875987862494       0.91399365405854727       0.93508555512663338        1.1237748595658621       0.97553581202236095        1.0290574042286302       0.90525364493711080        1.5139713410049556        1.1303880980375616     
   2.2971757508855033E-003  0.39792969920462123        9.0880694040912802E-003   4.7771412800560561E-002   6.2569339137926450E-002  0.11432124947640300        5.3104759488934922E-002   6.2695627166430373E-002  0.69420675906765061       0.28663400562530716       0.17025932023930015        4.3168359504018934E-002   5.3344368996952864E-002
   1.2435362538071768       0.90805916051433011        1.0815261565002878       0.98551825603337495       0.92650819124957751       0.97930661806303587       0.90469753960448107        1.0065366368388518        1.0728639734019472       0.99891094788630963       0.85613540017266143        1.0925331675700849        1.0278831562256765     
   2.7688633196599919E-003  0.45096266705441940        1.1669229218932948E-002   6.0475503566633018E-002   7.8553000808027212E-002  0.13468757055984801        6.8093418715520132E-002   7.7586664912469988E-002  0.71562493783179060       0.30190259045468559       0.19193242616323195        5.4291938745546803E-002   7.0697585639651991E-002
   1.1512133621827079       0.96345741142034247        1.0250054530593184       0.89327551694096874        1.0464181981851826       0.93429524444358114       0.99961247079984505       0.98630647619422529        1.1982458392591631       0.91006148490962313       0.88453813386772784        1.2393818862717749       0.91840669055957269     
   3.2598074821016485E-003  0.49694863890013252        1.4328569290201723E-002   7.3306422437362961E-002   9.3882749826103881E-002  0.15050861220193607        8.5773247551359830E-002   9.1277065223482889E-002  0.73218887569424274       0.31423830652748896       0.20964684823211679        6.5669476453577263E-002   8.7149877944134174E-002
   1.2703876467248953        1.0895063376322520        1.1622333264845239        1.0355284255565074       0.88305648345261012       0.86051311881130166       0.89339863742127501       0.91185744413075343        1.0102989859899461       0.98714657384469462        1.1297967836546965        1.0362373092373516       0.92240441521468808     
   3.7887815785295452E-003  0.52355912948786876        1.7322254231169391E-002   8.6058119362883073E-002  0.10861853564141487       0.16609718489793779       0.10476554676492139       0.10557640872386100       0.74586776303637514       0.32572100555765049       0.22523480566728696        7.7409944386439708E-002  0.10417852722482575     
   1.0664869992703991       0.99217235338392107        1.2298199027308521        1.0164494884948723       0.87882416140451791       0.93098419570315516        1.2178115536561358        1.0796853767698407       0.83958604054383668       0.88505462064874263        1.0083703001427575       0.93605790668582300        1.1348008963074867     
   4.3469681411497669E-003  0.54156507682374189        2.0927325460955225E-002   9.8497539599218378E-002  0.12126768496221030       0.17668347902316170       0.12365502370708815       0.12158513891240687       0.75767332171883883       0.33650737997352675       0.23871989678705266        8.8007436118967192E-002  0.12128976616275931     
   1.0345209348794946       0.86375977483979838        1.0275731024354537        1.0710359852611422       0.91465377623345590       0.84842310000067056        1.3121621416741549        1.1022868679878919        1.0450369448446348       0.83905031694332965       0.74801717835127790        1.2814849380617099        1.2058589865912490     
   4.9605360519769963E-003  0.56696479441102787        2.5171360758896286E-002  0.11105682120422998       0.13530246807526189       0.18763994476269050       0.14158950236888615       0.13814370218182004       0.76819429158911678       0.34644818532287125       0.25450451645108613        9.7722886889112612E-002  0.13782757790364761     
  0.98688646344316333       0.93078945062378871        1.6036886570219575        1.0710590731589060       0.94547444425404492       0.82364636593579521        1.1564625428468014       0.87534896040030796       0.90276270899512367       0.87721594155192328       0.94817673485327547       0.90660264860818629        1.0092238286554571     
   5.6259653545405550E-003  0.59215680048225783        2.9537209398813422E-002  0.12453436842502980       0.15059250023858381       0.19934135521087387       0.15821636874897690       0.15486968981071775       0.77761572157210435       0.35615546226662814       0.26973190147879395       0.10757274711220580       0.15377249553152794     
  0.96777534631170714       0.99605331619465931        1.3028449607052370       0.90872927805316384        1.0237431987292935       0.91813599115995226       0.92320267339676265       0.95782148793066857       0.96480972601299719        1.0036670349575931        1.0630916041245377       0.99910329073023274        1.1138943785854383     
   6.3542279400683249E-003  0.61522556197082046        3.4024379505554259E-002  0.13769361769076482       0.16724434268921357       0.21435507627958761       0.17157299282675495       0.17157687856006568       0.78700371115473333       0.36601001162134383       0.28403900508786356       0.11803957234346177       0.16933996478947694     
   1.0460792197230349       0.96342599086088809        1.0243794775898538        1.0140075901232612        1.0660439897894129        1.0022214992052201       0.94540173567212360       0.94476119536095693       0.91865307451387113       0.99159435703342858       0.90267990941103793       0.89245510029246655        1.0058218625624373     
   7.1432098536178970E-003  0.63498380483311767        3.8379657360799957E-002  0.14987857281490813       0.18402344086289751       0.23060111686372131       0.18675501684717499       0.18796566080951779       0.79634736422598551       0.37557552304368219       0.29922846778562523       0.12907968922523297       0.18519314292449354     
   1.2925113163143234       0.98606306287942769        1.0269029479293923       0.93238608629602759       0.89283929724590627        1.1168887660000084        1.0067477420863924        1.0507079807528652        1.1101375593329392       0.96402653301055041       0.94903023303203293        1.1318023858309432       0.87388013541345000     
   7.9881394439041062E-003  0.65222912640061914        4.2781307079865320E-002  0.16022968008551738       0.19976193355420721       0.24635907713088026       0.20319471987549501       0.20364016781868655       0.80370252514609430       0.38487560062469051       0.31419326050360480       0.14026614257019956       0.20184868219300608     
  0.85620622458602769       0.86739694670746770        1.1332750817667192       0.84269464860483889       0.93707456795145083        1.0288496611912930       0.94495780983977051        1.0499024741655256       0.99104245475084962       0.93936267888597502        1.2845222384372459       0.87118812360706721        1.1380744763387876     
   8.8926040691563145E-003  0.66949595452448718        4.7740726443248359E-002  0.17058743267501025       0.21580277379345061       0.26170674305677388       0.21796956639983267       0.21759915766260099       0.80977069597870843       0.39339944586450620       0.32482086281475420       0.15236478090264455       0.21935468951224649     
  0.87345781824089930       0.96657791759040423        1.0006167972459732        1.0097781202403258        1.0704488567454000        1.1426209793354811       0.93432443281909272       0.95262217999645338       0.97790378357834251        1.0174618014841361       0.94178530006842121        1.0335365664683436       0.98588838921277511     
   9.9241156881274741E-003  0.68473066597808385        5.3745239175305513E-002  0.18105244564863104       0.23091683416161979       0.27615813592330113       0.23131838095650153       0.23053762815480525       0.81495052957272385       0.40023832755009198       0.33605950289291409       0.16410028872679500       0.23784490849715831     
  0.95963421964024109       0.88784862545570076       0.92298691499655761       0.76992244760032713       0.83801556220819673        1.0188474551135065       0.98968761555832163       0.87810299505471223       0.90843871039323010        1.0034497704922745        1.0823791495427719       0.93889722636211403        1.0660906205802907     
   1.1067812953999199E-002  0.69920705554802109        6.0267537733789206E-002  0.19192198783618852       0.24943238549528179       0.28903271050368523       0.24377017233434425       0.24349819104092843       0.82050956164782884       0.40719367130755907       0.34702108775739021       0.17424398211222736       0.25588789591221245     
  0.96484334667188987        1.0416496095237646       0.93001229126065021        1.0213780536710992       0.95046010634067857        1.0806617882274081       0.86716566689588503       0.99889970383879145       0.94010826658073465       0.94139917427754360        1.0255794718343485       0.94323887410782736        1.0914692029242030     
   1.2260975112838751E-002  0.71252081747887674        6.5832663284329102E-002  0.20353051881358256       0.26907995263606277       0.30124423922936500       0.25676155552211805       0.25990693742121762       0.82887219711041760       0.41263212793486631       0.35805076419832904       0.18563179008657252       0.27532259547167254     
   1.0142932391102657        1.0029674604352363       0.87831532491664133       0.92470023766767195        1.0235539970376770        1.0033900940577472       0.96608300113807111        1.0782582723983496       0.94553916750984279        1.0659348050092097       0.93417074556807600       0.80890731140799588        1.0990808781405408     
   1.3713583952096570E-002  0.72531489677539762        7.0436647149297205E-002  0.21597898268316798       0.28643078357486335       0.31438393447398866       0.26789463015860959       0.27598907543776657       0.83575991858927146       0.41756147050682052       0.36938669156651477       0.19662226341843145       0.29361158013686856     
  0.94711913596580388       0.90045439175483832       0.91922040691587292        1.0423907969182604       0.94482338715432190        1.0123018096170779       0.78637816579179265       0.85770869014808193        1.1016489616234217       0.83260808813643239        1.0975479250261553       0.93770757571135654       0.89967075025150833     
   1.5581625741400280E-002  0.73709166983394514        7.5130607653454265E-002  0.23012240980612400       0.30320629965126711       0.32862083220226873       0.27814638377153406       0.29154842155074001       0.84179200775090501       0.42432099702248399       0.38125909851726081       0.20788376039368239       0.31382435979038648     
   1.2155716944115442       0.86911361949589794       0.92704253222096744       0.98125521452823206        1.0839099140238833       0.98645187398276502       0.91331459016427152       0.99446404211253336       0.79203112718814095       0.86720003012480507       0.95071247639736078       0.90713088406813669        1.0158258054980851     
   1.7587594299602858E-002  0.74725802825299770        7.9202643506164086E-002  0.24429143275738560       0.31857770210540881       0.34286059494327481       0.28924632385392124       0.30792150071875946       0.84725733758340083       0.43201012406011735       0.39405257096795437       0.21884107764354951       0.33189851898656991     
  0.98184975313449963       0.81950284165934661       0.79329661864147116        1.0007296043248517       0.94338739359987822        1.1364582814188664       0.81361217449491685       0.89556273036010925        1.0260248463575998        1.0819357983135214        1.0856082079148606       0.98764933039147040        1.0818874198239701     
   1.9699459694220035E-002  0.75716595269863163        8.4544413996621298E-002  0.25868527605713521       0.33352352640602040       0.35630581608310796       0.30313631985791217       0.32542998912354032       0.85226125774477934       0.43926942728594220       0.40596406236642812       0.23128206458080958       0.34967640915955644     
   1.2602299029249924       0.89546055987379858       0.89430241141930378        1.0593953839047165       0.83465989299405119        1.0721451187402189        1.1572001884340446       0.90100262109414742       0.87323235587322268        1.2523391563132642       0.96397948136172107       0.97894011851948415       0.92511793348635019     
   2.2105456695458325E-002  0.76740282525713799        9.0209873153729941E-002  0.27671836403758143       0.34905165142677963       0.37025676537057212       0.32037307063716608       0.33909375455767848       0.85730989845973093       0.44633849536891607       0.41790506527877480       0.24066101567721013       0.36656524802285295     
   1.1840032187042981       0.97610789306581702       0.86061462610221806       0.99176439272001160        1.0934050266493025       0.86028427333770929        1.0475212687579163       0.90350297154895909       0.94674762404443813        1.0750325019328029       0.99761855932620147        1.0110234374763940       0.94718560735884416     
   2.4742377352604920E-002  0.77773707158606176        9.9218486753884810E-002  0.29522054270794484       0.36397612238518740       0.38227074864387933       0.33901732787456323       0.35144233286058740       0.86267734984329936       0.45335786393491573       0.43091392818975560       0.24853504949575631       0.38264899658370599     
   1.0883989409797989        1.0699590051223975       0.93542879640075072        1.0316744111961946       0.87174770450532202        1.1595119536963798       0.89956716091461608       0.97884639150353225        1.2508119069960399       0.82741880908916265        1.0819297603867242       0.82901540809887064        1.1296050416485801     
   2.7516307379759530E-002  0.78752337444284415       0.10795047564707429       0.30886918159872084       0.37932597314368510       0.39305156371013705       0.35690863910261073       0.36326174425887314       0.86783197080961605       0.46044091466265064       0.44489298644463993       0.25703733145905872       0.39841635285755744     
   1.1456162839319477       0.91674369428981939        1.2533526462673110       0.95314866300098522       0.89851649423426305       0.87866632808802259       0.96419238769926419       0.95049159634136582       0.99811602347618111       0.94888356928910844        1.0273285888229746       0.90764004608958171        1.2173212353104859     
   3.0342577859422848E-002  0.79701550199846372       0.11730715482269317       0.31933243722804650       0.39558979494865498       0.40307072709094993       0.37442802091363980       0.37600149116960413       0.87266124392598654       0.46727713778556201       0.45974397549202106       0.26919441421734330       0.41399723037054947     
  0.86229348405864303       0.98035572808679561        1.0760387579227189       0.82310949011665369       0.94053084808566878       0.83541730963193661        1.0408962786638938       0.87652230650102914       0.92659783293447084        1.1576412265146634        1.1189525053378364       0.95490901867803701       0.91916365510543641     
   3.3404276429867208E-002  0.80646716619014425       0.12606785504429738       0.32942251224142916       0.41304393371328046       0.41302372745151977       0.39250830316249880       0.38948847957919486       0.87776654260022491       0.47338440266753423       0.47574592448217096       0.28313143415791009       0.42979800216545677     
  0.97608593400144794        1.0466602777964498       0.79777301123864641       0.86730025446620906        1.0989794791540861        1.0455434196094244        1.0148760225913891       0.88767864332713942       0.92719170469145085        1.0584490027345614        1.1752739214621786       0.94442211428810297        1.0113544670976606     
   3.6786992068610642E-002  0.81517754130896836       0.13382987190399340       0.34203550141782624       0.42967368474223622       0.42241417551013671       0.41002503149585140       0.40419366798443368       0.88284557519081308       0.47976908604993063       0.49207959360486064       0.29612978818840752       0.44685102072669042     
  0.83422926808821651       0.83437479786531732       0.77869632471432715       0.87835330646165155        1.0276918946837121       0.90497715285604119        1.0616529124159688        1.0676766830741233        1.1111941030463817       0.96314981048504222        1.0171092918209987       0.96482379313038369        1.0635028717601505     
   4.0476386690402433E-002  0.82326741966285888       0.14313116172780568       0.35811062710747088       0.44279859069059752       0.43200076356042955       0.42644476398025494       0.42035238814041131       0.88752278131398854       0.48636965204734289       0.50724696022057825       0.30843608991144078       0.46281771985445147     
  0.99434025474292154       0.85848459714520897       0.94460673913881710        1.0950338994811406        1.0987266872865757       0.95287999009909707        1.1388945351979267        1.0274429094162967       0.92961613211080074       0.83001374562145658        1.0456116739743297       0.86644586877255503        1.1916567620403078     
   4.4434888094554419E-002  0.83171506652904736       0.15310425919994852       0.37394963583381846       0.45544211723045458       0.44319156740698129       0.44246918345927899       0.43619379992980872       0.89166290316281238       0.49270170603753893       0.52238199876102287       0.32060256809845256       0.47742906130227547     
   1.2738425999636294        1.0154634291753599       0.89359037635268102        1.0121033202400282       0.79325914479524107        1.1590576372020978        1.0150557526043393       0.81306174853918511        1.1061556720391168       0.82044607891271437       0.94758268175537941       0.81375016996542160       0.86621084718972730     
   4.8783964048874459E-002  0.83998554045046059       0.16461663901184218       0.39017246934031929       0.46807189363159296       0.45598227778883088       0.45838801138471652       0.45392805922690582       0.89557509763290677       0.49980522012017842       0.53744658454030514       0.33652200066570265       0.49266425817364978     
   1.0455216415662729       0.87641790701526079        1.0221821771342641       0.94603448370216625       0.83322430809129577        1.0962685722013359       0.92188143049519311       0.95118836298568044       0.88241287654867262       0.86038663105984758        1.0242158642731667        1.0425064580613235        1.0197309438274098     
   5.3795578234252267E-002  0.84744371754746772       0.17619385845622143       0.40822730041953353       0.48038436789414590       0.46699630254823193       0.47401728626391398       0.47251804035296041       0.89923718382433182       0.50716647865551678       0.55293225156972836       0.35298662665329994       0.50838682945041236     
   1.0313486645671821       0.86922622535376826       0.96655743634625246        1.1581840129434731       0.78569454240574876       0.78754323858321040       0.89773155277661709        1.2097438918612624       0.81846302335006116       0.95476167291900160       0.87067357137578727       0.97177966038146024       0.93284647790384900     
   5.9040631673904047E-002  0.85482004982570425       0.18940679663946744       0.42570944914873887       0.49292174779781162       0.47664219275120606       0.49019684374819922       0.49153175828503110       0.90313341694477312       0.51457972297895216       0.56906541941902000       0.36886621201850489       0.52537117716181303     
  0.88842893893172892       0.92247264731501222        1.0621722179600515        1.0670371114580166        1.0296650061335029       0.96577499585989901        1.0561082495176410        1.0659201830281284       0.85725477877931444        1.0702024293837904       0.97151315768435831       0.86274472233773414        1.1283720422402064     
   6.4181354724295148E-002  0.86256240720249155       0.20350557816600806       0.44405982168541769       0.50593949488055689       0.48563951120439963       0.50825479596005885       0.50920727275897470       0.90702166196709699       0.52197862341052803       0.58613431853190090       0.38517904517340135       0.54103502085639865     
  0.90481624102415670       0.91814468127461724        1.0015177572692777       0.90210187528164232       0.90172768534920655       0.74399481637516063        1.4174114891430774        1.0081140581763630        1.0212926803885467       0.99978054278847017       0.95246481028756225       0.98897820824186555       0.86406962587797320     
   6.9581161560047580E-002  0.86961585061006541       0.21817012487388229       0.46254722389943292       0.51930402571259426       0.49700177898242853       0.52586727028109570       0.52650981335219849       0.91011852427925510       0.52931476695123825       0.60486071805438368       0.40285091850966187       0.55665719593400376     
   1.0228931898042497        1.0242122285036270       0.90335616788924378        1.0596302042883798        1.0248823778595482        1.0860088845682172       0.89101718158560683       0.98681381517743583       0.93536328981915295        1.0082155845146650       0.92695376072851543        1.0922266489332089       0.92872790851817189     
   7.5544524810702535E-002  0.87602991431078903       0.23325627226804682       0.48101968416861562       0.53299055940699591       0.50847821211915178       0.54208322335443671       0.54437255128807283       0.91346993199632520       0.53628186303217606       0.62462342523998615       0.42163640808974046       0.57139046072819144     
  0.89053198898593444       0.98423175229084847       0.80247430521386842       0.88645738047207823        1.0208943678124374       0.88027419332605583        1.2022086700150159       0.99311517614537936       0.84508959559262020        1.1563963149783243       0.94540694042624485       0.95546364601641542       0.99759315995779918     
   8.1877977435213536E-002  0.88221896599003091       0.24972679570036452       0.49986736091558237       0.54722633387332142       0.52115007161672655       0.55794626907215705       0.56259639870113010       0.91668128921644887       0.54323313456302480       0.64350556410609761       0.44144784044576363       0.58596245234542688     
  0.85740121481051701        1.1277282020474224        1.1210847151428529        1.1007978025142899       0.95215145658713207        1.2588373494642198        1.0129645767217141       0.89503776197688356       0.93732021483342043        1.1724123028927411       0.90977793534540552        1.0642631957742694       0.89167745382882169     
   8.8854263370988146E-002  0.88808895019115419       0.26567958404672215       0.51946323939203831       0.56205077101519429       0.53455341289472036       0.57374867276952435       0.57936955519455247       0.91979555666193313       0.55004174556534513       0.66095612563926054       0.46047272048421833       0.60075827048862529     
  0.96485061760445290        1.1305036029003430       0.85441805037486829        1.0388186900576937       0.89517656866647133       0.85143106293432513        1.0913168248309735       0.96829937807285504       0.95239890041460540       0.93980736585765878       0.95682967180806877       0.75431114249778153        1.0661917135080221     
   9.6558388006582091E-002  0.89391842714198722       0.28031313279179448       0.53715866263979195       0.57712665547298958       0.54807681017656229       0.59186440606162216       0.59535434531956621       0.92340859971987321       0.55685828901220769       0.67609448265700489       0.47874401143191064       0.61499728752575278     
  0.92487297942207802        1.0277283803605568       0.87104241249711167        1.0104255351403799       0.93134317676420397       0.94934031596714474        1.1311120423449286       0.98671130223639569       0.99403877919936068        1.0791323740613636       0.95730489175290789        1.0051107339704051        1.0185287869833317     
  0.10514929901893220       0.89964816197930153       0.29694684816342104       0.55311103435313613       0.59215789479437964       0.56115542638708193       0.60757120785097851       0.61202959483660457       0.92689295121742099       0.56379191399341888       0.69291603742556906       0.49683964854563051       0.63150884509621075     
   1.0829705006075050        1.0356808758892468       0.88910408429855015        1.0334721480508953       0.95553499587052138       0.84011545374232321        1.0421325009298859        1.1089558395654067       0.98048030917745010       0.86428338931245130       0.99425802295337795        1.0663713571243998        1.0849124092596907     
  0.11610935476668814       0.90523737720707476       0.31416244416481720       0.57046991748373854       0.60661852071780398       0.57326188859153460       0.62085795727321613       0.62944771349492612       0.93010492392818378       0.57142435607353015       0.70691591807446885       0.51442740844611601       0.64989693812514393     
  0.94560196127510487        1.0889996291839166       0.97659238118985070        1.1031816118647249        1.0020623519684104       0.98002543369072326       0.87438463746175832        1.0005017854715212       0.99136766380459052        1.2651238855441411       0.96563286744492804       0.93738863503909331       0.98445265030704476     
  0.12878334798076188       0.91054131466150312       0.33365533756724103       0.58941948726681548       0.62228704437603477       0.58537250532236396       0.63293357571636144       0.64574934736845502       0.93309375220982693       0.57913349440013606       0.71955020799864589       0.53169340359607020       0.66440726624784896     
   1.0027837098875063        1.1590066585858458       0.84842012864197547       0.92544814098539141       0.86012070473499636       0.95460083873848633       0.93978795454286612        1.0020711806744032       0.82887325768631748       0.93062227449601853       0.90044574730789695       0.91965809675231258        1.0540174252411965     
  0.14279159078237547       0.91570663955859855       0.35249453836484212       0.60813499723653641       0.63922396850877594       0.59836216305512890       0.64459882066732788       0.66144787033188557       0.93605394792571306       0.58623649576111747       0.73601030118546207       0.54846582271046440       0.67837837258085298     
  0.95734793027152909       0.86155597781736104       0.92593099974673709        1.0096515486414934        1.1212048797219245       0.99435123561365568       0.98001277713846513       0.84174857928993052        1.0194725372287345       0.99857508713118670        1.1743840445506359        1.0610159775454782       0.87159129222192699     
  0.15848661045030460       0.92042286627241243       0.36994915456726718       0.62797392441691835       0.65548558626177900       0.61133038966691033       0.66108800879819341       0.67430810375638672       0.93909568550904921       0.59319177632531961       0.75324665625674059       0.56545920063767596       0.69326769359142082     
  0.91234971462991121        1.0037797866047420       0.96348656670529820        1.2376950275630596       0.98335742885298094       0.87188676899024797        1.1696935363535026       0.78429950080908306        1.0128425355133297        1.0309753015338718       0.81136192492004611       0.97084558308779789       0.86487107737541324     
  0.17498680099892183       0.92502463690054437       0.38880476847228751       0.64924651858653659       0.66674876316912834       0.62405322010825570       0.67811159133329546       0.68481753735744288       0.94218356551930582       0.59993500448034898       0.76899980124249356       0.58347045660756691       0.70975961156294376     
  0.88753517380913038        1.0595459798904063       0.97877394111759330       0.92459192209747232       0.82328683566879390        1.0707504154880414       0.90505317132351237       0.88047674702786649       0.78987261372587358        1.0952882624375446       0.94854694683307905       0.88902008203655081       0.86565632651855939     
  0.19281122185398331       0.92965540343802044       0.40530353965570126       0.67288332767363834       0.67688763839861588       0.63578495325526463       0.69224198842904294       0.69588019701791537       0.94519086146710940       0.60622357006956062       0.78542937400585400       0.60214963407879440       0.72748079929520315     
  0.83728702432870317       0.89776103699465237       0.74033116828105983        1.1220690193262983       0.79690312848891709        1.0589213481570923        1.0358638720254143       0.97364716772722659        1.0888240417688380       0.98931154408889443       0.89617669879287276       0.91661269804599699       0.97880860890938515     
  0.21419159803274257       0.93425327994499097       0.42454701712275544       0.69699384296891387       0.68672768864268163       0.64843850551641402       0.70647107086646155       0.70584082924723623       0.94802364293183028       0.61244873700923186       0.79590566864994083       0.62056624119710102       0.74457118773110831     
   1.0769127427584324        1.3638391243399270        1.0523136382431972        1.0604507836772377       0.83428009800777736       0.85929583945909449        1.0055568618054085       0.91002200181458048        1.0947363349844612       0.99962169430969650       0.97337445872733452       0.93792814962295334        1.0262276368714309     
  0.24121083912279348       0.93889090878249015       0.44594911735488607       0.72048630378534129       0.69933514884211756       0.66144373254492717       0.72073599343098893       0.71753282620488390       0.95064967907387932       0.61897825474032853       0.80538815513674156       0.63795165868324788       0.76167858160389257     
   1.0999743321356441        1.0302808567590489       0.97598572332415923        1.0374968273779370        1.0134539599033505       0.95007390573033301       0.78003629726702961       0.95734793027152909       0.92133284914224689       0.84053126504822717       0.77347305429106938       0.98535302632164290        1.0473166347503660     
  0.27983639213909178       0.94349856344063010       0.46917264978720541       0.74183143758634706       0.71548138448129339       0.67493371793452317       0.73603441885405896       0.73352207135800152       0.95324767017126877       0.62586816846621540       0.81483942787650621       0.65516581978521593       0.77952355238348991     
  0.79562922231523459        1.0405557447283096       0.97024215952539328       0.98115097126604511        1.0507142430386929        1.0002217460000598        1.0810899273652517        1.0150477201871810        1.0270354553990455       0.84682561970621129       0.81208779683427745        1.0865537029375647       0.86565882482403822     
  0.33044540012023793       0.94784401914081384       0.49472350428401762       0.76096051966702527       0.73342178459480556       0.68868504895677618       0.75179958437490924       0.75014278900425313       0.95593760982965492       0.63259449495250319       0.82587178736367983       0.67174300846276125       0.79736319320290527     
  0.85726993364856796        1.0294594045522860       0.96981437778682100        1.0830980148314004        1.0261772665757967       0.87475101082261075       0.86820846019058417        1.0266295600284741        1.0784840857289579        1.0011367391267101       0.77947110544893272        1.0570950156653633       0.96457047569416710     
  0.37863098973432241       0.95177542698322104       0.52110532501760698       0.77895413617609999       0.75247629876686994       0.70250324480491899       0.76838477533052585       0.76785262182889891       0.95850136421590204       0.63942506109315855       0.84350940326607016       0.68858883464609388       0.81329584688744649     
  0.83680971970479301        1.0075659623309328        1.0805530425365089        1.0611353678176447       0.95142697540560428       0.96861419423076900       0.88836971269252618       0.92200896982501368        1.1813368306744059        1.0493167995627990        1.0818791061024253        1.0037845253683300        1.0283536170904881     
  0.42481177924835467       0.95558921673468911       0.54886620933014163       0.79449889863459244       0.77144619013504268       0.71657467905707151       0.78395854569258350       0.78505189665223207       0.96100856354399544       0.64633702723848852       0.85809679740332878       0.70683368679512848       0.82437925912218546     
  0.85979513566720522        1.1371021809600086       0.85710645419640019        1.0482862016388093        1.1981626450978049        1.1862286801348456       0.93987487919104351       0.93133627364336846       0.92397236877793920       0.92354240078362271        1.2692181312747521       0.96911473181938090       0.97961471706597558     
  0.47274043622477596       0.95893604354038264       0.57487200739045274       0.81075005047425341       0.78919492032021910       0.73107699648947799       0.79880942351812423       0.80116664350597766       0.96357769857955888       0.65444784813080570       0.87150063978924508       0.72722178937828563       0.83294414027247554     
  0.76762244811316072        1.1668895846174485        1.1550598088424027       0.95330950853090779        1.0635741512807322       0.82738791537850731        1.0302331247716803       0.89805818453500197        1.0567991350198942        1.0029952884852853       0.90260627340521105       0.97145251095126139       0.82946968631412854     
  0.52152875869726112       0.96235860357375580       0.60092684592142165       0.82783367038505762       0.80662309457996573       0.74587424321693852       0.81379839507578455       0.81789453322410322       0.96609985751072425       0.66247229985171885       0.88510895488364449       0.74977369181432652       0.84393843127636325     
  0.81967436096965784        1.1838304450877308       0.99572167986333526       0.95875971901573909        1.1219502890562272       0.97663316363483155       0.91267679992417294       0.97982086649719402       0.90175341247794483        1.1178521729699493        1.0784848414589610        1.0806759211475749       0.82160261569739157     
  0.56755468517385022       0.96592070481267356       0.63136719664980789       0.84495111426759584       0.82277818830410121       0.76066076688250661       0.82996838400996731       0.83504018625902143       0.96852088029024208       0.66892788787207913       0.89771445789654181       0.77233016162239343       0.85747373013634620     
  0.99263292476835374       0.87946920026890263        1.1299023807937874        1.0372894341683645        1.2176735810187977        1.1082814068082776       0.83119711945136809        1.0503682457682870        1.0421440277475293       0.80072257044436357        1.1046257729081375       0.96600085058954421        1.0084932112672216     
  0.61254001766031252       0.96935087127257580       0.66346351036040152       0.86263742971674606       0.83867027821239915       0.77728870821281215       0.84587673962460641       0.85178284379569691       0.97102813970917423       0.67682173637135790       0.90918826422102372       0.79559420666598157       0.87387640864095140     
   1.0303224078363518       0.90988362253311783       0.89267639392390252        1.1309719104986025       0.99047110614224931        1.2923294612092411        1.0045174373228671       0.94119008720871877       0.94795143471027865        1.1718871847191858        1.1256395121249030       0.81793385178316824       0.95660262464893420     
  0.65435739990712105       0.97261310570687431       0.69406800774622690       0.88054956905837511       0.85480351812967492       0.79406515554336798       0.85920221755274762       0.86647939813433950       0.97336537333985096       0.68590437863173925       0.91977997340762130       0.81989131679287952       0.89027943128598819     
  0.88880663118495240       0.90149519124945010       0.89011336289724663       0.96447332425092502        1.2542101598916300       0.86959390092521893        1.1266487656289641        1.0516665045739135       0.91981768283097398       0.96561494774165380       0.92867275341621092       0.99313734969108380       0.91670899242292814     
  0.69357922529321192       0.97573816983243544       0.72560397883297634       0.89746090885823659       0.87206244729809113       0.81073735518142043       0.87309098520701978       0.88318632295598931       0.97571312557205025       0.69632805959734045       0.92885912091976708       0.84457675780509278       0.90587568408002128     
  0.85547191890802587       0.88062515116405637       0.93623899113679643       0.89412772087254155        1.1918696914980591        1.1512444477870991       0.86739370372376101       0.85035557569397324       0.90073606619802227        1.0194057477938290       0.88871826560121348        1.0177762538008033       0.98315815546246910     
  0.72644839016071450       0.97869914180041184       0.75959397361822456       0.91461384768631471       0.89142268026813531       0.82843008430013676       0.88963015144144519       0.90164360059430404       0.97821220007517362       0.70750360263969847       0.93779206277719251       0.86872886480400291       0.92068056009624832     
  0.93161887403589450        1.0678843158790967        1.0144558881417254       0.89882756837576128       0.99481561630178161        1.2506183744191683       0.93726420034162994       0.98728931036958822       0.97439605347570402        1.2944906153818732       0.93955437744582859        1.1298577858015713       0.91953272376448070     
  0.75491286485204812       0.98146569275266948       0.79313987396865560       0.93282863566959173       0.91166643032483641       0.84956033404621645       0.90773299228159610       0.92013234101553154       0.98087679741257550       0.71944131055141669       0.94779005019483376       0.89219506363139400       0.93452324524729569     
  0.85075316263547640       0.80766053459640597       0.86699594952025238       0.94516480814749038        1.0402351132684295        1.1278878797058924        1.0063736420304858        1.1765861367508326        1.0843468947897636        1.0152434623354321       0.93099067785298528        1.0813030750500934        1.1751195523391300     
  0.78949465616564751       0.98417027022490933       0.82721289060159786       0.94919404685870756       0.93090882894320937       0.87361161472054649       0.92640424729430004       0.93404671019844721       0.98370506338617669       0.72989060014638496       0.95888232800271567       0.91501995356061894       0.94729493140677468     
  0.89263349574729833       0.79852942418751083       0.89979030553829065        1.0035496465108635        1.0360038485323655        1.2798920340907560       0.86771084811743682        1.1370202692188216        1.1587868236067935       0.99091005292757339        1.3012607092353221       0.86582398011145112       0.90880878282835120     
  0.83133563248048115       0.98720341132878664       0.86288851994367610       0.96252473883053835       0.94909942768061006       0.89536710568885869       0.94504784299836531       0.94809887472348653       0.98653443888476200       0.74363988561174743       0.97025959406676321       0.93672993592111287       0.95981511682241116     
  0.96511411572442962       0.99429091654849222       0.97594930368924471        1.0198010466703780        1.0049025998586196       0.91296085829702711        1.0093206219897553        1.0099208384408036        1.0661951956047087        1.0051568427828697        1.1186992600945178       0.89118535630709461       0.82408521987791772     
  0.87718145068921904       0.99114892328522031       0.90363332730164436       0.97488322838357810       0.96617423397103064       0.91905395432901149       0.96337696896021918       0.95957259369992942       0.98990486373896003       0.76541995706393484       0.98083407797147981       0.95713162270378160       0.97276355752923682     
  0.90817580721934754        1.2110880349742859        1.0913101288676679       0.89797147294166901        1.0463667985624430        1.0727929007387735        1.0891803588779694        1.0155847189176948        1.0361710172323959        1.1896874001682027        1.1143215443247547       0.92472143732419698       0.94850618411897214     
  0.93446352778751862       0.99551731212818773       0.94982761032438956       0.98689229328958172       0.98326470247093545       0.95235550026788074       0.98099800893198164       0.97808348935477629       0.99458445057689615       0.81231467044655858       0.99053519279982660       0.97835810730217743       0.98637722646692594     
  0.90107708148338950        1.2376267238622090       0.92770805450199678       0.88079311083763612        1.1530990776076302        1.1375667417353970       0.82312899994842303        1.0059346764403245        1.2523638029591797        1.0482463840460110       0.99746176825742172        1.1804207880041422       0.74009513253971715     
   1.0000000000000000        1.0000000000000000        1.0000000000000000        1.0000000000000000        1.0000000000000000        1.0000000000000000        1.0000000000000000        1.0000000000000000        1.0000000000000000        1.0000000000000000        1.0000000000000000        1.0000000000000000        1.0000000000000000     
  0.94432781338480620        1.1874809626369085       0.91673155648197635       0.96910349210978264        1.0058147704570477       0.96308742970328498       0.89954832684729524        1.2736695223438761       0.97666451649505404       0.78604439389930869       0.88123164766835371       0.94369560632463323       0.89835896966674456     
   7.9678981086216458        4.8580966507723806        7.6292685462358314        6.5556604763003650        3.7841925432534600        3.6679355517907735        3.5552681088634337        10.109813112038175        0.0000000000000000        12.954425872980348        4.1219938520088792        7.7487194073647787        7.4454344122850298     
   5.2275779869711929       -11.342714379409049        6.1208647651627581        6.0006698494507376        5.5951718595002857        7.3430979361676583        5.2708860560857236        4.7945026712541088        0.0000000000000000        6.8725658302754997        6.5963569193396889        6.9351433749984031        4.2304148303994138     
   4.9293070913404700        7.3524343978059274        3.5905080616562879        5.4115506325197718        4.7145797644456175        7.9272829249142029        6.4256376119546745        4.3831624081217448        0.0000000000000000        3.7735084641100802        9.1530657359363214        5.9859931056719446        10.681975551602804     
  -1.0253644158685520        7.2112114427282954        4.8518347917386926        8.1493649665344794        4.5674025941367304        5.9051718997716556        7.5602951788086488        8.3752641879222196        8.6306066540125439        7.8260175500584266        5.2234847973480951        6.6707967477401322        7.1093774363457447     
   6.3586309727699266        8.8814533905549027        4.3311433653105480        6.2583101478861511        9.0692494431261998        8.1105744466949687        7.7509569968111158        5.5579230988513944        8.1335093838972572        4.8164707872202763        7.3519283643728759        5.3369706094005736        6.0341694649087749     
   5.9154080051514812        6.2280109809639725        7.1931863253715660        1.3910816841932734        7.3014590681533198        3.8609444520983893        2.4530417266418048        5.2821587842723305        8.5832263450211990        8.3493232545920897        3.5472926875027095        5.2822138191050794        2.3139521868617301     
   2.4962487950236310        6.0520627625722137        4.9936720998325024        4.5987810988821636        4.7130068056290808        5.3131440843275088        9.0025382576976654        5.0918820086622603        5.7845917667387532        3.9903485136347219        6.9808148093089262        4.6567061463790731        3.5922112349003008     
   2.2014465760451598        3.7609853487034282        5.8496835838234311        5.9555107577784554        3.9302666499602736       0.48681974559275837        7.0500554423916935        4.8170924436273985        5.2734013512736198        1.1929630702154228        3.2684455738527673        6.9092266069196686        4.9233570999348526     
   8.3371283438221470E-003
           1           1           1           1           1           1           1           1           1           1           1           1           1
   9.5402691922139501E-003   3.0229617920447117E-003   1.8244052920692422E-005   5.2864283061873181        4.8835922027747273E-005   7.0651674832763709E-008
   2.7118254441755354E-004   2.3828270988658285E-004   7.1951978739656010E-006  0.49038713293782926        7.1944549463127061E-006   8.5795808093494555E-009
   5.0000000000000001E-003   5.1744938796831281     
