   0.0000000000000000        0.0000000000000000        0.0000000000000000        0.0000000000000000        0.0000000000000000        0.0000000000000000        0.0000000000000000        0.0000000000000000        0.0000000000000000        0.0000000000000000        0.0000000000000000        0.0000000000000000        0.0000000000000000     
   1.1206489046113835E-003   2.4132255079772718E-002   2.0062714848268904E-003   1.8223117178838434E-002   1.4222006332284898E-002   1.4601276513043618E-002   1.7752487891429820E-002   1.3603094251284456E-002  0.17811661912349386       0.17713583620867770        5.5187287825160553E-002   1.2394423587793420E-002   1.7270552679838746E-002
   1.4797700470829644        1.6063179077629741        1.6344134921487254        1.4610159397861053        1.3025609066698727        1.4143730310241471        1.4010486706360421        1.2075605957778131        1.1094701703011218        1.1964345421453735        1.0685525194686780        1.6652700323252241        1.3282194745586857     
   2.0885101745354768E-003   4.9225175150087959E-002   4.2021802353719778E-003   3.6035263306508650E-002   2.8437558453763494E-002   2.9154195048220796E-002   3.4827351794971449E-002   2.7691916606062898E-002  0.24603297400034155       0.23630411834835099       0.11043827687611346        2.3193337443160301E-002   3.5295883460962907E-002
   2.1244880456444726        1.8730175840112251        2.5810461450826589        1.3865371542112257        1.3971900938076005        1.3821820376054590        1.6684671999692831        1.4853493094311458        2.3471651949033618        1.5739301496700071        1.3668992329679381        1.6841829748859385        1.3076969545008372     
   2.9346940516679458E-003   6.5871831218541343E-002   6.2996519192763086E-003   5.4029366466915515E-002   4.2977940188726665E-002   4.2940070651637616E-002   5.1261186967375354E-002   4.2684242839427983E-002  0.27920688273409522       0.26698496506146069       0.14504936846010580        3.2995940196762094E-002   5.3814754654712471E-002
   2.3146410608705499        1.4077536142452340        1.5891409891731874        1.4534897496359120        1.4863857854784528        1.4362037862823032        1.7586143854227487        1.2490044811546770        1.9939164759343597        1.7547089191056404        1.3484347438208795        1.3586473863287503        1.3759080131606722     
   3.7266224660432779E-003   8.3589106903825705E-002   8.2313581459683757E-003   7.1686580792769530E-002   5.8527034585650457E-002   5.6789619474547678E-002   6.7499920520593282E-002   5.9477038032419743E-002  0.30407748182136496       0.28492185345157256       0.17912703517239958        4.2625257960349897E-002   7.0927599675962308E-002
   1.7743794813835065        1.4171431145859938        1.6329722272354115        1.4201218678685408        1.3613237119290824        1.3680816323247063        1.5410073380498164        1.5060208300658005        2.0536646468690196        1.5560863405473047        1.5036305570707156        1.5559087658469808        1.4928713471020443     
   4.5336440360505799E-003  0.10230103727827360        1.0176609072862764E-002   8.7624113045274080E-002   7.4351502166307190E-002   7.0637614257977613E-002   8.4045891888103602E-002   7.3765973247367972E-002  0.31396051236922162       0.29496550011160172       0.20738458854657058        5.4393245428968597E-002   8.7523057063096113E-002
   1.8443937049405379        1.4014638865705709        1.5177835604298058        1.3642520970438672        1.3552472727649729        1.3649871060404783        1.6703469971564433        1.5263450425779406        1.3413498421677379        1.3710738402763791        1.3981025762174857        1.9198179579289869        1.6408940527954958     
   5.4112804863234078E-003  0.11975980539965529        1.2284813106320435E-002  0.10284458731460543        9.1228013088190479E-002   8.4358267246589000E-002  0.10109427212028096        8.6911872835685064E-002  0.32484051643932133       0.30407077339283245       0.23112670339986988        6.6077616067906408E-002  0.10444008384917722     
   1.9766552655517311        1.4485975484350884        1.9561675423803224        1.2982777888367749        1.2789605723508046        1.5545174387376046        1.5582640007692730        1.2049921930934417        1.3926903939634216        1.3203451845321377        1.3844706496471018        1.7787868203251609        1.4097431952765858     
   6.3144354914494655E-003  0.13802169198695935        1.4495694822724500E-002  0.11945460824351374       0.10798603737147423        9.7796414323175554E-002  0.11695030544794463        9.9484972558266827E-002  0.33658037865010193       0.31170212962543309       0.24976213607090375        7.7482935439975392E-002  0.12232291526546843     
   1.6453191442330235        1.5172902334798921        1.7166070351773939        1.4226701905606722        1.2845228527419554        1.5666947121454029        1.4571824718143345        1.3219815994904460        1.4950893780571923        1.3889317892830086        1.6149040100885874        1.8072268651797581        1.5500860896049746     
   7.3029646352844738E-003  0.15749744567863019        1.7030785626573449E-002  0.13608094862763276       0.12381620844774348       0.11226558184820577       0.13217850487495819       0.11121400389550434       0.34803557421676845       0.31921620475444556       0.26566658123009074        8.6354809599737764E-002  0.14084001194047002     
   1.4742260514233738        1.3784729380354837        1.3395964798866706        1.4007017826161781        1.5377796393190546        1.4987711227490008        1.2803020442070929        1.3036521220855117        1.3569366066145827        1.2923707054524594        1.5983010176322736        1.5160026968814577        1.9708245446674451     
   8.3631549691525857E-003  0.17408453067033847        1.9546109009814284E-002  0.15200904839659291       0.13943290903203945       0.12699901905949568       0.14904683857521270       0.12493878547345422       0.35943449753693862       0.32787221352187684       0.27992241224302039        9.5157325569848961E-002  0.15538532629582114     
   1.5172567807384958        1.5827840566093667        1.4353434232749140        1.4026817898497657        1.3276214452217487        1.8161216155336868        1.4437744414668987        1.2604015378124602        1.4375906566342671        1.5447849984284558        1.6376164610513135        1.3890696745697504        1.3480497270625302     
   9.4094519560339960E-003  0.18889332359164804        2.2526385682995122E-002  0.16816652685437580       0.15464205413180185       0.14077551852056699       0.16591221984915716       0.13971596031965991       0.37099214072541342       0.33629642284908307       0.29347710812410344       0.10376499247868688       0.16741377661906007     
   1.4017939633342742        1.5750775706039379        1.7347521500293230        1.4579791446833441        1.3446450664201917        1.3982304572383912        1.1704773762774308        1.4547401866401588        1.3853942624030733        1.2631301629244946        1.5474065944973709        1.4228459721954765        1.3379043824413708     
   1.0737188392654353E-002  0.20587324022592970        2.5829509875171627E-002  0.18571653727055329       0.16880309498737303       0.15335921492437041       0.18312324162939406       0.15437154916146162       0.38222126995045674       0.34395718120997115       0.30637033580030210       0.11307756523513983       0.17949069116271241     
   1.5495662377592410        1.3730818549229060        1.4654673694952733        1.3908889497612962        1.3045264994473302        1.5876011204665124        1.3224228120508479        1.6010067760960858        1.6691144217969092        1.3670041720355957        1.5781248045480578        1.2454961150894310        1.2902155044489043     
   1.2327361803727545E-002  0.22281044109373280        2.9485813931100849E-002  0.20329900463092962       0.18395787156720900       0.16558947475406052       0.20066089442024712       0.17058474981687630       0.39291845384488333       0.35132498478148716       0.31918399588185370       0.12522213947900609       0.19472515581204852     
   1.5040188304167506        1.4230885599229393        1.4106860897603570        1.2275138110847474        1.4507709085234797        1.3766333582219326        1.5275204417787744        1.3621078948010064        1.3314546230210866        1.4816045081573024        1.3111009384627275        1.3705985702778463        1.9947140258157343     
   1.4043143229509572E-002  0.23706773502158446        3.3720661592255390E-002  0.21955727356926336       0.19867526857574250       0.17679776994770643       0.21680974077514920       0.18718645035975373       0.40337033885842261       0.35837674870430225       0.33259933089199295       0.13850620925555729       0.21168992837034234     
   1.6827130021359160        1.3197759395062343        1.3221962393488542        1.4460922586545613        1.3283378254317124        1.2921843495536567        1.4754453059526025        1.4271365608275339        1.6564882387194477        1.2539805118427156        1.4302603530814844        1.3926281179249322        1.2719729275056548     
   1.5992288111900156E-002  0.25052319636776471        3.7919699867138723E-002  0.23514950892129366       0.21489021753464693       0.18677861128696030       0.23202155000190275       0.20298314181266242       0.41340760780146096       0.36500163778976280       0.34588216881553180       0.15223144033639610       0.22799949728961286     
   1.7369788032690145        1.4393075075710275        1.5115590599277910        1.3407985185922586        1.5334233959254826        1.3931908117750187        1.4570888937498603        1.3272214948943337        1.2236398828933024        1.4638968483604948        1.4099613226006344        1.7433565256630246        1.5730172921298744     
   1.7964435049082756E-002  0.26495297582734934        4.1962209060477026E-002  0.25135180423090914       0.23158147100449114       0.19728870137322133       0.24712762408932601       0.21818247970371971       0.42312384583605223       0.37163889808152561       0.35808911495497536       0.16644515062632562       0.24359808816234801     
   1.5712116564152605        1.3370959514607548        1.4650393753530988        1.5161164131799865        1.4305588474073341        1.3860630176843980        1.7653683803696989        1.4791552989794985        1.2711280997022889        1.2830725550787576        1.3618046883321084        1.4776058621201553        1.1685990064457621     
   2.0205611478760425E-002  0.27939194061093409        4.6321797050092837E-002  0.26878446624494412       0.24840245715006806       0.20780741517038631       0.26248147618210321       0.23195005069622729       0.43312765119072910       0.37870616449312144       0.37005517711399727       0.18031136531642522       0.26028634508059834     
   1.4196568925051425        1.2708187793906969        1.2700675878125360        1.2532194638106573        1.5007842794813815        1.2820260401064101        1.3336222484768481        1.3700673292293348        1.5117151184050954        1.2506210717987101        1.4631811712028819        1.1964830669282485        1.2300524133795074     
   2.2527384295644156E-002  0.29436936715731693        5.2035140064360941E-002  0.28590128697970207       0.26463247001880985       0.21782878829548938       0.27753254418904255       0.24526915936541169       0.44407709559002539       0.38610539191428406       0.38200597817839232       0.19456600317420131       0.27626306510218962     
   1.3141473654955791        1.5677011217519310        1.3733907260657039        1.5279609251633883        1.4750808279360326        1.2689161060460286        1.3439174495993929        1.3882524484562369        1.5416005354892415        1.5742207930446390        1.3253889145586297        1.3917394636453462        1.2775729878177022     
   2.5156067414089305E-002  0.30931255623076753        5.7736959247566721E-002  0.30257294127371781       0.28092860680152593       0.23110431607268037       0.29283797554385999       0.26177749830987879       0.45526112375200967       0.39359312213559861       0.39354965108316559       0.20732216705024328       0.29353067436777563     
   1.5229643807938662        1.2812061716119150        1.4257926196317228        1.3798774323380183        1.6475908479422996        1.6894913290236091        1.5543344780330106        1.4383096543103553        1.3892532893998994        1.3942431911367275        1.3915509864587920        1.5425196517135937        1.5013916193104044     
   2.7722850120804464E-002  0.32517182938347367        6.4750218610178115E-002  0.32013799472553539       0.29807485318179933       0.24511533360770080       0.30820184490308383       0.27807740879637460       0.46622137301302907       0.40098711066443976       0.40546214584482615       0.22004633407876165       0.31070845373534123     
   1.5106996624132174        1.4267164043804299        1.6017673842584630        1.5175035696192338        1.7171389253346445        1.5353916522274194        1.3072100871802277        1.3479911127546405        1.6740871336189507        1.3845129022295348        1.3414496716779734        1.2973402764187216        1.4511097535563460     
   3.0961138870224676E-002  0.34133756336804111        7.1838461703993148E-002  0.33914944563559851       0.31437509172607919       0.26075528680292381       0.32410090868303304       0.29259192108919119       0.47701117896128475       0.40722654674546849       0.41785596403385306       0.23301498247490315       0.32504717362717417     
   1.5481482015671320        1.5245453747420465        1.3737249679807759        1.3997111259152830        1.3478828693598575        1.4208874889676462        1.3319802613700737        1.6294437354772313        1.3539443791820265        1.2881451708870153        1.2858622227224743        1.7128958952997833        1.2928061768072123     
   3.4325870145059778E-002  0.35775820389986046        7.8929421140526743E-002  0.35751954788446400       0.33059767525326778       0.27606225621238722       0.34012828492799352       0.30722898173486429       0.48739434189426489       0.41346717953842299       0.43130210929523399       0.24814431678998741       0.34048739569921005     
   1.3234072672545487        1.5329960203997344        1.3666392579721587        1.6922683588874048        1.5900141200312663        1.7032239807431357        1.6502785861759206        1.2560014928355896        1.5275274632212636        1.4260486262031349        1.5789202124112036        1.1645246935286628        1.3085579132872869     
   3.8059200284031487E-002  0.37332619376848714        8.6263118098042102E-002  0.37425617434449643       0.34483172010285124       0.29032568522727137       0.35658457388630138       0.32319943011773267       0.49821093476997341       0.41952305195319128       0.44519400484037419       0.26389805178697878       0.35625385661279757     
   1.3851738574717221        1.5168513155382197        1.5767221840855603        1.1494049214140614        1.2418565403905928        1.5259487240579874        1.3485847073213659        1.3950342618383003        1.4692817406814445        1.8153705702069227        1.3287999824234544        1.5266440931082823        1.4419523018994906     
   4.1965927252737630E-002  0.38909353928060531        9.3961885208413490E-002  0.39259924166339732       0.36094133287415031       0.30414760630037091       0.37311243615650891       0.34065811879410762       0.50861536220566061       0.42567826457037178       0.45898836789092307       0.27982507107230103       0.37252008251314522     
   1.2583710217362156        1.4244188270439664        1.3874160493835075        1.4279486781511568        1.6422121557008857        1.4665999298124990        1.3710729765286225        1.3425405446272130        1.4165894791539604        1.3427363812161666        1.2819558865866070        1.7302874987052177        1.3945987418889951     
   4.5962276541549899E-002  0.40520386130474123       0.10205646897819154       0.41242918474673163       0.37731083749052413       0.31775598467155058       0.38926481152937215       0.35830046990148073       0.51878096397988349       0.43217583706210216       0.47321172206376866       0.29659959463740670       0.38876866940779636     
   1.4408948988314472        1.2812234256949158        1.5313275884871069        1.3772739093438797        1.4133765220565127        1.4424725659742175        1.2775222176968479        1.3958993158816315        1.6348211599309803        1.4677342745202830        1.4537556508058456        1.6765809095712780        1.5101788976094492     
   5.0313771385343604E-002  0.42088576496016405       0.11120858504962872       0.43130450836991790       0.39356670826927842       0.33162485827877813       0.40441895363174041       0.37603976832318314       0.52889239749813977       0.43894245751396149       0.48845755748000241       0.31488837936702546       0.40357896253138803     
   1.3878259420914625        1.3678170796638178        1.3089353233536347        1.7885009066830624        1.3640758963551138        1.2179753415076828        1.3602163350790328        1.5646519172207460        1.3103705717990759        1.2485149978420158        1.2737347806924826        1.3309296093997793        1.7354777117117337     
   5.5177946736287273E-002  0.43688247824659321       0.12094018322980811       0.45027670789915458       0.41034866983428714       0.34461028555697670       0.41866674461010589       0.39222921896730412       0.53935800141821999       0.44583250549876990       0.50382184413286235       0.33328800900568856       0.41925404618767853     
   1.5369501801236571        1.4187529830197532        1.5308510275630554        1.5834178665312879        1.3403499707117941        1.3331863404957680        1.3977942248430311        1.8414303819108040        1.4842931347217350        1.6327951067239199        1.4893025474885764        1.3233303766625799        1.2434328303223987     
   6.1007084829244822E-002  0.45316659346084498       0.13132529180682664       0.46828091489288493       0.42721045425463944       0.35627501181510901       0.43168825370128522       0.40699080796347653       0.55015177085557698       0.45265622967769148       0.51892476142229271       0.35248853579782075       0.43457262206694502     
   1.5094397287847903        1.4175431469226920        1.5822403415245934        1.3987644639455443        1.2582088909165099        1.3081119986367382        1.3050417261076532        1.4219422946465001        1.4296934647155655        1.5565524440544691        1.6568643896893764        1.2216986482292171        1.4974907627308320     
   6.7502711789548836E-002  0.46839169507176948       0.14095753783053330       0.48527060725526822       0.44033536490563430       0.36836086052811950       0.44665096158716283       0.42325074771724630       0.56077800914179232       0.45926775708287471       0.53428739960798266       0.36902474344985975       0.45051159593898454     
   1.4486345928864577        1.4712211272528870        1.1205357987375726        1.5600218764497402        1.3560505265355021        1.2092947703795700        1.2112910506149444        1.4640539322622095        1.3251869116094841        1.5962975886994337        1.3070694876708771        1.2351494464797381        1.4348214933445638     
   7.4281335056397627E-002  0.48152670921446400       0.14992096561686169       0.50057886453820966       0.45310729712100467       0.38098568825349705       0.46270422277523782       0.43925859062651545       0.57141662471547294       0.46592662892511943       0.55035713575154566       0.38512401551653203       0.46737425009055411     
   1.3777085978413548        1.2152889541796201        1.0744488449290033        1.3509250782631290        1.4221115478129307        1.7147036797599386        1.5990146292129279        1.3235992283959761        1.2432325774486110        1.5586966409189078        1.4415992314248292        1.3921167205445950        1.6685899673147782     
   8.1430077428748193E-002  0.49381225514880817       0.16045680236658311       0.51338467787418907       0.46693233409523571       0.39388279046919578       0.47747060685575282       0.45597819954239255       0.58222322122295356       0.47283511809490791       0.56694949281387097       0.40061808368207791       0.48430374667734205     
   1.5396675747935988        1.2149446431467852        1.3611402183498293        1.3653621154188573        1.3142451158171702        1.3064852416961674        1.4916468420349924        1.7212249036087046        1.3643242085025482        1.7776715956838720        1.4842070245829555        1.4219938798352088        1.4683546437335213     
   8.8529123467303933E-002  0.50663267771818765       0.17089717729437920       0.52532922368288404       0.48037829263316295       0.40778593315684858       0.49264505785442020       0.47306642219480777       0.59330982448473557       0.47999826584320909       0.58191286842757983       0.41521029088975830       0.50112786137504217     
   1.4479303162545234        1.3687260004178390        1.3233871927355980        1.4255695745633945        1.4321366989860196        1.1874180137833781        1.4987680275288773        1.2315552355986767        1.4303349626739923        1.6327013375335793        1.2129992829011074        1.4298927128825467        1.6213302427332101     
   9.6123377252691433E-002  0.52362197484012662       0.18186847663575778       0.53875174279103288       0.49911054903791208       0.42171483657905146       0.50663490212204532       0.48985306649970850       0.60412592065301163       0.48725850363134898       0.59565356319918605       0.43109525982796842       0.51669769403445442     
   1.4640862670525394        1.4684626324563370        1.1780492555173896        1.3113824321917222        1.3934144289476411        1.4400625964124230        1.2007053154499672        1.5168248400636202        1.2818577490098833        1.8241701250733569        1.2776639737266648        1.3521087120863342        1.5228129368813901     
  0.10505939312642658       0.54039793916510448       0.19407626196081434       0.55403531231661263       0.51778470940707022       0.43714229088053119       0.52021199874008617       0.50697153541859874       0.61491386068989462       0.49407957260235308       0.60900612036662916       0.44719315204226995       0.53023596124691974     
   1.3090237808741270        1.2456613724509071        1.3969290987320340        1.2923463291739505        1.6540755406872911        1.6170949168607749        1.3510559002282410        1.5147953022710932        1.5106091346602286        1.6483922428199826        1.4868919970805394        1.4065205494989199        1.3569099014879993     
  0.11495309681996239       0.55697991564866089       0.20816027479194885       0.57231604224943744       0.53714002427480501       0.45283279750597960       0.53250491116086962       0.52502766966944237       0.62555772981596991       0.50047721701747927       0.62159150198350710       0.46501927390421649       0.54350085309603469     
   1.3669951782349252        1.3103397930693998        1.3346008789243633        1.4820843265684094        1.7064581419305160        1.4538989449146442        1.2341080850498616        1.4496044049317551        1.2879814979739739        1.3547929512882695        1.4430027097011802        1.6147291286051710        1.2535621041149496     
  0.12563186595885109       0.57349806873900488       0.22334974205439148       0.59002208253158828       0.55608442280897386       0.46917921737832752       0.54648208668331499       0.54375190838008447       0.63646108698160564       0.50694669196649522       0.63791985717254440       0.48155076986696294       0.55699620297096042     
   1.2771182124935891        1.7826928012940502        1.2652292239763225        1.6069319955861048        1.3743404265906118        1.2599641571694531        1.2408157801111888        1.6004998089786293        1.4377421228372329        1.6011245909768106        1.3356898375401249        1.6779777953526167        1.1435464357296146     
  0.13709535187757793       0.58916047803187266       0.23918123037472333       0.60715302121574710       0.57529039473703147       0.48595448933566687       0.56035622607798452       0.56185129265869937       0.64716390036926386       0.51364587648287974       0.65494065255301359       0.49722814303094565       0.57207444766285287     
   1.2194215386745568        1.4111635895022061        1.4488762029734084        1.5015872214976882        1.3958834740263768        1.6538627584695254        1.2723511219277088        1.4106953873345323        1.3415904841861206        1.4895525337306035        1.2024226821699964        1.4609519770895134        1.6955430845712076     
  0.14918768850284522       0.60548806979090986       0.25567802113393123       0.62281629759081403       0.59250483807917131       0.50253010617454186       0.57361870498769008       0.57894891292684603       0.65859300274147348       0.52003271105243642       0.67062821459959010       0.51246938248417473       0.58691709702418415     
   1.2381218641903229        1.4361457968278066        1.4409114721423875        1.3468994155238829        1.5093681590975903        1.2300842633992153        1.2602894051843518        1.5022782616903398        1.4699076041137964        1.4039870718428471        1.2869928510099491        1.3876317733354553        1.6525887428999548     
  0.16232872104775950       0.62233321390917540       0.27284422896320426       0.63698440284980884       0.60670627644581154       0.51891121333300372       0.58688133155134126       0.59456806131899709       0.67049558997480718       0.52609498812557265       0.68586755559848678       0.52800590265361780       0.59887596249596853     
   1.2521354702562335        1.2719411770365687        1.3270441055805835        1.3847202532974019        1.4535856397425566        1.4924483262034323        1.3546591220363196        1.3113363075938096        1.2645742760583680        1.2870621191058464        1.2352542808818316        1.3230096993750307        1.1643338328298058     
  0.17666059573939119       0.63896817904353220       0.29003497712165593       0.65272161760782943       0.62084767354060233       0.53636500327770176       0.60182634411709934       0.60959599132223252       0.68238277560772831       0.53219675216039797       0.70082905635537518       0.54469204027910900       0.61067757549436985     
   1.4354318526731318        1.3442955053639463        1.2787068430303328        1.2347629186378029        1.3740442884167150        1.5055848058480612        1.7255186623584842        1.5081255568998704        1.4198784353764868        1.3191652601422523        1.4636467797017729        1.4355504434938597        1.4154436899383505     
  0.19190832655541401       0.65527729637290555       0.30629111617102933       0.66880842069224489       0.63385979568474238       0.55469970047884809       0.61763481075519244       0.62496667643783355       0.69452167714935475       0.53902270771784300       0.71691646832357936       0.56157001781097771       0.62261690555797822     
   1.4108507279166083        1.3240317725059594        1.2928676486195310        1.4204403095792577        1.5729127683170607        1.5868664517861863        1.4265519743016115        1.2925334571328628        1.4644138884150788        1.1569582745246860        1.5613879648645976        1.3665985539113528        1.1683700539976316     
  0.20847196000108950       0.67122166816293671       0.32313471437334707       0.68483468134576087       0.64934605839361847       0.57117348856173888       0.63461957173550765       0.64088791944887480       0.70579392261453888       0.54610274582732743       0.73322871761733110       0.57792320443905731       0.63540774560429536     
   1.3244825020153397        1.4451752169372254        1.2995880801810495        1.5673760898971560        1.5979914437512999        1.2680881477815409        1.6435949068760289        1.5921604206649980        1.2595919201164278        1.5113727134319279        1.2858797468631333        1.2516706369847832        1.2358553257341245     
  0.22602751326992160       0.68732084148089823       0.34077913158862699       0.70020210463965193       0.66527563660594002       0.58524874602327870       0.65138981801934448       0.65799753575353415       0.71633908595191398       0.55335455673819700       0.74870600476980276       0.59389874753459626       0.65031704650703048     
   1.3982706753601042        1.4253481343125889        1.5064571739705381        1.7208060011807949        1.6233165912535787        1.3353032749306399        1.1762356154492428        1.5638298152278676        1.4071438282487814        1.2783242391297747        1.4162713319314066        1.4149982550040481        1.4988836449072453     
  0.24828905565200257       0.70397682717284138       0.36050093454784682       0.71535399931967125       0.68121984187550921       0.59754423961034342       0.66943867097587062       0.67454712923806437       0.72692139782439080       0.56043063525282355       0.76339032988486311       0.60902655326329835       0.66417951366022099     
   1.2680176633446498        1.5815197546317425        1.4016850069782285        1.6337528687676433        1.4221882691270868        1.2973914182259580        1.4284178422496299        1.4259118824545018        1.3926279966548138        1.2823828267153718        1.5914035631987209        1.2586073159472249        1.3118516639577347     
  0.28310291605508447       0.72139658119122707       0.38368739535736407       0.73114165911889462       0.69829597092062157       0.61230044395150518       0.68588370361607065       0.68796487702124631       0.73809037416824474       0.56765764068111724       0.77736214323009911       0.62434236638252338       0.68059069172892683     
   1.1653900343577199        1.4406231856485212        1.4074535430495860        1.2253108329153974        1.3978925784070386        1.1791444541857952        1.4944493360189011        1.1061223418899047        1.4715176766115186        1.5801406787719681        1.2117003787758582        1.4194548496938055        1.5635997345191834     
  0.32708833127437420       0.73787924500152924       0.40699341637233255       0.74805353343696046       0.71546576456659405       0.62833257727894054       0.70209713503657090       0.70082832336966838       0.74930691178700892       0.57476361025741407       0.79056925874091533       0.63978177225993405       0.69720574966296822     
   1.3686416045712815        1.6741843365382811        1.2651526417614245        1.4457440897685705        1.3281418953739854        1.2831845554091754        1.3279366708290687        1.6441139942337790        1.4055346909630688        1.3858035607424037        1.2849091157696286        1.2974652998903300        1.5093542562178945     
  0.37407883905376621       0.75275546935251114       0.43078181287500700       0.76476788743737956       0.73272000048087504       0.64469543097010273       0.71978472555858264       0.71312028670959193       0.75946922410039130       0.58168376309003766       0.80356037110978762       0.65497775967455985       0.71360889124595106     
   1.3827348498936867        1.3607957202867393        1.4430626136671316        1.6885658806046107        1.2697802426105447        1.4062331732163140        1.3609891281836557        1.3050513288206282        1.1987468020832655        1.2763319232971424        1.3446212938922779        1.4312928342626174        1.4391554796061257     
  0.42251011461868027       0.76784610727157065       0.45516544836495781       0.78094838661554367       0.74887765437688392       0.66161244687818110       0.73672837020405402       0.72581119540912065       0.76992539985036401       0.58838848973130475       0.81813328028075127       0.66921007559248680       0.72859546136852316     
   1.3587192647222870        1.4794836277333294        1.3196285351853043        1.4203627417005020        1.6056005659969523        1.3698266617310280        1.4508638208222333        1.3004409095053897        1.2552488312816661        1.4130331780223375        1.3486610415864646        1.3174901796149194        1.2969587746672391     
  0.46715362912035963       0.78304698909591786       0.47967984329827534       0.79708889280513562       0.76514199584427400       0.67952348491198011       0.75279879390669713       0.73967505917566401       0.78092554924472091       0.59482226219196621       0.83214291435755183       0.68211440277347535       0.74334845851443976     
   1.4489090977677619        1.2937401102429034        1.3961769090282519        1.3190351008627250        1.3847102817235708        1.1604817833853043        1.4515824930037029        1.2327312257646756        1.4649412137185822        1.2775557070126089        1.4901617427124956        1.2427349733915685        1.4095410054063842     
  0.50660395278313308       0.79828646054413788       0.50770373203805730       0.81268740689806340       0.77772827914448017       0.69856509604191919       0.76802341903002180       0.75557959643364014       0.79255578653405578       0.60162246904583905       0.84509760042064230       0.69652591021819288       0.75796926789380625     
   1.2608289400856167        1.3771892256749465        1.6186546163515942        1.3802200391011399        1.4204565166765697        1.4183267369726076        1.3950389062129338        1.3379739041763843        1.1494185453934711        1.2116661710962400        1.5127767795796938        1.1820019238969428        1.4960033011103981     
  0.54377671792816384       0.81542459019489333       0.53814446229820068       0.82529898627589648       0.79078838010120456       0.71737807548769772       0.78254870586908754       0.77406354944584777       0.80454249068289407       0.60927487088012178       0.85763711810335952       0.71170315075163260       0.77404247756359701     
   1.4963473423010369        1.4247604377706133        1.4125673987016565        1.2413679792756926        1.4397522942654779        1.6678311203193847        1.3549539588013111        1.4905885138333663        1.3838144695762198        1.5483039937111955        1.4060567700989697        1.1960032219599335        1.1601489513531618     
  0.57900176060084352       0.83278579157643773       0.57092085105883783       0.83785240270451544       0.80488664847297553       0.73585845114308246       0.79887267556145936       0.79280481149530801       0.81545724194043978       0.61682618873343842       0.86960265672186110       0.73103985100700897       0.79044268515781435     
   1.2843688379669733        1.8724719801574976        1.5681590818260669        1.2268249194108904        1.3268390613495185        1.4827820197020245        1.4739417923923530        1.6261691551333890        1.3607796108933718        1.3068632164288205        1.5768249648426393        1.4442902808002362        1.2342739066076023     
  0.61049099920474958       0.85009326447523992       0.60343792499560467       0.85024270274637204       0.81932017833485893       0.75416903423207371       0.81497490572765308       0.80975943691944441       0.82544150650803561       0.62372812494577712       0.88177184242216533       0.75199373732365771       0.80625526334822251     
   1.1901848582527077        1.4321025877734035        1.4173399019064650        1.3985012696626007        1.1991069223777298        1.2755095578574149        1.6019753094450766        1.4964071641186631        1.4013418172753831        1.3994725859014672        1.4477037229512346        1.4609994774921893        1.4323655472276862     
  0.63801949748529563       0.86542715776086543       0.63414202506983197       0.86316135157524698       0.83521527016824793       0.77140713711247144       0.83051681643434050       0.82658492990975552       0.83470826792388386       0.63148861306118143       0.89391044063401148       0.77390830152649859       0.82318916051438851     
   1.3187715993607443        1.4265995997208714        1.3800866053874810        1.4375600214693620        1.3432149949525671        1.3755670036673597        1.6098969005179073        1.4113888779592334        1.3580834866865674        1.3457933882787056        1.3841129740513660        1.3908898425548992        1.5168039718435884     
  0.66396316079641726       0.87898565150507268       0.66310355681987665       0.87758167450254865       0.85042443108255295       0.78783031165745276       0.84596003588307245       0.84448405711612395       0.84404055387342147       0.63891949876567522       0.90544476209811386       0.79452064741911033       0.84058613436656826     
   1.1428716721640824        1.2302101055675090        1.4496874594733271        1.5362070037175652        1.4597324811325161        1.2865136309756318        1.3453994145756609        1.3945097393689883        1.3501712637813927        1.1524890790961519        1.3231455670726313        1.3475950710621425        1.3618106214841899     
  0.69081828687183600       0.89160699923624298       0.69265222487013556       0.89246750385441165       0.86523382229759127       0.80714503209243060       0.86237949931405988       0.86233031484726974       0.85414610335957830       0.64837084132995759       0.91641222553672774       0.81552154258834508       0.85578795300199118     
   1.2057642988993518        1.3556110739948994        1.3409667028785848        1.4157452496572098        1.4755215627798737        1.6252808318206948        1.3279075825895907        1.4765733164797139        1.3922561577035826        1.2052395449780891        1.5546191536874676        1.2370389835531004        1.4645597744948575     
  0.71703767684916631       0.90599285849141298       0.72199297025754450       0.90629592112788071       0.88098303912790576       0.82782545358580206       0.87668756251341873       0.87976827299741123       0.86480316392215451       0.65839490259905897       0.92681924246008651       0.83724674856002934       0.87110516552372474     
   1.2941932616725225        1.1935442874957838        1.4292444392275783        1.6246044724485009        1.2580150995980002        1.3030398235677272        1.4056748133693864        1.4561537963618461        1.3418572525816177        1.5218585480478539        1.9350958271255909        1.6369892323004420        1.7852925907394268     
  0.74174554817451521       0.92144274178203744       0.75120303282535372       0.91806312307662608       0.89368125315252367       0.84805159428652321       0.88900646287147755       0.89708791181976411       0.87645663942699104       0.66907072345332952       0.93725932584879135       0.85759297536273948       0.88619407397743233     
   1.2210401911582964        1.7685714465461877        1.2372604844513306        1.4275807097634681        1.3225659850251430        1.6096837246648152        1.4545833904090064        1.5297347843089215        1.2767219714981284        1.4469347596151967        1.2060209968017486        1.2988923961872409        1.4015171155751027     
  0.76633125677296232       0.93611809267371038       0.78408829430300520       0.92838612647917362       0.90670089575198209       0.86785985290259959       0.90238920655921351       0.91515390565700183       0.88921977215815662       0.68107247860045872       0.94830880852187982       0.87825114951857008       0.90061637242158810     
   1.2100089330646298        1.3407466735208979        1.3962826229051908        1.0968428153383261        1.3398805994791894        1.4410038129095331        1.3901470294042755        1.7954923041904729        1.3363784437701784        1.7853296533240901        1.3460565146430035        1.2796959433582200        1.2211838598992961     
  0.79396850385538298       0.94922000386838246       0.82019822399744557       0.93790115985393563       0.92203615437313546       0.88623396940381882       0.91574407653369438       0.93162393072637550       0.90184749390348928       0.69464535258664162       0.95897926942220513       0.89670301274702469       0.91712021519527598     
   1.2900562180714548        1.2842537372741158        1.3739221070427527        1.2026048280155917        1.5346875848642636        1.3417329082646203        1.3415416069793742        1.5560046498961582        1.3924934964664095        1.3355978670534474        1.7875102060565082        1.3110269450582657        1.5484044824239371     
  0.82320140910329187       0.96105372776036080       0.84943015544810641       0.94772113178230744       0.93758715831921657       0.90565230376289674       0.93013705759432030       0.94456320884591127       0.91385435163213535       0.70917998009591887       0.96923385032822706       0.91337912936607923       0.93457527844085120     
   1.1890836866386325        1.4770426194338548        1.2430150083822511        1.2222755740650753        1.4115585290049277        1.6086399386772958        1.3296876747499120        1.2887343169275838        1.3347115942614749        1.3542375911291977        1.5291311880594232        1.3987100628742315        1.3233599265821154     
  0.85770974102579478       0.97271649610536293       0.88297613719387713       0.95779958625143979       0.95298396824717835       0.92734265644322955       0.94701372706851550       0.95700535264327469       0.92772744603577140       0.73095606728158824       0.97787015587799242       0.93617656478775946       0.95105593160178592     
   1.6800401964227794        1.4346513992201408        1.1871171919740966        1.3913945725600678        1.5559265545838550        1.3754500524799518        1.4999909718851505        1.1751188878224244        1.3711649936638113        1.3923433229404452        1.3283774352996005        1.5489448703018425        1.4952221908677266     
  0.88462598843885953       0.98205916898546086       0.91969948305094873       0.97144456215906738       0.96914869456595254       0.94941231382872004       0.96360498465942812       0.97121463273124919       0.94164184135100448       0.75710942262823433       0.98554288218001007       0.95712870697790742       0.96747914400839619     
   1.2744618430792924        1.3762243822567142        1.3288106679587908        1.4880881338702763        1.3491968728626142        1.4703273035364031        1.3948266934180718        1.3408100081364243        1.8124153806292367        1.4409048953618551        1.6813477955925866        1.4307501653578385        1.4535424613070178     
  0.93432961758425115       0.99132662781518954       0.95893450099019895       0.98598362443170973       0.98425676980554233       0.97498596419901351       0.98149661628595708       0.98563258130153497       0.96591369233807756       0.83692775630157756       0.99288653229923540       0.97863287249025965       0.98373740578320479     
   1.3496209353041408        1.2728100852002824        1.3124405423401111        1.6827428481208211        1.4236037110030586        1.5156881016381352        1.5377603049233424        1.4054405643857335        1.5190652787112939        1.7491097273923450        1.8198868021318841        1.2807292667261367        1.2654350197269317     
   1.0000000000000000        1.0000000000000000        1.0000000000000000        1.0000000000000000        1.0000000000000000        1.0000000000000000        1.0000000000000000        1.0000000000000000        1.0000000000000000        1.0000000000000000        1.0000000000000000        1.0000000000000000        1.0000000000000000     
   1.0569629017944953        1.2248592597848145        1.3205864303937720        1.6279752396892957        1.3380986007061328        1.4277417716462548        1.4256042462749070        1.2974642032842656        1.2331220675926196        1.0569629017944953        1.2963045670271751        1.3275856332388489        1.4760166250632247     
   6.8853155659524461        3.9284725722173417        9.0639321102734929        7.8020260593069652        7.2939553834131550        7.8238125413780937        9.2823283014691800        3.7155760278652954        9.3057988100513391       -2.3709940714334912        6.1605664788597814        5.1765132518882000        5.8830962996188827     
   5.5865545423100604        5.7723718263700592        5.5419983671389055        6.1042003611364501        5.5758529393664542        6.2111851266439420        4.3196940880540238        6.8871878084500926        7.2761498742729591        2.5314692855214780        4.2794263602476272        8.9353241798837555        7.7918768617425274     
   6.0979955949513451        5.2046005735405343        6.3064589705523417        6.3551939497791663        5.1473955548770371        6.8584052181697022        5.9437797240578343        5.8382456213501017        7.1763080940543480        6.3936544301326625        6.1171314813454298        6.7394174558477866        6.2836974587399101     
   5.2142150165538652        6.5616913765513587        5.9880715422951933        7.3413988429227084        8.4631962239850385        5.1401820856980684        4.9343988397582468        6.1225630512661926        6.1807157011505192        6.5302978191003103        6.4763500897965587        6.8443067344304698        4.5569633914271046     
   6.8051755565256755        5.4704735387335290        6.6802492845052965        6.2260240330213978        6.6842490513956667        5.0136372317089348        6.1348750723424317        7.3771502236577877        4.9554269502712627        7.3914376297088999        6.2227967379782969        5.9049598244811294        6.9923809983004022     
   6.6149092414256385        6.7707694831656040        4.9271768969974818        6.2322742942298799        5.7451419162549628        6.4978457834118775        6.7018775275558191        7.2815875528975882        5.7164767660178715        5.0208530094300761        5.8487325901967857        6.1422141417502081        6.6447114866479069     
   7.6982672471725930        6.5038444954382753        3.3120322837139757        5.3466624501587727        4.7825641213202932        7.2347669460191737        7.2050903184573212        8.1229794926561727        6.0813497530410237        6.9227941921202651        7.5707324387074078        4.7595936302872133        5.5518969687925157     
   7.4317181912362589        8.2213361739746951       -5.0133583166267259        4.6336100006735341        4.5952994812954406        5.3123893237842186        5.7800159707190302        5.8638673817757567        7.7133181160055901        7.0741412050792469        6.8843856026971970        6.6632524654619267        7.5750433209460857     
   1.1235338874083647     
           1           1           1           1           1           1           1           1           1           1           1           1           1
   1.9485919820526398       0.60890751884751704        5.6292849189697033E-003   6.4179877823726343        3.3595793987888777E-002   5.9326154575735723E-005
   2.1542385793714477E-002   1.7701375877477117E-002   3.9284580687337029E-003  0.25326428524712941        3.9273363452361982E-003   5.6628469466611821E-006
   5.0000000000000001E-003   6.6496258462556321     
