   0.0000000000000000        0.0000000000000000        0.0000000000000000        0.0000000000000000        0.0000000000000000        0.0000000000000000        0.0000000000000000        0.0000000000000000        0.0000000000000000        0.0000000000000000        0.0000000000000000        0.0000000000000000        0.0000000000000000     
  0.22380391112440501        5.9833471353117288E-003   1.7751417299143933E-003   1.7852185973302435E-002   1.8979241071793301E-002   1.4814525884687279E-002   4.3004017949757056E-002   1.4872318410003390E-002  0.43833800049530530       0.16107047842556901        6.0955386604066110E-002   9.8997072623239271E-003   1.5254773038405972E-002
  0.83461940937184786        1.5273649343850639        1.0713854978668136        1.0637241875909884        1.1732383218039948        1.2031020306257776        1.2138607309936920       0.98628192324862629       0.97939287605027803       0.97341955441694639       0.98367685512082326        1.1529590333907085        1.0011213321773023     
  0.27100826718932958        1.0501639341096197E-002   3.5434965796043785E-003   3.5423632449890427E-002   3.7378063028540576E-002   2.9281381044878478E-002   6.9523738684483860E-002   3.0765335339748692E-002  0.53596308183454100       0.20240329429827650       0.11258639529494992        1.9660845891340838E-002   2.9229517880465482E-002
   1.4394902101986158        1.3807365405656791        1.1325744461590306        1.0638324362737535        1.2616534381044116        1.1411256335752615        1.2782857141842694        1.0593117814913242       0.89156990989446272        1.0931775874782441        1.1959657819740466        1.1343880946989580        1.0254538344150717     
  0.29207621963548758        1.4379751021762241E-002   5.4540774707231357E-003   5.2409228928521963E-002   5.3694799666020587E-002   4.3585487108697814E-002   9.1582099322404048E-002   4.5365497135830331E-002  0.58543395413225741       0.22487547959624851       0.15326556700563906        2.8186119364401747E-002   4.1200732409838355E-002
   1.0643966504525808        1.1328553343547976        1.4329204112546021        1.0378223895227445        1.1277449286021812        1.0000947781185512        1.2556157384517115        1.2276804527921616        1.0460231895009324        1.0644020091237505        1.0904416229241018        1.1918983833013272       0.91537384992691440     
  0.31206439025082250        1.7868638705795418E-002   7.3667044871910886E-003   6.9990493822667851E-002   6.9586310700609000E-002   5.8414729227814238E-002  0.11268059382892803        6.1975364219438521E-002  0.62265484502714219       0.24213374860866896       0.18763063900065113        3.6874026805396788E-002   5.3489669136631911E-002
   1.1616892255648830        1.1558139200890962        1.3944200483758706       0.99401335619492226        1.2557311499378891       0.99245525372432131        1.1437681792323711        1.1599193860752570        1.1322662196806650        1.0335886236604190        1.2282919592067032        1.2182038489212452        1.1878238492518940     
  0.33250599411511472        2.1476308088799731E-002   9.3290922978366900E-003   8.8265447089897878E-002   8.3949902968891738E-002   7.3122169088344333E-002  0.13035757199588521        7.9921221317281854E-002  0.65035057605648661       0.25733184698905553       0.21570251190765499        4.5210562511072520E-002   6.4457647574208507E-002
   1.1499379067709659        1.1960151362630080        1.2640860298171990        1.1211426610417707        1.0436336140495246        1.1006891182752068        1.2040583079112634       0.92859201877564945        1.3101699448752451        1.1339672296108534        1.0477732163129376        1.1335714491958493       0.92904204959940251     
  0.35220511893697509        2.5306310342507132E-002   1.1413554850774887E-002  0.10761049442148141        9.8916519514354609E-002   8.7341687789106504E-002  0.14606217014189235        9.7624544678584821E-002  0.67328351216615145       0.27059246100259787       0.23983513986000188        5.3929034424136116E-002   7.4524097105150594E-002
   1.1178281759407795        1.2307352862979224        1.1441362354842168        1.0749568729324370       0.91541896491854480        1.0416777866872602        1.0267268497874420        1.1139231578825328       0.99228530630229683       0.93696624724482114        1.0828714497446941        1.3358765286371745        1.0181175925977581     
  0.37187774224923775        2.9491456051890078E-002   1.3726047255279775E-002  0.12720665059920430       0.11623292192903091       0.10097766481482987       0.16227817684836751       0.11586078979532574       0.69279183870729333       0.28218186936050338       0.26023190441078969        6.3106068275718324E-002   8.6797759004260983E-002
   1.0900029769828130        1.2207892065176216        1.2633152068396218       0.99485828374941421        1.0284592944686677        1.0411821090294526        1.4175468020537787        1.2742630916811724        1.2125657328740798        1.0516319262178886        1.3106915158761199        1.3323695860398088       0.91956339470061799     
  0.39321915126162577        3.4006747607998850E-002   1.6191187092591312E-002  0.14551974340571677       0.13314337239770382       0.11450874495374590       0.17929446235580959       0.13343094192904723       0.71072033472674623       0.29345117851500813       0.27545586583024712        7.2913162483520602E-002  0.10068203541651509     
   1.3282290921587321        1.3642845733288738        1.2398001624803430        1.2842390796649188        1.2916483842328010        1.2033171358737529        1.1562819141399872        1.1507106323485559        1.3563164648896515       0.97897895131699875        1.1382080265732144        1.1977243759023155        1.1950066864273918     
  0.40478045698931936        3.8606391230643994E-002   1.8598907351741648E-002  0.16384123302320894       0.15032166775059339       0.12843812802062310       0.19654067841139614       0.15031200747315654       0.72813608609147018       0.30434247160327060       0.28809088633486452        8.3450612607210900E-002  0.11443745627996206     
   1.1024727879273968        1.2962496930647527        1.1011655487411758        1.1827378788460143        1.0510704674800080       0.99805247320598933        1.1002558654602936        1.1604144148799826        1.0988525352759522        1.1887390090448071        1.0854909535233155        1.2895112216349645        1.2219742963087936     
  0.41848636859637323        4.3256315366466035E-002   2.1178953401806488E-002  0.18262253221074004       0.16770175360675210       0.14244921957828127       0.21004077902082238       0.16762482633299333       0.74304513648494896       0.31416800216612972       0.30010917583471147        9.3486882214917286E-002  0.12742761771377312     
   1.0376480632993776        1.3246769178124809        1.1934896118565643        1.2112868655629705        1.2335445374671219        1.0476599778795141        1.0263217142704215        1.1967215341064263        1.1737173327068890        1.0561359730140465        1.1355158270004919        1.2054326145716434       0.97659691712233487     
  0.43230976826317558        4.8436158373763950E-002   2.4282654951178050E-002  0.20164629941553852       0.18424959489428547       0.15553169255590665       0.22278195071984136       0.18628240093806941       0.75572627620721267       0.32381243025038242       0.31297301464406929       0.10461294036842608       0.13971437245386248     
   1.3753799330764980        1.0786230680889379        1.0633051124242014        1.1973382638453574        1.0978047303084455       0.95392365959602721        1.3521389334875913        1.0792392883220139       0.98450776377546401       0.95438939261292921        1.0901445632836959        1.0525813334874237       0.99988251132039263     
  0.44452901020821117        5.3581414895706628E-002   2.7899093556342219E-002  0.21986984828374934       0.20031709940898357       0.16779508365935181       0.23526137450810225       0.20275906453089196       0.76713350610148501       0.33307733507187037       0.32537685193941945       0.11649587965233617       0.15208258207840605     
   1.0388266600874041        1.1782650919312487        1.1553161140644659        1.0454141115280364        1.1402685577302334        1.0137908784182199        1.2165753662215248        1.1150148154373816        1.0070121497910762        1.2285081264389479        1.1042108687297674        1.2492199753400186        1.0014209087667052     
  0.45664403703198342        5.8180351512172636E-002   3.1990987263964411E-002  0.23752187823893603       0.21642822973473572       0.18157859729433734       0.24862654750953478       0.21966578446941165       0.77777398579850987       0.34210848189114951       0.33692867563602108       0.12798182796418178       0.16474717736818920     
   1.0036165544538962        1.2814384800087772        1.2477618432956779        1.2785000797211741        1.2163887904704922        1.3239302218341245       0.94374513323165699        1.0197287978297145        1.1600558369374094       0.96193816776763796        1.1901045723634520        1.1103401996282891        1.0503205353701270     
  0.46962084221950101        6.2469930731662841E-002   3.6399075886699245E-002  0.25599049139008201       0.23275359136356483       0.19558613811781217       0.26164041332918569       0.23627472019701537       0.78720040196785790       0.35036224394678644       0.34835917644483105       0.13953021029300219       0.17818298595778348     
   1.0535023180717746       0.91478296910626611       0.93699786977348964        1.2057354401745202        1.2162863507521062        1.0624953100613468        1.0251136081005205        1.1818740258315519        1.0915238067573747        1.0208490902419494        1.0407097251187079        1.1343834036587397        1.0186597273104239     
  0.48225700777328523        6.6927418411094119E-002   4.0768368797864718E-002  0.27416321638830321       0.24952323413643243       0.21085051576400424       0.27495316542001841       0.25296994081246083       0.79558384531870174       0.35768241043362309       0.35917216533560498       0.15103545200417806       0.19357889876251594     
   1.1170131084503143        1.1024712731458586       0.99913124221792238        1.0606535018160654        1.3388826829168345        1.0637202811058866        1.0562147244181330        1.2224528383136097        1.1334236576173979        1.0716458837760026        1.0520420374522277        1.2679961061806493        1.0247119701932945     
  0.49414493149689498        7.1453661815563632E-002   4.5193996209100591E-002  0.29170251378559559       0.26637016431870020       0.22452862779802171       0.28744109087634684       0.26936878742215925       0.80377420684895728       0.36474105841440746       0.36998124936013760       0.16368072552027838       0.21008706101803748     
  0.96028735956414968        1.0289912273284216        1.2408955353471387       0.96682834367965742        1.1413018378945938        1.2081314032350861        1.1058138042560570       0.95867869636565828        1.0299808242775546        1.4217738202567445        1.1010291019953946        1.1526083665250813        1.5405069483444009     
  0.50630609814275551        7.6035461594947423E-002   4.9800807282899213E-002  0.30622403634788325       0.28311616544985940       0.23542900756137897       0.29969055637286490       0.28651758548972373       0.81199499612744275       0.37204029232813790       0.38114471470341954       0.17704734636149896       0.22571445192784073     
  0.96866946112294827        1.1563743186875752        1.2523988444117859       0.94918181450784267        1.2641996179479447        1.0375672301932957        1.0728425900379759        1.2192673747539642        1.0731376335311582       0.94206249676461518       0.98682745893155632        1.3053334648365453        1.1800461681913268     
  0.51786272708118697        8.0637832642704868E-002   5.4921542521638285E-002  0.31892970500862416       0.29976127068111352       0.24677104630774666       0.31146770829395054       0.30373573507991330       0.81988933093790373       0.38048026666468121       0.39320799878447860       0.19221097280773453       0.24088473264788970     
   1.1893448026890645        1.1652214896797457        1.0754233506133519        1.0553794759361701       0.98970213944265417        1.0596365428862657        1.1314397141377210        1.0013056362128281        1.0446961618008090        1.1723373591600112        1.0586103702393816        1.1737285325984130        1.1944735463868827     
  0.52833637538202727        8.5423725578689963E-002   6.0709979640471708E-002  0.33094589667595103       0.31484378149546943       0.25978432873243451       0.32409628086144032       0.31988905359668290       0.82717767441797330       0.38911111601702053       0.40393581479858998       0.20910107127561597       0.25524402988135753     
   1.0453797385867487        1.2146380237725851        1.2761895597249189       0.92401813377140762        1.0603107368769895        1.4561065721964430       0.98731073333485619        1.2548808853642601        1.1382363631521497        1.1987763723438172        1.1688517963605751        1.4389116314381647        1.0865866999622473     
  0.53853805257176157        9.0742590959506667E-002   6.6408365778755932E-002  0.34358990554379631       0.32912474492852134       0.27543887929166699       0.33682329463571720       0.33731123694700837       0.83403373465878972       0.39751765819130969       0.41373462500577024       0.22540860544624799       0.27068227535685635     
  0.99676111948743218       0.96806776905710246        1.1102129641496619        1.0816990675621776        1.0026135453822853        1.0359918967326458        1.1706140879723037        1.2662363164007295        1.1103899253195539        1.0207358182897999       0.92854036348723989        1.1181191075359780        1.2346530470785066     
  0.54888692567253994        9.6560142968425855E-002   7.1750364609176553E-002  0.36062290307651967       0.34417820881708922       0.29218154876171032       0.34907870499678284       0.35371646605247731       0.84041187199625988       0.40575805593238640       0.42425323123988207       0.23870172604855336       0.28753480720629015     
  0.99962646775367570        1.0032472101035081        1.1179232151629581        1.2162342642822970        1.0862320482537804        1.0406893028911139        1.3202142925787128        1.0817210403394710        1.1057884985568145        1.2843053959827160        1.0362103159782301        1.1762805218453531        1.0866901546627157     
  0.55848714786070430       0.10264768712113401        7.7031212091604892E-002  0.38215159302723078       0.35977780766189887       0.30908519889266656       0.36061623914757629       0.36651520159374468       0.84662934087317998       0.41379554246989952       0.43625719684897640       0.25174213878281437       0.30360887244612872     
   1.0180281985389179       0.99558250300547912        1.0985131546298812        1.1594409559907721        1.0107583587122768        1.0638830359408229       0.99944099159830901        1.3044567597975270        1.0358182441901926        1.2538809360583583        1.1025309397093956        1.0689554155848549        1.1298343179291410     
  0.56846450657350456       0.10917592456400860        8.2237688088336869E-002  0.40256035078924796       0.37611799306075161       0.32565293219729163       0.37213038767912615       0.37932193472635545       0.85253319349931067       0.42157674091214181       0.44867415160254787       0.26413226323342281       0.32057450210801547     
  0.89624185407705026        1.1818851980747220        1.0412131668977318        1.2339318716762966        1.2289813105698992        1.3392395538020483        1.0338888425730943       0.99429316959255176        1.2484484718170474        1.3109146994652447        1.1343669601585553       0.98641919937341083        1.3172038167438944     
  0.57872575661673997       0.11567326794121832        8.7772245253128794E-002  0.42206504337832207       0.39430418548944285       0.34197971442427788       0.38272149671154260       0.39122745086264732       0.85819290750572985       0.42907587088363958       0.46123121232131908       0.27772018242834212       0.33764282002119961     
  0.97072594857916450        1.0572753601594784        1.1182911018018968        1.1156279564891882        1.0731292457193076        1.2011731978695133        1.1082001717567844        1.0122447883106152        1.0596296467535848        1.1588672791296959        1.1917596475312404        1.1591919899069698        1.1684072812203086     
  0.58977867338226309       0.12201770700018844        9.3489399705086934E-002  0.44312140691350910       0.41376755502353962       0.35903227192782056       0.39272861482618915       0.40268450443353837       0.86371340612392333       0.43635756514409946       0.47404103107516787       0.29221280465212429       0.35617926711362607     
   1.0842488759319029        1.0414269910409797        1.0468823227146264       0.98916847643679351        1.1287196361628313        1.0832170759216990       0.88496159064783586        1.1112851138040387        1.1168865967354817        1.2690621297745210       0.93140785052548003        1.2329696625511690        1.2005737004678765     
  0.60180060816856507       0.12858851271061708        9.9780426087257457E-002  0.46307923089970932       0.43170099633495079       0.37563208492389771       0.40224519156702188       0.41442354803164566       0.86926513545731698       0.44392936963833635       0.48666924106679965       0.30683316144453876       0.37482809008026141     
   1.1174130090588201        1.0640325153798784        1.0579630607523047        1.3184210580037439        1.1965980567108534        1.0120114391808399        1.0683680763922789        1.0364305097974416        1.1992934117888581        1.1325618765667682        1.0081529323374978        1.0636570625327650        1.3968239469590353     
  0.61440334663556795       0.13566808283505555       0.10647610181810892       0.48297009715040012       0.44713162269005952       0.39266233013705465       0.41181938418951652       0.42603688084053681       0.87446490259711984       0.45137738654679188       0.50521553577061162       0.32089750867115874       0.39295569501414701     
   1.0713338295868391        1.3522738855198027       0.97851028716269228        1.1556092052420064        1.2416628779035133        1.2149262398624672        1.1229147597052591       0.92071175411459172        1.0095255530247005        1.0969514670482443        1.2613357232149536        1.0079415713045687        1.2201029896340470     
  0.62734568329839369       0.14299096776293097       0.11368260838136574       0.50291094593035734       0.46264282828920700       0.40986939334697359       0.42148315348730669       0.43590733453967634       0.87953330163457166       0.45769807622169412       0.52079045663900114       0.33457288478985053       0.41123011474844634     
   1.2475076375272962        1.0685858995673274        1.0514264785268355        1.1510844551222812        1.0890772586650457        1.1954551851703168        1.0723305997528783       0.92854036348723989       0.99650328830996093        1.3952145890282832        1.0520930923055904        1.0428166301742554        1.1360853090920449     
  0.64057389663406428       0.15055481531025924       0.12129979200828755       0.52152848428289666       0.47811034415438125       0.42636850960817052       0.43103056833302605       0.44549099497633005       0.88420929060184084       0.46402529567418915       0.53910778025621553       0.34811874922177732       0.43044780398556454     
   1.0380991791451630        1.1750924763912920        1.0950553412909922        1.0846233377959773        1.0496485710338948        1.0458668784953782       0.98258393095928920        1.0896054020705994        1.2823733545541172        1.1938613546599341        1.0909660818176974        1.0513262855501002        1.0123581839926459     
  0.65467676830368515       0.15796818262451420       0.12938694402241466       0.54033469950173985       0.49242064329606172       0.44273388939219765       0.44158449905994185       0.45555532352972467       0.88864780666769438       0.47044815214924651       0.55730243962710624       0.36199364791328170       0.44986384751588371     
   1.1387789634111418        1.1099921284240311        1.1255802993091937        1.0118184009849425        1.0741007487496788        1.0297037475173336        1.1154080553267787        1.2294606010295128        1.1111512742048668        1.0782830285893132        1.3216523803384641        1.0319564548364577        1.2473856431631036     
  0.66909456481436413       0.16491231913025098       0.13776217899262400       0.55844036063397007       0.50756056412921768       0.45655160525384880       0.45236311116884909       0.46494870884616069       0.89291740973259259       0.47699888308738042       0.57273881228776247       0.37583910415513477       0.46792593103873165     
   1.0682459413329857        1.0814954969142785       0.96603347307639886        1.0861722543934362        1.1302436855833311        1.0463000954299571        1.1487427038144025       0.94900494429123017        1.0435930704705425        1.1069214358302240        1.2821727666770526        1.0400875725077743        1.3214272390861950     
  0.68283465955713674       0.17151269930418039       0.14777103409820691       0.57495882462427284       0.52410194410358324       0.46906105014299909       0.46287575849907475       0.47427990831687161       0.89728625523557415       0.48427604994827972       0.58780412634394497       0.38660802640209690       0.48129997535036512     
   1.1182221125468848       0.98888257376730515        1.0596904757489911        1.3020920590121023        1.1853998726342572        1.0860567786498312        1.3023043997835624        1.1436666561127784        1.2226809029488106        1.2847261965640557        1.1950080687411482       0.87937912171697685        1.1734453938258920     
  0.69593678976420215       0.17849439708257114       0.15864002419295345       0.59087934559827604       0.53999701628922292       0.48130922945748944       0.47391973028295126       0.48502090198734860       0.90158687273844318       0.49144712310434807       0.60313784654622482       0.39712648313871673       0.49362409825891468     
   1.3180214562759638        1.0808408342535065        1.1347198025061713        1.0608471618780786        1.0737448593732435        1.1189822328020613        1.0454584384597885       0.99467650879394953        1.0863405562360604        1.1771441656417703        1.3393552936618993       0.97974961134035232       0.86516569568064094     
  0.70872730286112140       0.18623947475888572       0.17079937020095473       0.60715865968913685       0.55312077507023960       0.49305753611484182       0.48510050149889206       0.49913548433184568       0.90548763077910954       0.49816250168711579       0.61968311870795068       0.40718712969909560       0.50464166402877098     
   1.2481242882889332        1.3585743125888401       0.97737117927650519        1.3043435216151322        1.1475742914774432        1.0495671725204943        1.1803789661088040        1.1423928438111930        1.0554482611512646        1.1987526712266061       0.93446777066326880       0.90339398059669707       0.99629002832297409     
  0.72138151806891926       0.19474799765668926       0.18287655254022392       0.62491368913352352       0.56513318770128229       0.50597752103598004       0.49599278379067785       0.51400065962493136       0.90902423182588732       0.50458855704096939       0.63698645454663594       0.42111161619027193       0.51472151266029809     
   1.0545466268345445        1.1147140111647298        1.3264078756064648        1.0764027186810172       0.91974033500853136        1.0015613173509001        1.0945857066533304       0.96161644105790722       0.99399857673600256        1.2943248296180072        1.0532845477905814        1.0368040568165426        1.0274162482011184     
  0.73399507992123647       0.20372168397944393       0.19498579364972579       0.64389469467433480       0.57659037975180083       0.51952796490677999       0.50692446494046883       0.52996422334256066       0.91245573875092778       0.51086207005985540       0.65518395998400603       0.43759621688362815       0.52903415061055181     
   1.0535189890567369        1.1668713582275645        1.1479254873660329        1.4236229792212647       0.98388509247544265       0.92607182475657801       0.94186529670728769        1.3386683735185969        1.1608978628056095        1.0588515079025309        1.1500842164719649        1.0512024089169409        1.1743739289294843     
  0.74719896301566002       0.21296803224537036       0.20653971481931796       0.66247130341608096       0.58879547089213835       0.53341389050768917       0.51799733971390549       0.54604598578307906       0.91600634655322033       0.51673431581492857       0.67392661207498161       0.45436856502872991       0.54390353508979417     
   1.2775783554745543        1.1218178524971743       0.94973063257576296       0.99940613752219709        1.0402136398667274        1.1070487709779366        1.0554351544518759        1.0531719343503443        1.0392430889692799        1.1063069284979656        1.1468509552638229        1.1561541966571560        1.1692213851459092     
  0.76036463413854027       0.22268259597891779       0.21986556564044807       0.68055053083937889       0.59802716713302262       0.54756785518544204       0.52985659210103797       0.56420188648380165       0.91970399975533279       0.52226762436178331       0.69239024929631576       0.47133395672076467       0.55962114786668382     
   1.0565717721424508        1.0794328207713648        1.1445398400150084        1.0992188760382831       0.92530601768487131        1.1764540023191681        1.3973029481468573        1.0964154494352283        1.1351640431889858       0.92482437570048825       0.99867046644103019       0.99991240655041314        1.1863886558670258     
  0.77333339742656149       0.23333545018199095       0.23542018437191747       0.69754018306121612       0.61066044509168194       0.56180150544087870       0.54299664415137283       0.58389681042902897       0.92341640873911746       0.52801764442871024       0.71025398691900576       0.48854999364633267       0.57554056935157949     
   1.1389174988457973        1.2452736532386028        1.1730242471392518        1.1764991451711326        1.1758474308663023        1.1432086955636149        1.1311430537967988        1.0244621951148498        1.1539952963736992        1.2798767768386392        1.0771107919237972        1.1269470713707457        1.1026399848853958     
  0.78661732194406253       0.24532176781324261       0.25140951139375861       0.71418461913491937       0.62337010437445006       0.57706462550485016       0.55525604483470803       0.60347795197920362       0.92705648623214987       0.53409458672858035       0.72777022665732405       0.50636280126949429       0.58969801388829635     
   1.0407131240583349        1.1423916082946795        1.2731317070891577        1.1500809284670288        1.0673208097442783        1.1199490033962347        1.0541215153900678        1.3051657667487935        1.0591742084184754        1.0758293936856078        1.1422490907921177        1.0694665590996002        1.0878259140736868     
  0.79889769682354772       0.25822517070370760       0.26820922818806114       0.73060842186945041       0.63668143650582021       0.59145607846568571       0.56695278349543599       0.62203907715754991       0.93063819779956736       0.54035426042495949       0.74485713573908197       0.52369159802084653       0.60353613861268540     
   1.2869161198446941        1.0561532727107690        1.1453791981340447        1.0954575752752873        1.0878896636054725        1.0325749183332429        1.1480739547032703        1.2093997628288931        1.0232194702549158       0.93946351767489711        1.1983321373515095        1.0917628207286521        1.0219222720510406     
  0.81034798015805443       0.27144280884846506       0.28614413111063158       0.74727965432465171       0.64904419660603918       0.60504204750418655       0.57963107638468281       0.64010570299200475       0.93420389587325736       0.54672331322380185       0.76182216374382228       0.53972257753463349       0.61797151832560893     
   1.0013048917411460        1.0447446801678655        1.3394835766441096        1.2707080429546076       0.98188287920921580        1.0383600258118932        1.2490526258860071        1.1770495366767373        1.0649543741322189        1.1488121886000882        1.2863485832815589        1.0729482924864360        1.1230873068105582     
  0.82157993012828301       0.28516728650619022       0.30275930252030758       0.76262888952000973       0.66165132918971026       0.61926360248766532       0.59104027836468986       0.65822713177457826       0.93769452621949789       0.55303759230052763       0.77816603023525222       0.55277559371491281       0.63363506439461670     
   1.1219000512679209        1.2341360827450816        1.1063149331273952        1.2242661979137972        1.0349699193621598        1.0325065553874320        1.1941712615191185        1.5968271263243761        1.1594127292067740        1.1278913149457652        1.0896054020705994        1.0264849979773736        1.0664547520145171     
  0.83269916160178281       0.29862794691953931       0.31952474704782347       0.77427543446525282       0.67540310550731353       0.63506015682847838       0.60316899306024341       0.67638648121434719       0.94105966725999035       0.55942297812810327       0.79298886868861018       0.56635293721252689       0.65042522762156174     
   1.3706247056177463        1.2260645075694712        1.0101637312545058        1.2223465438759873       0.92185037780357371        1.0645890909911655        1.0096112363449863        1.3377716206060162        1.1852591383011075        1.3780066674253384        1.0727153727984329        1.3788880055553268       0.97980740609606531     
  0.84431929912671544       0.31099814362652900       0.33858114809315459       0.78778370124618391       0.68938747412274970       0.65249894365596339       0.61428009968633479       0.69422603801441696       0.94438593279074956       0.56574370989633849       0.80772911834860039       0.58006407465979770       0.66907490120305579     
   1.1100003974861818        1.0655342332758220        1.3808161236239092        1.1995246293202309        1.1986047802308746        1.1969235653203008        1.0756993133284090        1.2956447338633894        1.3522359055379849        1.0331030427573793        1.0729313028196010        1.0636366444513761        1.1512700077243672     
  0.85499257308637233       0.32408514293865698       0.35979011484723611       0.80051057758132649       0.70391418572770004       0.67081508126411526       0.62520547973761831       0.71101875732647057       0.94739069199995296       0.57176060418134045       0.82322067271615385       0.59499407753224431       0.69013096758377479     
   1.2355560318813426        1.0481123048985421        1.0793875222536138        1.1397891496510597        1.3463091312149742        1.1960493208108629        1.4296103484399765        1.0495493253618207        1.3280949349985312        1.3118666734842570        1.2399337855114823        1.1226405889554754        1.4577413162985624     
  0.86343669548772117       0.33918040174657982       0.38413505419657812       0.81288801168180436       0.71876306365892817       0.68950980440705056       0.63679757563450634       0.72669296901265334       0.95042328646314078       0.57775228076659135       0.83929098389032186       0.61181496985982831       0.70975407483904973     
   1.0562445216134806        1.1792140427655786        1.1493489551573566        1.1254860402120255        1.0914741665759751        1.3280869986706925        1.0180357406770097        1.0655401739370407        1.0189673816609401        1.4458521328006155        1.3595245616858642        1.2591329689818895        1.1386343648276016     
  0.87099236608826291       0.35629511949994641       0.40795813101806017       0.82527719964763413       0.73509601896694565       0.70865502913840905       0.64934011932045355       0.74214875453948359       0.95347437255482270       0.58360528532853129       0.85409051940839165       0.62945423439478765       0.72964303425936605     
   1.1259213037214690        1.2297576515124087        1.2122203063283101        1.1188317922275250        1.1546201321566318        1.1961743246347825       0.95830060948887885        1.1500396787435667        1.0131684611148213        1.1039293349983206        1.1996661361238428        1.3279989493834257        1.5080042748972904     
  0.87858925919641506       0.37454330842123162       0.43191657174255449       0.83680127282219641       0.75237324293269336       0.72753392465994349       0.66118524302111836       0.75866656370030838       0.95622235197805439       0.58922945217759559       0.86475839849496428       0.64578014488992275       0.74945639601546210     
   1.0771269128739178        1.0449441529860573        1.1049607320094856        1.1496449565877427        1.2011917640260232        1.2481141347202938        1.2820292682392205        1.0253880297193447        1.0377642182414779        1.0186160989301170        1.0001165558680392        1.2752843022630738        1.0507979752918482     
  0.88642307820203714       0.39277080631202538       0.45766366419181914       0.84808916965226600       0.76940439154924323       0.74725830471381871       0.67266750280406007       0.77840320071873648       0.95901721807372853       0.59533510480268648       0.87594271732463580       0.66293927741507641       0.76934086566574822     
   1.1252324991992457        1.1701636182128969        1.2776471803198075        1.1043591825870669        1.1431162099448144        1.4472246041372314       0.96417212478912484        1.2315549965209402        1.1921369319370414        1.1447446158257895       0.90146558477629402        1.1625518831406023        1.1682671276664300     
  0.89513972785975515       0.41121209664990699       0.48564938425177462       0.85960953554661956       0.78575027016686172       0.76752617689108549       0.68397092153284389       0.79890842221370750       0.96196349837064243       0.60230934716146389       0.88726877994786446       0.68001723298640515       0.78827254711964745     
   1.0727945125751843        1.0988984994053719        1.0605973650464520        1.0450846296818510        1.3224829904724296        1.0984746677148556       0.99457023211080187        1.2527652184105780        1.0674890041057026        1.1939939216679762        1.1429262995199330        1.0772908726407924        1.0631952602616725     
  0.90532133095431555       0.43147265862714540       0.51620277719007890       0.87197495962330318       0.80214726852002138       0.78828354695212732       0.69538505688811725       0.81689435935524046       0.96493306542481661       0.60962072378193899       0.89851322175656556       0.69888508019544626       0.80627950774100454     
  0.99049078905125110        1.0112117841600325       0.95090393848050292        1.0282948285198978        1.0938899741088943        1.0800588889432616        1.1083469023692150        1.0300447152316343        1.4915934191559219       0.97360340531208966        1.0526844074843154        1.0502510035676835        1.0333212664670408     
  0.91468510253633939       0.45477452259543144       0.54895738414666184       0.88374826616136570       0.81911727967651948       0.80863440097564998       0.70708979215534784       0.83519968064021999       0.96796620213608120       0.61707772891141566       0.90943410900795996       0.71984150505048572       0.82311780779210952     
   1.1774202473922559        1.2392460617980834        1.0363353690247750        1.1426018340883173        1.0919955480797543        1.3611999048173093        1.1673633302708113        1.2234719065031530        1.0148003674573818        1.0151946859869625        1.1979409422081331        1.2245938024567937        1.0449339986722326     
  0.92351936587407946       0.48131981981704647       0.57988403214827544       0.89602947668235089       0.83734633029963523       0.82765017124306828       0.71899378015603832       0.85206328025206501       0.97047193245227903       0.62389951124659626       0.91993713428827084       0.74327809138299661       0.83881332662850139     
   1.0886386150377119        1.1324480329908322       0.92394219413000234        1.1340072650317456        1.3516981744679308        1.0557435487555968        1.0123750937391862        1.0469176525181463        1.4205776095620120        1.0750489431462997        1.2807990279780788        1.0504729855314425        1.0950091041406180     
  0.93217600982772564       0.51001506674626829       0.60895806879628045       0.90479366928058702       0.85702581566768532       0.84405581363011739       0.73217716717356618       0.86830205838629282       0.97267486819774562       0.63187094301161051       0.93007341408496413       0.76906795595944377       0.85464662259312352     
   1.0734227162661651        1.1409927959689465        1.0875600714561442       0.96922387758394823        1.2680567426773761        1.2559367427534120        1.3336599661157102        1.2710198348634238        1.0315748471557304        1.1117831170922958        1.1471936779960947        1.1174604099742258        1.0428300161975335     
  0.94010352988906987       0.53993928369295086       0.64258931874945446       0.91364966104747269       0.87704527950951117       0.85887430837934797       0.74694813672481530       0.88454387177977523       0.97482273444971446       0.63981636202424030       0.93967923666781816       0.79571219000588544       0.87063751564561043     
   1.0224006570700221        1.0306171211053352        1.1273210788393959        1.1080963836730626        1.5433107759002613        1.0710108091624364        1.1794278622335126        1.1446937606194896        1.0508055810007808       0.93007390144323232        1.4163759234210929       0.97397285232289255        1.3485318863799138     
  0.94779412659698870       0.57195552378258974       0.67725432098969518       0.92273022781841418       0.89304109553423727       0.87512458925752945       0.75991462606537930       0.90085700970617544       0.97684122535751783       0.64884607098913372       0.94669483682584443       0.82175170646056184       0.88677702791079960     
   1.2556819804877739        1.1103447385847209        1.0118929440690487       0.93522891149934462        1.0365570145751157        1.0745842753892594        1.2224897231854202        1.2274253767957595        1.1300491409951867       0.99185514667632102       0.93583950129024052        1.1077636773144461        1.0427866456018300     
  0.95541182365342525       0.60675171644615888       0.71028263678273851       0.93298620106193275       0.90632586167327855       0.89113114504731128       0.77638601388830564       0.91753072875733921       0.97897091067234809       0.65980589205984219       0.95244291291547445       0.84740258939987434       0.90288036971716068     
   1.1518739534879792       0.92104122770255104        1.1199283220324159        1.0763621821395621        1.2136607233289511        1.3959624414237510        1.0810925274061491        1.2195854951216250        1.1437753984721226        1.1896142759568060        1.2599506871333910        1.1453167675448301       0.95257118918579609     
  0.96364783236291762       0.64711027017542577       0.74942417734034117       0.94460770651347825       0.91933166890387996       0.90895346087487539       0.79300874011483635       0.93271142233479032       0.98166419996880649       0.67287393590006483       0.95951362526091910       0.87272096063751559       0.91887610921210461     
   1.5119916544764387       0.91238044009988850        1.0197036238565880        1.1108914166508026        1.0095489615504512        1.2369383869694548        1.1990854767509436        1.0461852322871721        1.5391530192726290        1.5421647108691747        1.1506960055212136        1.0729001676720424        1.5211269893412462     
  0.97067080032176944       0.69709891778507149       0.79247022977490322       0.95618717536079045       0.93290631710526206       0.92753216260903260       0.81799774609311937       0.94728253760205972       0.98440547294027758       0.68998677519000340       0.96710106211932967       0.89841803937849163       0.93355905719443077     
   1.4010310579193601       0.89985008703639080        1.0999508181255697        1.3067112928393831       0.99922878697948603        1.0006512008296065        1.1767856136912687        1.1912867688013624        1.1518355506586846        1.2101043052428568        1.1119812087751808       0.85834289487373661        1.0274261454872524     
  0.97792942273948480       0.75191559271687070       0.84075329692346168       0.96759595032694845       0.94781593405995501       0.94560364825331955       0.84369098003339615       0.96183518081255592       0.98718679424691280       0.71156527884024445       0.97402572016139632       0.92547087715636611       0.94749202962810852     
   1.3868533981194739        1.0310935757594577        1.3048479990965185        1.2139398391437939       0.97304363204359534        1.3496161389774024        1.2360799589530587        1.1017200770777478        1.3334917584188248        1.3764782223130343        1.1346093457540796        1.0656909721023908        1.1353692883185449     
  0.98438779458997039       0.81054959692766704       0.89424982909177075       0.97936941434283287       0.96490985406786101       0.96334222078854681       0.87179492650376023       0.97494165351369100       0.99069766074118515       0.73688157089579220       0.98289245595938557       0.95308302281263513       0.96287532901604078     
   1.0542822377348378        1.0422907116177409        1.0544207275540773        1.2821507274295005        1.0787911741755796        1.1685228392999685        1.3731401033395159        1.2369799574399267        1.2616478359039140        1.1314142043928226        1.2370408158415496        1.0442032681110500        1.1103934780997566     
  0.99166156627693081       0.88183514297190702       0.94607861666991999       0.99025757081393972       0.98298489014916202       0.98082696851054418       0.92037398486547073       0.98803184246613363       0.99512850219886773       0.80365644380701740       0.99119590689746007       0.97644490921292726       0.98130761668431532     
   1.5381741605429349        1.0639544615302976        1.0616974785625712        1.1945245238213709        1.3092517498350427        1.0334359441937995        1.1075164203764052        1.0798741229151165        1.3990987464624918       0.83847167724303506        1.1470631989987552        1.0801757219626300        1.2079687400776731     
   1.0000000000000000        1.0000000000000000        1.0000000000000000        1.0000000000000000        1.0000000000000000        1.0000000000000000        1.0000000000000000        1.0000000000000000        1.0000000000000000        1.0000000000000000        1.0000000000000000        1.0000000000000000        1.0000000000000000     
   1.1582862337969324        1.0241132016894672        1.1143333904880692        1.0946085834435793        1.1746179747978212        1.3541599109586200       0.88032823977857322       0.84907254798389542       0.88032823977857322        1.0423586969711025        1.1335272520866344        1.3854522922799342        1.4566316302120987     
   0.0000000000000000        8.2629939274141666        11.864752841454273        5.5213784857831243        4.6589843535407240        3.8421051324141837        1.0738230921629892        2.3237219646436014        0.0000000000000000       -6.8574212516329327        4.1190653597676627        5.5556622459719316        5.5259862665810484     
   0.0000000000000000        4.8233662592929729        3.5946038893669585        3.6141908199333108        5.4352270025886984        8.0046555181640500        9.7217005125440838        4.8032856024513562        0.0000000000000000        7.8297923522117276        4.1646737887970033        4.3165018701650011        5.8222730694422955     
   6.1268955352589458        6.1653302000161307        5.5040621142271213        11.154807744604003        3.9449022111207879        5.1758676936359427        6.1272312960599473        7.9519880978461455        3.2510812712516195        4.8294233674810139        5.8147238492765876        8.0008220610289875        8.8949094026843856     
   7.1352034475083768        3.5734236249265932        4.0135563865579487        5.1953607666523451        9.3418712760067582        9.3877337327052608        5.7967274298739033        12.153780790787881        7.1716578560087010        7.9708163393775111        2.1324629497761198        4.7383775617073667        5.3160508004718059     
   2.8466268980981395        5.6295218419377910        5.6251091935431301        6.5129180914195963        7.8945039236137369        8.9538237029322261        6.1101532064204509        8.3256568115043965        4.1434604133789925        5.8611660016880531        8.0674487424180104        9.0888902374869769        5.8880004708615274     
   10.105593707909454        3.4222020334287500        5.1103986148549927        3.9821204084582327        7.5168013118359767        8.0826021482105066        6.9805177449150015        7.6965628855528498        7.0038982182892964        9.6780276002690382        6.3147786425690242        7.0365899608363849        7.2071960407261209     
   6.1406013672706816        9.0848682314409697        2.1004056726648450        8.6123159498173329        5.4966312628839242        3.7066436868913559        8.6671314130372732        3.5120524492793432        5.6685734587519550        7.5002346858359745        6.7875438092210914        3.7675263005926718        9.5648037591996324     
   8.7105227194022579        29.024765647648472        3.0055650217486236        9.0284986877556808        2.3742271386169400        4.8927036838970484        4.0676736338130812        3.3169163081246928        7.8753451490895321        24.717174044457671        8.3386523677501145        10.240218665856945        5.9925505429502373     
   7.1018449703363642E-002
           1           1           1           1           1           1           1           1           1           1           1           1           1
   9.5409938461222671E-002   3.4811290037528690E-002   1.5194269896831066E-006   6.5722812825193921        1.0583167599402903E-004   2.6132941139033730E-007
   2.0879462467222362E-003   1.6125411298070652E-003   8.9417106167842524E-006  0.74309573787221583        8.9417082226741601E-006   2.1086700749644506E-008
   5.0000000000000001E-003   5.8112248445182324     
