   0.0000000000000000        0.0000000000000000        0.0000000000000000        0.0000000000000000        0.0000000000000000        0.0000000000000000        0.0000000000000000        0.0000000000000000        0.0000000000000000        0.0000000000000000        0.0000000000000000        0.0000000000000000        0.0000000000000000     
   8.8018486927747715E-004  0.18868920308244677        1.5235116883479439E-003   1.5808585355898321E-002   1.2706132213114485E-002   1.6846727626100844E-002   1.4371262644620096E-002   1.6293887722841172E-002  0.55233775820651598       0.21663585135550148        7.5023413111994175E-002   8.2683052741890049E-003   1.2955933197545828E-002
   1.0048974010594265       0.95110936092873077        1.2561263149257682        1.1170165703110049       0.88400385140816462       0.90052213910648715        1.1948319518641166       0.98688644597089858       0.81051756317263746        1.1145999220715701       0.98329279476677067        1.0117923341109816        1.0086325725449625     
   1.5971385736301305E-003  0.30089820815395973        3.1789916505784244E-003   3.2288639198612523E-002   2.6717814071197346E-002   3.2636536643872935E-002   2.8342038161366327E-002   3.3318406401138152E-002  0.64336478392954655       0.27105977131539949       0.11180605312945144        1.7079851884439584E-002   2.6608126808227054E-002
   1.6099422250025612        1.2774287353355851        1.5429027746803754        1.2361364459268482        1.0391667393449016       0.96327937654723317        1.1402723745363605        1.1216047220342569        1.1999436358472102        1.0204877578738958       0.92871779856089509        1.2236399569747214        1.1833542821169347     
   2.1792752033688773E-003  0.40254773310668623        5.0193463749621300E-003   4.8014025645933531E-002   4.1677735312778214E-002   4.6097125250290416E-002   4.3614058475912036E-002   4.5585275690120192E-002  0.67939004024220639       0.30555349884892902       0.13798020859302632        2.6008668754012969E-002   4.2003813504341118E-002
   1.6513283987011043        1.2597539671165408        1.2378809002829481        1.0272752320918455        1.2589898365771330        1.1829133209257607        1.3529306784262440       0.99220835403447516        1.2093354229601088        1.3698490043551839        1.0831802534418362        1.3079389372752255        1.1293187058950773     
   2.7260117470227232E-003  0.44003352079577446        7.1201705396011592E-003   6.2976604966285474E-002   5.5920232345086092E-002   5.9822472818335623E-002   5.8814643925688678E-002   5.8079696222699387E-002  0.71045350017781850       0.33149555062888386       0.16312717098255181        3.4650513025711600E-002   5.8041663716779525E-002
   1.1540984230007194       0.95072179315087280        1.3676036517015544        1.0016779321886433        1.1018248433643354        1.2619692721422227        1.0630265741397462        1.0116480648375792        1.1044828105337250        1.2403675423509464       0.87550414854874004        1.2210546527483777        1.1550799255081206     
   3.2760424229699605E-003  0.47361092131464061        9.5627660495664363E-003   7.7718010112606081E-002   7.2509922058940190E-002   7.3534477242511775E-002   7.4753513309515227E-002   7.0703520496603847E-002  0.73677340899566102       0.35246159195060911       0.19083185849918502        4.4541944318431580E-002   7.3292874914525685E-002
   1.2223916289388050       0.97876376971123047        1.4132864694674525        1.0362407888512757        1.1736085182364706        1.1978205843025815        1.0831633210109266        1.2575657051859419        1.2219738933889632        1.1882048721833136        1.0999839937528386        1.4547868125057861        1.1178815378960281     
   3.8540432823056603E-003  0.51660264464330496        1.2284945361778456E-002   9.3204291673230077E-002   8.8787058005900019E-002   8.6679865004338927E-002   9.0432158763826501E-002   8.4807417429046489E-002  0.75817260472726855       0.36820124222456879       0.21646713722095468        5.4796341980423616E-002   8.8094244643834349E-002
   1.3828404662068174        1.1667737269638538        1.4931696877873688        1.3279064098226452        1.3648438205612781        1.3452137063517080        1.0536106105482146        1.0639809004232166        1.2760835942732804        1.0732160620256370        1.0898637022646536        1.3841097948121541        1.2333984280859713     
   4.4875121571081762E-003  0.55810055248728152        1.5170782468449487E-002  0.10921469753960608       0.10456623660806715        9.9008509793420893E-002  0.10542422562559894       0.10072852343397737       0.77621650643908324       0.38222235692527690       0.23668870553315280        6.5628660935416985E-002  0.10228959800388301     
   1.3435006432379055       0.86027272273795341        1.5114730207534233        1.0204925681911778        1.0363541173757216        1.1596239907072896        1.0855190612044474        1.2615096636009731        1.1264457546053834       0.93449413082864785        1.1199636327181548       0.97923477391071856        1.1175804100504456     
   5.2389019875766166E-003  0.58980247969036692        1.8025256168866906E-002  0.12624088824469748       0.11868740870902861       0.11057467963306036       0.11953295603949925       0.11640280876353223       0.79130041150359143       0.39555458095690116       0.25094570766298557        7.6931464484421605E-002  0.11622148589361866     
   1.2787900246541339        1.0994304566872710        1.1721390521308925        1.1892226144628941        1.0142410032634255        1.2233787290369085        1.0794695273925845        1.1176346104725239        1.3294101335058528        1.0379494578858639        1.1650391260137007        1.3093546604094832        1.0558070230343564     
   6.0680549564107221E-003  0.61560347925434922        2.0998614960575531E-002  0.14416897394683750       0.13311479965186077       0.12280371812014423       0.13383110990751934       0.13184176244106521       0.80348944313422843       0.40847602757898083       0.26393525451816335        8.9825318189447750E-002  0.13136823058821295     
   1.4274234491807938        1.0954486777959760        1.1417204877278520        1.3107943469937897        1.1210180143481390        1.0608493261100274        1.0281101588071733        1.0563867483301497        1.0363110823692296        1.2057607462808799        1.2052628981189766        1.1175999019533700        1.1554530642342506     
   6.9921284751948663E-003  0.63811159308293042        2.3933290088553466E-002  0.16191731158141615       0.14785150674197894       0.13424297833810619       0.14864950904500310       0.14640723395919225       0.81376016973406240       0.42065925304961610       0.27539675999394314       0.10208386393452457       0.14762407553855919     
   1.0071484595577935        1.1019764342037539        1.1279284851253637        1.2764826892244903        1.0859174909679330        1.2056974357658035        1.1085449805905416       0.99034207355339421        1.1568550873473484       0.95682012663338245        1.1482250995039913        1.0697788764477043        1.2964465132937404     
   7.9940995477240460E-003  0.66206720947513797        2.7290502847919822E-002  0.17768903747587914       0.16198087431998379       0.14558029863827432       0.16427148725423021       0.16033490468615277       0.82319558443979812       0.43061406168241567       0.28658881498985850       0.11314898189123709       0.16310027088736889     
   1.1267903722153245        1.1268835645927540        1.3569558490390667        1.1423261376170752        1.2577409472605643        1.1374777778300333        1.1767882593288248        1.1204030073058857        1.1639643299186180        1.0610541288858246        1.0892005122248070        1.2475465919512909        1.3537006180911024     
   9.0412325567785935E-003  0.68194769783407594        3.0354084991302648E-002  0.19323093099200625       0.17576164271483014       0.15755839615511205       0.17920427674409847       0.17292771457785411       0.83174112542911549       0.43900835768466778       0.29838904893970897       0.12375870384373384       0.17832965282790647     
   1.0115827693643678        1.1692706068552641        1.0211586458881550        1.0642312832550809       0.91806559832024115       0.95047280822424740        1.1384774833017894        1.0593810439213636        1.2182080403041178       0.85376479125147198        1.1444203787380367        1.1590702411546610       0.99448434293813293     
   1.0194566415148210E-002  0.70010698409423200        3.4082200456574042E-002  0.20837576045233525       0.18918634997356809       0.16981784364896194       0.19321529051985056       0.18507322020862074       0.83926086278880430       0.44796842977528184       0.31082605872771230       0.13465626307161677       0.19459577276084472     
   1.2334827201689251        1.0723479012163259       0.91105588795756454       0.96941484154802959        1.1401756367202660        1.1657733593190716        1.1652994375157029        1.1413247932321202        1.1668089587127928        1.1623204202333406        1.2401377515489180        1.2569181691205962        1.2406110383496276     
   1.1588401724830825E-002  0.71623439626845742        3.8053753513108413E-002  0.22450994019709281       0.20314232519837599       0.18272129039387952       0.20699190166323464       0.19685860355092058       0.84500977861414106       0.45825424507735224       0.32270648784010186       0.14647757929743752       0.21313033746293114     
   1.1649362980596647        1.0607350966252680        1.0871066261482134        1.1601049751959496        1.0840177558926136        1.1174877091366648        1.1707456089764645        1.3812067660538860        1.0847589295005486       0.97683116180047347        1.1677492970657066        1.1976172202425068        1.1131426163755602     
   1.3223557739258813E-002  0.73055779478700233        4.2294599348546652E-002  0.24024836882739331       0.21870046223465853       0.19567169330098327       0.22093553004278452       0.20934422543522543       0.85056582850803020       0.46885374315233014       0.33370610492434555       0.15756910629056387       0.23244003692469289     
   1.2106933359138288        1.1582784258848797       0.91333189364329981        1.0552137380074833        1.0154260802526969        1.4342901969404052        1.1765232371833383        1.0365956872982214        1.0620728974073723        1.1058010765446826        1.2665903534277663        1.0586903998599215        1.1916754375215191     
   1.5088858559663141E-002  0.74558703089909761        4.7143141177089787E-002  0.25569775451996557       0.23462938161312644       0.20786031200378857       0.23470668877280490       0.22267205172048088       0.85623544736002455       0.47735118597731535       0.34453247093950545       0.16885230731202153       0.24957314145165979     
   1.0875761783038329        1.1796914349751255        1.0186079687421385        1.1409195108217245        1.2590293964368369        1.2102476760874374        1.0534845465126856        1.0245383918564182        1.1577768809984634       0.93594923040927713        1.3538375410838077       0.99971568630180963        1.2288246739835287     
   1.7155803241246811E-002  0.75891928295009081        5.2106713995912171E-002  0.27124107537724990       0.24824854028462165       0.21966589613390086       0.24905522728425533       0.23647609944177300       0.86262511058331692       0.48497633273197677       0.35640873518975213       0.17912072790282044       0.26784829272023492     
   1.1907742752870178        1.0844097663640513        1.1744412146412642        1.1439363873766928       0.99669288704061965        1.3380007787650186       0.94966810692617576        1.1839700888751370        1.2400431866901458        1.0840532748735514        1.1171992674380979        1.1620236445521910        1.1614795310140493     
   1.9428398646480893E-002  0.77088459941064302        5.7477790388364980E-002  0.28602824731616205       0.26068468177093163       0.23168752548540528       0.26469169811981524       0.25177443244964609       0.86842735709438090       0.49288598152951335       0.36827241573499619       0.19049385196742255       0.28744924648412840     
   1.2146947044532301        1.1842015675489357        1.3034804222300422        1.0876911523061028       0.92445654944309497        1.2548804183187880        1.1223654051359286        1.0884281706842407        1.2594388249887110        1.0231610208491282        1.0180071889475117        1.0858955939239712        1.1712250012866043     
   2.1948311994621585E-002  0.78317504308227548        6.3357422656079618E-002  0.30037469381816895       0.27553504498602005       0.24364342966675373       0.27955735412911198       0.26758427649307631       0.87427615367897005       0.50180688489845060       0.37921431536905642       0.20231582916412066       0.30743445877720255     
   1.3059598485884472        1.0997147353970527        1.1491416414627718       0.94175906002848830        1.1107061634739765        1.1344567560459269        1.4373586401750988        1.1069652633701785        1.0234740793182586        1.0232632452103414        1.0331187973975808        1.2612562089898800        1.2795444815010186     
   2.4755555005965928E-002  0.79527847812681818        6.9408253038120676E-002  0.31227332804953561       0.29240355801377060       0.25532742441953421       0.29360720373374671       0.28236605223102962       0.87998929656049829       0.51187502180627431       0.39012467579351762       0.21505884241951509       0.32577472257203977     
   1.2643232326608058        1.1263430167983572        1.0568995575644873        1.0336351488441968        1.2390476102630650        1.3337588823827800        1.3885809945152388        1.1571135532313952        1.1511449536702849        1.3470587451584999        1.1790030663100033       0.95886419277298962        1.4958761852103928     
   2.7794425390630637E-002  0.80692537617752014        7.5490200508422672E-002  0.32387865779717701       0.31049460967633752       0.26710522973300588       0.30648614061174434       0.29646329954857920       0.88510722596724278       0.52132370163531705       0.40231280992989082       0.22932305079380161       0.34103895325955502     
   1.3192436846345585        1.1187046807075136        1.2453335514597017       0.90284555522758536        1.2052342026574343        1.3401321286209447        1.1347128691045170        1.0356596265716607        1.3867890240739293        1.0655353977977109        1.3221068951888688        1.2213752832452249        1.0868561823234908     
   3.1016701225821855E-002  0.81785714777940399        8.1518766441031495E-002  0.33687850620975907       0.32798213025386613       0.27888803284178537       0.31969688217362396       0.30973548661412720       0.88980221284224514       0.53046231543775613       0.41536986473146970       0.24381827656418126       0.35593035938350570     
   1.2626176240121978        1.2242127262666664        1.0479969026048344        1.1408023676332553        1.0604466380757338        1.3131895651436942       0.98854326567690165        1.0190271228119350        1.0448373984274713        1.3204958854792690        1.2877654652228703        1.0069172565436637        1.1284344477721133     
   3.4593752984831562E-002  0.82834681179543390        8.8026589450470594E-002  0.35353346285438614       0.34539816948172147       0.29064108162772179       0.33474211471712340       0.32490466327021972       0.89398413655073528       0.53883546791038028       0.42938763655342294       0.25758055785634232       0.37021109774378769     
   1.2410894400019277       0.97144785046556914        1.1540520768208542       0.98998454786727796        1.1240779052451515        1.0623242344954633        1.1741495929685299        1.0826602833472661        1.1224188084596440        1.1250416789880620        1.1493436068308178        1.1756421866501792        1.2867897469871248     
   3.8577508361348954E-002  0.83863181487425587        9.5254397238539776E-002  0.37319128256483319       0.36189421942027344       0.30235223723382931       0.35103599854136008       0.34078169901595229       0.89777255922597243       0.54692648501200225       0.44291788871914162       0.27146817978427801       0.38518694845360418     
   1.1502119965053113        1.2337975191954951        1.2258763210012955        1.1324199780860977        1.3211870146991578        1.0357131955065126        1.3172467049588270        1.1565983061394465        1.0658205547799391        1.2088506884872667        1.1089092315940126        1.0378201652858365        1.2588106390812746     
   4.2729241500868251E-002  0.84835522356291826       0.10353709149689286       0.39310666323772891       0.37808419189096520       0.31560841074600360       0.36724799949904186       0.35645591214591488       0.90138006426176265       0.55478187546757196       0.45586391662704034       0.28511267298422616       0.40113594149322207     
   1.0251379321580525        1.0138902352333494        1.3868597576961210        1.1600387674128079        1.1118030985966263       0.99834062295775905        1.3154391340617437        1.2951559110204558        1.1875326656492986        1.1219354008012026        1.2100070051911036       0.92518745335616204        1.0884715121225059     
   4.7017761713869101E-002  0.85735824028477148       0.11259418107348262       0.41211716561867240       0.39486170921980351       0.32841522368334458       0.38190452821512949       0.37202879563653596       0.90482927160435322       0.56323805539432814       0.46893251325595170       0.29854465060120172       0.41690404522444330     
   1.3633284871107823        1.1600660636016127        1.2799401412470164        1.1911145463372366        1.0626903333526567        1.2627368838414246        1.0811905149324372        1.1365543856944458        1.1622972966322362        1.1308500309801690        1.1927326993402616        1.0193698109198039        1.1963437719071492     
   5.1636320981461863E-002  0.86568884612278385       0.12269528504923770       0.42859557241528107       0.41226709420829066       0.34032122680389643       0.39672052111540873       0.38794609452811163       0.90840859454278322       0.57156544849491975       0.48281674533774710       0.31397273523229940       0.43182199102355989     
   1.0859967987548329        1.0705859470065409        1.3344517942456267        1.1366656391412593        1.2097046773026694        1.2849566861910591        1.0215831614601365        1.1299961876851126        1.0040192570548003        1.1835350012257966        1.1236251769649515        1.3679292158197027        1.1430724362464197     
   5.6402455307348574E-002  0.87361460218747733       0.13362537378716025       0.44477955146259207       0.42928421460942284       0.35134782215937926       0.41199063595957297       0.40426952002430883       0.91183567448321956       0.58020563393882707       0.49740172952724060       0.33220530806942145       0.44701159406040386     
   1.0655073402487543        1.2507714573554682        1.0268358039439927        1.1467519981043146        1.0499179516639454        1.1142734837338053        1.1673265634329277        1.6143084818223263        1.0514150988323554        1.1138598768983665        1.2900079473713530        1.1253696888226539        1.2267184350570137     
   6.2011902898191168E-002  0.88049651842161047       0.14468703962981114       0.45890320360560333       0.44543307998936255       0.36319654916137195       0.42752802027136316       0.42073066539009141       0.91515970184114492       0.58883781345226271       0.51072041087035425       0.34792331856510933       0.46311623185234080     
   1.2808424231829694        1.0317599785724398        1.2637415115647375        1.1161010237686688        1.4522201496974136        1.1235032351624001        1.2420119288097993        1.1228873619573010        1.0883236724879459        1.2146947569986462       0.86952743995322224        1.0250701627291927        1.2118364861862754     
   6.7894454852072419E-002  0.88691560721395368       0.15576601243613855       0.47269914252345002       0.46223494497959139       0.37410687493680217       0.44251766284899374       0.43552077074806433       0.91836156466871066       0.59697155022584925       0.52504606057126402       0.36211641985922860       0.47901430371854953     
   1.1009554754960842        1.2654984230801753        1.0899848037183979       0.98652485404646839        1.1880411218902436        1.2712128251577264       0.97382337685260112        1.1146274768206650        1.1177467909858527        1.3336048087230776       0.99480764862832061        1.2111830946299054        1.2214312996504948     
   7.3317581181670269E-002  0.89284442581448009       0.16750375136677484       0.48671433248158352       0.47924985372297024       0.38414480362695830       0.45947760196246751       0.45015968782635990       0.92139077484537912       0.60493694362364847       0.54130432510449300       0.37586807404588085       0.49397864317852369     
   1.0977383595384320       0.97915022531019436        1.0001025554119753        1.0018758729144248        1.2828204136547841        1.3086651810049024        1.1895000702336607        1.0222632428313436       0.99650223615854583       0.98344811637568141        1.1581149964904935       0.99161385179412787        1.1273798628991689     
   7.8476097397937192E-002  0.89809708560402313       0.18019164306308152       0.50108629666996984       0.49822904806986518       0.39431138112704822       0.47706445753928983       0.46402351227056038       0.92437701182132403       0.61302424427699032       0.55770843296500383       0.39013393246221423       0.50898760462484849     
   1.0217676341871285        1.1951124172190433        1.3293288570405701       0.97390860054584794        1.2686178653629128       0.97240948034230568        1.4920546138588779        1.1558785297863492        1.0279777835462240        1.0473721141252166        1.0851024946104675        1.2008344369548676        1.1062438248807782     
   8.3851349462471927E-002  0.90287700582142361       0.19421949656568771       0.51614137922347980       0.51644111159645312       0.40586984659423198       0.49308138529180573       0.47632550061394779       0.92731216754960555       0.62130873755672056       0.57386331409957647       0.40600910957948816       0.52287569050103788     
   1.1525949832490636        1.1692697036645054        1.3758417096938302        1.0563810743468338        1.2819156703814814        1.0322105649280415        1.1248711865039540        1.0205911775427963        1.1049277585248853        1.4357867053197400        1.1814603348716326        1.1649836852341457        1.2850829235400487     
   9.0413943120318793E-002  0.90761726693745404       0.20876198995079601       0.53109471579137180       0.53230712322917950       0.41857782746869732       0.50682364890312204       0.49049702549320878       0.93034312637427830       0.62968594993772198       0.59020833618065005       0.42276640921746506       0.53587645531892569     
   1.0545198793361545       0.93362080766742439        1.2433947828096483        1.3479549143263772        1.2435148555805464        1.1288846167997164        1.1018994382648661        1.1876717072622223        1.1573653887365825        1.5969990990254288        1.3142016191895085        1.3371247400660764        1.0754507471078696     
   9.7182568548156059E-002  0.91240692370664311       0.22439999038913866       0.54576445258814243       0.54978139093591027       0.43160622365027057       0.52066346763039728       0.50557318612356372       0.93324279275126854       0.63762038446868929       0.60682456044465827       0.43963448069915129       0.54696147183429855     
  0.98579814543699029        1.2178916602993843        1.1284195182588777        1.0066053194486722        1.3401856665831764        1.0064422127081014        1.0119189270529592        1.1654163824704882        1.0599918509441471        1.1492685497344182        1.0208517847718801        1.3642495088223321       0.90800948163591610     
  0.10375299044259639       0.91732435712021632       0.24035782563070460       0.56179549155099939       0.56627566541533547       0.44327750619338091       0.53578947015061495       0.52189404177162846       0.93579554137390775       0.64487754780436857       0.62364023745249719       0.45682920305602082       0.55986888509469834     
   1.2269226393259958        1.0320539300886620        1.3164020005610924        1.1603528349113741        1.1571435955400540        1.0728459692769192        1.2214857677255120        1.1634066775865481        1.0192582929279879       0.96215721938255083        1.1148185846596346        1.5380616825585829       0.95132927721389915     
  0.11138573617230381       0.92243704464006615       0.25677548087246205       0.57984986326701227       0.58465706111402049       0.45480236693329568       0.55143830155890272       0.53815729865397022       0.93846748188015283       0.65172742700942776       0.63910716369249188       0.47434183310286843       0.57376110237702205     
  0.96058235637121436        1.2331406959758699        1.1658411503698760        1.3656917701735891        1.1582623577443574       0.94499216421894039        1.0775653521334829        1.1683462996349843        1.4017013336261706        1.3346289481635347        1.1929807577480067        1.1571295625719991        1.0388214700851304     
  0.12064285409647665       0.92689808132516316       0.27249656409296247       0.59751119457030522       0.60232156699584993       0.46679383586078915       0.56951851341929149       0.55412132194683617       0.94124844764295124       0.65791697040143082       0.65406133426985891       0.49077413233708372       0.58809187285684772     
   1.1151765571697856        1.4092701289613474        1.2163267104542810        1.3711109667086039        1.2581523840645652        1.0145058053015734        1.1799054068816452        1.2735862275221745        1.0031842251528593        1.0580790283319865        1.0116006227800187        1.1129662237752684        1.1994566654731955     
  0.13095396290101113       0.93094043224538781       0.28837370176038324       0.61434321231815259       0.61941018239577905       0.47979178440503184       0.58577413014043411       0.56920883090147034       0.94401225567621649       0.66396892329187274       0.66923716943413802       0.50698825792152602       0.60298844141264119     
   1.0551372917689137        1.0416974704410074        1.0803354140352888        1.2794307974065326        1.1147037963383535        1.3177430504512373        1.1460825178398171        1.0744500148481579        1.2271006456236822        1.1707734369325857        1.3660164048022347        1.0981998997152183        1.0375906047457251     
  0.14366703603214218       0.93474870995273218       0.30500600868316591       0.63067157343297275       0.63576854208224720       0.49334383652922759       0.59914902297474315       0.58355291716653257       0.94708391125626279       0.67011457455047641       0.68422487861695114       0.52237199590701988       0.61848791256286728     
   1.2814360221086978        1.1101279882532318       0.95691522430600462       0.97393273897206545        1.0531235298108237        1.0798419192263844        1.1690854696655311        1.1588418684783159        1.4187308644570094        1.1783609400674404        1.0568621873007846        1.1246569205152899       0.93483011032845664     
  0.15928603537125416       0.93813972249016020       0.32333937255293682       0.64806242033529560       0.65453162891850314       0.50733230739097557       0.61437741810437130       0.59859340883802492       0.95008004986508598       0.67642934402470367       0.70044724595416741       0.53840447260779312       0.63422006106906059     
   1.1313294924639408        1.0515867274504900        1.0067533148887355        1.3024574768371266        1.2050657724317411        1.2290530464915157        1.1368737687023358        1.2438857951129523        1.1750281677987275        1.1118184802658144        1.0985844186513787        1.1251219390426739        1.0763431383966828     
  0.17474053079306565       0.94132467057660718       0.34404053993357353       0.66700943456318929       0.67171869662059647       0.52247135590426363       0.63095473625541898       0.61427555821174284       0.95268703095631513       0.68280505645248946       0.71947188748249424       0.55508091032850115       0.65044231978434053     
  0.88525810568506003        1.2114165099733381        1.1663521386312568        1.3722595131414128        1.0999520896821746        1.3326086649443245        1.1615439730348882        1.1904490370330407        1.2614676737980552        1.2075846859147223        1.3270546574869528        1.2674462540448701        1.2800929111254753     
  0.19070174234403278       0.94463732353307761       0.36465457785363431       0.68531143920621018       0.68803308996188306       0.53867964214995434       0.64615253365590575       0.63029447961377705       0.95507835835350674       0.68917402716866305       0.73944214008623521       0.57226944474081654       0.66722148697467221     
   1.0450677275169342        1.1619768375404167        1.0974819541424916        1.0887864924292210        1.3507614383532303        1.0879560853875139        1.1767037106847671        1.1714009784037942        1.3022698148103677        1.2462180689273157        1.0857285713527003        1.1485841412000684        1.2958669540190866     
  0.20661572385075275       0.94796029330013010       0.38598996763707427       0.70169035279873626       0.70296099577988391       0.55589766031966070       0.66150947694303575       0.64670487836584467       0.95734503037629270       0.69570439739748768       0.75981296241129404       0.59071668602979566       0.68374196143436949     
  0.97717517908678353        1.1416361970755788        1.1195296787303761        1.2244670967743487        1.2977540927872093        1.2508312415103948        1.0524611185195150        1.2145879385166949        1.2410079515919490        1.1421935241602534        1.1016471758781528        1.1497854396920391        1.0871549195701937     
  0.22688884628160338       0.95120030468643335       0.40749493800096243       0.71841616433366973       0.71683946745232341       0.57319654044228185       0.67742441168367484       0.66275074406492518       0.95972915940099202       0.70233912823126388       0.77815654882665830       0.61004036595589084       0.69859583804588377     
   1.0879477080174678        1.2680645040728615        1.0867961741435939        1.4075014269146751        1.1876647676921983        1.1543219813498362       0.96566870632801927        1.2815683259352686       0.95021941779248520        1.1129039727411947        1.1999719793986150        1.3510724375155321        1.2209873357704888     
  0.25538838585070156       0.95424839473488077       0.43037574418741686       0.73625801108238287       0.73117622642176161       0.58855549535318796       0.69459994760064592       0.67953268068241479       0.96212335514333924       0.70900302201859067       0.79333968216888406       0.62891390292441762       0.71220186940050390     
   1.3079403366835394        1.1461562943425136       0.99106342154343652        1.1246495558467220        1.2405502833734792        1.1195156171436440        1.1930790684949415        1.3334776155388834        1.2944386125850633        1.3432394367855851        1.0606452761104490        1.1882042439721070       0.97597702341396231     
  0.29622755805387441       0.95738608540145320       0.45501431434058948       0.75340270660609143       0.74412396509181722       0.60375226710283081       0.71092872619892988       0.69723678095762598       0.96451589575619778       0.71601538420160094       0.80607925796560997       0.64597693428465253       0.72572686278294141     
  0.96879854580180613        1.4527014115591581        1.2033194701272576        1.2048401788687357        1.2120019100311543        1.2649201999265247        1.0710859344878978        1.0864467096163242        1.1112023459334741        1.3871786579336978        1.2554555402518788        1.0133706494436321        1.0309247528066441     
  0.34833746631466844       0.96054128497852465       0.48146723837564021       0.76954847663392845       0.75625648128366052       0.61946013781578424       0.72704534615328520       0.71595251913896762       0.96678682193667997       0.72276227692866168       0.81731458266108659       0.66191249773587302       0.74000795214150050     
   1.2678106945202168        1.2196887753081003        1.1949838827754515        1.1067863622025036        1.0323641070914589        1.2348996814486872        1.0409271903608404        1.4889609206949310        1.3801205829067418        1.0760206634887333        1.0539427044055742        1.1445834782492970       0.98362259129876051     
  0.40266323228291750       0.96370006579599921       0.50969838301104220       0.78550724503662117       0.76837584128717862       0.63794195430270140       0.74391202054474437       0.73483016727245765       0.96896601791544545       0.72989788819431811       0.82874568958704997       0.67752926106936662       0.75543695394002242     
   1.1844482204871054        1.1637075035074917        1.2295995914852180        1.1177333028943119        1.1367838736004232        1.2120146333116661        1.3027130243060971        1.1025546307843956        1.1831683184987889        1.1895025413923053        1.0761830099366463        1.1657816170981525        1.1458058257431711     
  0.45561194042352476       0.96683719513740696       0.53623714949702805       0.80124160782972820       0.77915524212791543       0.65636836635714768       0.76158495133042381       0.75337665279350541       0.97107812903865331       0.73683449840334281       0.84168066759966942       0.69375700535132478       0.77036888917005908     
   1.0619850028470106        1.3022846764956622        1.2490551396528402        1.5261151335624301       0.93654596938109202        1.2001446102987960        1.1137159042133271        1.0860694027750628        1.1071387956163434        1.3006492781965682        1.0288106389193008        1.1251228662718957        1.2017394316788539     
  0.50800758882177699       0.96982712415866024       0.56019241757926486       0.81684050653823848       0.79133188598694260       0.67277249743244127       0.77918947039696151       0.77321226482022842       0.97313561428955708       0.74333996509335087       0.85508568705510890       0.71279394291791243       0.78443560279212876     
   1.0731433010470852        1.2522854898220412        1.0809924744031048        1.0645640027215129        1.1030262309977490        1.1592411373112452        1.4278243583206724        1.2167003811293087        1.6247619903581441        1.3024519753887129        1.1048905440620667        1.1046018387399459       0.93306810487894631     
  0.55762592150969281       0.97263957590544881       0.58500403520371369       0.83346114462910215       0.80494034135690895       0.68857777423674349       0.79671384746299923       0.79321010279113224       0.97514076345602274       0.75031216486560504       0.86892102117563497       0.73651653212695067       0.79743760189949786     
   1.1682686061959997        1.4291994843213611        1.0758961539835279        1.2896719064849878        1.3822820042540933        1.0650525423956898        1.0061489401743473        1.1228157754183377        1.1705728508277076        1.1752667344541574        1.2694802465449855       0.99071981747124160       0.96467070754444195     
  0.60019228316867401       0.97539263974899759       0.61525510400239258       0.84949687072755964       0.81748433176204027       0.70381078629837313       0.81449573575291745       0.81217436185126812       0.97700267389698037       0.75778126015199754       0.88316635339089711       0.76128349168623421       0.81289483225726544     
   1.0018592246777061        1.3873045732908622        1.0617554141243040        1.1368865374856489       0.89411842601057290        1.2574610258820742        1.3795482492138302        1.1258888881417084        1.4706385169567195        1.0774921846733605        1.2077052093382199        1.2462739760767410        1.0678014315270878     
  0.63914293191675031       0.97796740928255266       0.64742575108924227       0.86425320351788237       0.83409017445798039       0.72129803678205018       0.83301044760025356       0.82875432490123646       0.97867163468145757       0.76557596772525738       0.89680794386677332       0.78382871561378786       0.82968516604655695     
   1.0173252898646050        1.2578604422316833        1.1381337531802507        1.1002330629848434        1.0399388454631198        1.2082053506011290        1.0092386941618021        1.0606826780692871        1.1616177038148661        1.3812628389787467       0.99540744834318773        1.3035411478737722        1.3033732109323115     
  0.67087533199828553       0.98033088407171776       0.67708650076240406       0.87902020062175790       0.85003351910228520       0.74012046190302838       0.85298786034402208       0.84446058424556714       0.98028029944795980       0.77304572865656362       0.90952526545455958       0.80485773492346302       0.84560977401486404     
   1.4674189624595051       0.95443815998799175        1.0466891902495024        1.2993996927586742        1.0932080526702150        1.2740565926651590        1.2236117382777576        1.0577655188181174        1.0686596173326603        1.2544805727447070        1.6468759550177192       0.95558647877089831        1.3610893009685714     
  0.70175582631571365       0.98235483761302844       0.70190296608200775       0.89353148982744079       0.86718757691826465       0.76086013193295210       0.87340317495857422       0.86042986843524638       0.98207548470471384       0.78074787545796231       0.92110844811105952       0.82481107815195853       0.86087001981132938     
  0.95568412715987705        1.1612099342476097        1.2583990390039053        1.2137270756050671        1.3074692289812426        1.1473034193364795        1.1511475603796755        1.5080918116393771        1.2205805379705494        1.2069784593425699        1.2131341054502647        1.0435249692483488        1.1375343303949546     
  0.73729414356860501       0.98440393264517267       0.72980317974057984       0.90730984783439250       0.88415361217396327       0.77690904566538799       0.89208709935213015       0.87660952835366435       0.98392715068144221       0.78863089892382110       0.93212163123405567       0.84578883431781171       0.87642368577451835     
   1.1312957500405956        1.0211812398764990        1.0072951768623988        1.1375799388196028        1.1842672230409570        1.0552148052995742        1.1937113990652553       0.93296415635787888        1.2670463559553660        1.2502458685295283        1.3525658199753789        1.0827865750308221        1.1769260400228274     
  0.77210037420115019       0.98638878233154803       0.76572417309658325       0.92155199681124000       0.90027231202787528       0.79181383633042146       0.90934979108774661       0.89377213492067986       0.98575939956111747       0.79712957829174247       0.94379069266728666       0.86820349299074084       0.89214600058421512     
   1.2167691864584680        1.3411087664454984        1.0118670350073486        1.1188461093191349        1.4020224835809560        1.0826144321050450        1.2554949389286771        1.2308137657771105        1.0584211354528721       0.93990507057202943        1.2454272309621097        1.2071913865149257        1.0438691769585251     
  0.80595635125187193       0.98831218954878297       0.80809009668223608       0.93592683422822376       0.91675763053034343       0.81059841129976218       0.92587079138595330       0.91140820394956212       0.98751974263935660       0.80666782325418940       0.95412681706676805       0.89101518076912722       0.90859399141226560     
   1.1496775383347075        1.3392907046030234       0.99111646529173481        1.1011521857622877        1.2248951568921767       0.93559547868765391        1.2547522439321002        1.1925056948257431        1.1521514033646592        1.1487748933993591        1.3136635684301743        1.1185317331091069        1.2142373279159306     
  0.83827899317673082       0.99035909886050510       0.85101100190090906       0.94920484630127622       0.93373287158331653       0.83741575317030414       0.94257267983888005       0.92905178916812858       0.98920784379025051       0.81798729443687823       0.96343524269558101       0.91372541015434627       0.92598630791777503     
   1.2478519625530144        1.0782245265605412        1.1590820647830822        1.3548509799121604        1.3712218203643072        1.2082105249818822        1.0476583813409295        1.2052844020053288       0.97980756387762813        1.0103754965956064        1.2387438880491994        1.1473174852210466        1.2519999571257101     
  0.86871831892326257       0.99260235579805356       0.88730159290294697       0.96160095983331884       0.95047026132390977       0.86846842363561672       0.95841620654989224       0.94667996193140325       0.99094047792035456       0.83189461636619300       0.97241788460083989       0.93698956493964780       0.94432481011831881     
  0.99949845449041985        1.2861349967644709       0.84992906811948932        1.1690731597093866        1.1670213170330082        1.0077685213263865        1.4178117312161775        1.2468814738351330        1.0750092906760074        1.2472908279123041        1.6324237587931940        1.1533598566304806        1.0328981216247997     
  0.90167860420947032       0.99477551246915041       0.92154536116292729       0.97409599786686096       0.96739492714525077       0.90181936327890289       0.97329777089614711       0.96408470657584744       0.99314679789302884       0.85299192234980892       0.98129033937920351       0.96082015402182697       0.96304159727442495     
   1.0816649848746700        1.3543559628908692        1.0863993035473201        1.3028533787835956        1.1675760046526280        1.1726754054355075        1.1029884703858004        1.3898534006096332        1.1810660969990281        1.2433327462337576        1.1521185329485444        1.1669770104974659        1.1974534064854743     
  0.94212857826001384       0.99725803687825287       0.95897834435510088       0.98748827167386399       0.98375665499990428       0.94367019868392721       0.98745454985334991       0.98238355993122783       0.99641717220353232       0.90090975630351455       0.99027133289740610       0.98106720603634312       0.98133906190939879     
   1.0193894436572153        1.5450465689940962        1.0157655112306585        1.3008724003943157       0.87711287015532791        1.1654582753169387        1.1766993963944268        1.1727739017938945        1.0727062096493678        1.5868569185785264        1.1300784051914123        1.2069857376638726        1.5195768561352498     
   1.0000000000000000        1.0000000000000000        1.0000000000000000        1.0000000000000000        1.0000000000000000        1.0000000000000000        1.0000000000000000        1.0000000000000000        1.0000000000000000        1.0000000000000000        1.0000000000000000        1.0000000000000000        1.0000000000000000     
   1.0887691257691985        1.0022410151599139        1.0227747581568640        1.3664140294475349        1.3023801990139410        1.0018592246777061        1.1099440278625206        1.1715475027122191        1.0082602286545854       0.90644415640829867        1.0519392016983640        1.0268877377071901        1.4345963905895909     
   5.7770536200065346        0.0000000000000000        4.2888679076917295        7.4904951986843615        6.6845971766455570        6.2484781220064542        1.5983946665775897      -0.59468958068879174        0.0000000000000000        6.2125231076136496        1.5550426477567156        7.6587981206656970        2.9936860783259571     
   8.3457486922587236        7.3966438429483938        5.7532620481916101       -2.5375957367776723        7.8799740295827752        5.8461360892131946        5.0688707236640802        4.4933251979639399        0.0000000000000000        2.1994428502371592        4.0682865919084037        9.7269804892178158        4.0892530781018896     
   2.9015941721474801        2.3683754444252392        8.3509289985537567        1.9380794553639114        5.6520357517915008        5.7819824274760085        6.0174041336395252        4.7378878980262860        8.0066149751506650        5.4299059451778424       0.42213290287574923       0.29366983439542782        6.5136860443126157     
  0.98027458642389032        7.4421095793372434        3.5655758308392338        5.0123093822882394        4.9882130021484947        4.3356478035404757        6.1486829778157377        7.4879425313825125        3.3765909171324289        4.6925174754289811        3.9959930549857923        1.2640271846897051        7.5881096520512248     
   6.9184520708390780        8.9556671331443063        7.5290102932998622        2.9000946529352141        4.6749381839500046        4.1329843361457472        5.9878057030834704        3.9146761775145271       0.83922949498334265        8.0822555515544376        3.4635467472442563        7.4929626681609314        4.7829633857607954     
   7.5912376161372652        9.3123015914202174        5.5125638435990139        7.7634851461099101        6.7296185776989770        4.3633541252141903        9.0499281117817691        4.4387724920071117        5.9388607450011888        6.9153134085001238        7.3155420307102306        5.4078750247315721        4.1684378697121440     
   3.4305331809038710        9.6466309312039644E-002   4.0076105806789206        5.5253425062523638        5.5128717267859804        7.7427521628259575        4.9527373868846780        6.5494228855338887        5.5595787536195420        2.3997158671022545        4.7208551044853957        3.9894518742881715        4.7007573365693931     
   8.0572489590441432        6.6594532349060334       -5.2443308046302652        7.4153584146915712       -1.7314432327801990        6.7545406935914256        2.5198836521268273        7.0126497127549019        5.4835908771977406        4.6533734348604474        9.6909358890227875        6.5198942572378993        1.9583999865188784     
  0.15452267710521181     
           1           1           1           1           1           1           1           1           1           1           1           1           1
   6.4059911465942129E-002   2.1449613560006440E-002   8.8153870868674952E-005   6.3934169903082214        9.0383737634637247E-004   3.9776166200840943E-007
   1.3182834844356847E-003   1.1536648025191774E-003   1.4537975998442414E-004  0.44346775014884210        1.4537068975455490E-004   4.6255197101902490E-008
   5.0000000000000001E-003   4.8078349879584330     
