   0.0000000000000000        0.0000000000000000        0.0000000000000000        0.0000000000000000        0.0000000000000000        0.0000000000000000        0.0000000000000000        0.0000000000000000        0.0000000000000000        0.0000000000000000        0.0000000000000000        0.0000000000000000        0.0000000000000000     
   2.5128458166357473E-004  0.29138658848723065        2.7327221247827019E-003   1.5764874935345913E-002   1.3914410091907548E-002   1.6330515682779882E-002   1.5453912092239666E-002   1.4035996348295394E-002  0.35539741286282012       0.15575720097222062        8.4070577514942291E-002   1.8040382441109823E-002   1.4144981766473601E-002
   1.3504846765895966       0.97113343137837027        1.1579438934384438        1.2189016936950179        1.1036671046045583        1.1011321467904915        1.3130419361117727       0.90164264643370184       0.92732241603942023       0.84494215971410436       0.96165125984717492        1.2368981892949504        1.1819148432631947     
   4.9178665631932367E-004  0.38853288618735593        5.7297244486764071E-003   3.1665530661282887E-002   2.8145679758443023E-002   3.0779849790356764E-002   3.0963143145439329E-002   2.7539873914983717E-002  0.46171051778017497       0.19404105656585233       0.13500943481007910        3.4273806045146092E-002   2.8052874793631284E-002
   1.9352293954530091        1.1067517090497319        1.3641343009534386        1.1393680773367603       0.92069021148999919        1.1772713145222007        1.0991566181327219       0.94101882000244463        1.0316753763336968        1.0906042976131773        1.2525988501978038        1.0809894344712774        1.0326876774045659     
   7.2795311318212279E-004  0.46136849218784576        8.9363230954847238E-003   4.6161747584738885E-002   4.2434473835271866E-002   4.2029253358396267E-002   4.6036046450206689E-002   4.0846328336342108E-002  0.51504825418692812       0.21404843527166525       0.17448095587159124        4.8365273006144134E-002   4.3233868401209088E-002
   1.6597346140751579        1.0329359191338288        1.1536413153413201        1.3168101121984159        1.0477754798769716       0.91927738385606261        1.4825501145492908       0.94568722646681636        1.0496350603705584        1.0594546675052949       0.99664199479363658        1.3903985116984243       0.95632059666951053     
   9.6405881307958820E-004  0.50983798502057254        1.2274016559775591E-002   6.0115702516779834E-002   5.7536055837613294E-002   5.5154613484335674E-002   6.0438300028554298E-002   5.3833450349398800E-002  0.55105373846401018       0.22957699850269897       0.20439036345743286        6.1985803421406103E-002   5.7942126301668485E-002
   1.3834185669415358       0.99592027942039907        1.4005077000116544       0.91051430699500724        1.0196582575378814        1.0874662913340170        1.0719245753029831        1.1262920367102252        1.0316753763336968       0.93261964637760997        1.1771429822836719        1.0633034089488624        1.0155692668202660     
   1.2197695796086108E-003  0.54408547934237528        1.5897932173083638E-002   7.2801520325102925E-002   7.4322699572063972E-002   6.8683977002162458E-002   7.4388371677165346E-002   6.6255984761988601E-002  0.58500160104546151       0.24410231725675632       0.22869461949384798        7.4600412600806881E-002   7.4171773380698941E-002
   1.2694482967833103        1.0591767487535995        1.4793559805760237        1.0692780864147438       0.93159378162409789       0.96879849914175409       0.91639482012813778        1.0601432296650470        1.3511710746438894       0.99795379981455068        1.1958716390365440        1.1162401554433767        1.0373969104826035     
   1.5047788253899062E-003  0.57381928153287109        1.9480094399657595E-002   8.5548539924783659E-002   9.1091631360060765E-002   8.0272720434412415E-002   8.8780024914165631E-002   7.9202117588960841E-002  0.61710933805411772       0.25607185090652895       0.24806133654185625        8.8012071652144197E-002   9.0323836504555027E-002
   1.1115707373539050        1.0242492393576066        1.3508924173113952        1.0074879850451943        1.1331931023435509        1.1435781573577131       0.97168637244114164        1.0896021708306123        1.3631756842707334        1.1445265759316698        1.1698085513983265        1.0898967375587760        1.3375139956411231     
   1.8358996688038339E-003  0.60558359903097314        2.2938452921394972E-002   9.8725959637276761E-002  0.10677323433663377        8.9613970823781197E-002  0.10466205791849190        9.1424790780078188E-002  0.64548733893937549       0.26624530013635161       0.26381420764964469       0.10092534049193466       0.10530411559983990     
   1.2390532696059036        1.0308540763051302        1.1002048594820975        1.1360683696063505        1.2937796138440985       0.95450702677143262        1.0180099007762657        1.0701027500402398        1.3441716143966411       0.98984140506951745        1.1394901992656348        1.1484938856073106        1.0545319676636049     
   2.2143594891418134E-003  0.63479692333056159        2.6446318675456878E-002  0.11202737374004028       0.12166150352501699        9.9606156238312732E-002  0.12138562268800544       0.10455864236798147       0.66750307190795688       0.27609700832911405       0.27771437767142004       0.11366857346300877       0.11977820670270120     
   1.3579970819219518        1.0433178335574869        1.0244473018915399        1.0735859372266179       0.96520236146915972        1.0798097518904650       0.97219492424162157       0.90673862738206734        1.3735638477750873       0.99926657790037843        1.1417627660340925        1.2878942385967560        1.2950131793093005     
   2.6288562611383247E-003  0.65955895953213939        3.0141533830453374E-002  0.12655028046856281       0.13684963512392143       0.11211498557966633       0.13705501000537604       0.11839453944774547       0.68360630451233395       0.28578323344820794       0.29072220182078984       0.12638645302924209       0.13409272532247168     
   1.3477895327897780        1.3396837860764566        1.0128084316390387        1.0487518628751551        1.0495157638965962        1.1187303936347861        1.1892499593975501        1.1299921831142776        1.1946856421693519        1.1284905555595393        1.0957862278230346        1.2932124740504278        1.2481828929865422     
   3.0801502245749019E-003  0.68197515033395850        3.4118116594693652E-002  0.13945352135443523       0.15282525953009932       0.12591642169421902       0.14995643693085656       0.13120275242092264       0.69656282037912254       0.29556623294572687       0.30389580183405851       0.13813192709877117       0.14782939312609722     
   1.1837495309233688        1.2485211084856531        1.1226375966955069        1.0220656808499458        1.1762532198312352        1.0832676879000398       0.90915180622980929       0.93215744086467933        1.0245048616050223        1.0466097095907092        1.1241186323374033       0.92574179214546537        1.0901953210041400     
   3.7202402564302998E-003  0.70048972201787030        3.8741931310005244E-002  0.15251387991000040       0.16755874538142085       0.13846249547165851       0.16398971423043596       0.14497493282601923       0.70751437500059211       0.30388436021255133       0.31767956191985686       0.15028968589924377       0.16336483917193967     
   1.3049747205177453        1.2243431768859734        1.3982944752364468        1.2033914005006705        1.0097613915713641        1.1760695861279438        1.0745164851496349        1.0331078129611808        1.0138206733628503        1.0899060308080646       0.98008394685093858        1.2176868158934249        1.0691775254676770     
   4.4302671940302215E-003  0.71638461263920650        4.3562060905452372E-002  0.16441691182756835       0.18230634467138668       0.15057596986665459       0.17875851345435745       0.16051014606087227       0.71850083067374182       0.31150940286220175       0.33151590584653245       0.16348248189297940       0.18064826066524611     
   1.5158040861153070        1.1398114943396669        1.3217566191619232        1.3591558562766466       0.96103556647642630        1.3182711313988031        1.0112564207306134        1.1457213093576795        1.0636081431939091        1.0165535614188510        1.3095976993964669        1.1455775884516175        1.1472681743899038     
   5.1999841359672899E-003  0.73235045297938106        4.8227254893707210E-002  0.17665714384990330       0.19774918728734453       0.16179723209448746       0.19307134022759326       0.17603415245504803       0.73049837546732543       0.31982645960048783       0.34459073966045939       0.17901357181211572       0.19873273658219368     
   1.0964216128773032        1.0186490064313851        1.0077550172419825        1.0130118384051980        1.0373357232475899        1.0169715700397910        1.1151082338181462        1.1381204129048597        1.0619727901652740        1.1367599095486309       0.87804963190913210        1.2473748110247249        1.3865321441626475     
   6.0478491172343621E-003  0.74765685012695049        5.3072421723371968E-002  0.18965314148055681       0.21314304068035347       0.17302092670700567       0.20657511193684749       0.19049470938251395       0.74324719878031054       0.32877961626494295       0.35821956042670705       0.19533993756951318       0.21732799297617711     
   1.2492410540750647        1.0439596594257310        1.2050427508189614       0.94681135029961472        1.0538419218927633        1.1667546977859007        1.2302923399966836        1.1902013790391777        1.2178019818912795        1.3116441080689261        1.4696624300779710        1.1478083687118221        1.3545103615620961     
   6.9911799002542116E-003  0.76298581765622575        5.8014344767500184E-002  0.19955523376441539       0.22805555646415210       0.18440672264196120       0.22062457272249683       0.20433204270247093       0.75497669642828147       0.33749382037231035       0.37000489775361067       0.21083346296190683       0.23609332667757099     
   1.2375198158891685        1.2871947812089808        1.2070507781910589       0.80054289946628188        1.1334019701984559       0.95946423412415915        1.2256787820485606        1.0364836098248826        1.2837733978745973        1.2099773099621509        1.1498537174738119       0.99921716253453707        1.2356062645000734     
   7.9967587136004093E-003  0.77743784301815266        6.3260698317199812E-002  0.21063171110953921       0.24209145705726282       0.19545146791459669       0.23471166055232473       0.21777911454669899       0.76528246663849164       0.34563668607315007       0.38040402611798291       0.22506831302700581       0.25418798307304991     
   1.0375522830167550        1.0748384601207277        1.0302130906282623       0.87338591578776359        1.0235565975740777        1.0140631316057027        1.0027018669329062       0.94065228993125616        1.1229353181754078        1.0189655646480920       0.94176355304417902        1.2505041390505078        1.2301446775293678     
   9.0210590866934750E-003  0.79118080814501768        6.8820015676796922E-002  0.22369102074118721       0.25542624235588501       0.20693816134577486       0.24869483740149509       0.23280495179088392       0.77418315339232846       0.35328217339671292       0.38961777848572871       0.23913454683802216       0.27267054042889127     
   1.0335690142459233        1.3093391922866382       0.92449237448934529        1.1988531391372923       0.99224320711236069       0.97264366401820956       0.97372452333008042        1.1258703963408190        1.1747674365077636        1.2175456170206211       0.93591518934653073        1.0040655237407656        1.1466433565991485     
   1.0182618797951693E-002  0.80327492935535194        7.4563102263559930E-002  0.23735220693226797       0.26868921771781340       0.21932911385917139       0.26278529911193943       0.24878348383916135       0.78186303045613748       0.36067178912303871       0.39837134363799165       0.25398720592220975       0.29020614420459467     
   1.1697032291617016        1.3320925120659695        1.1310112815272748       0.94658606192575190       0.91650895079929917       0.93261314658156569        1.0788726370739219        1.1144572754201603       0.99186359839811966        1.2629857303818410        1.0574761377387478        1.1352277348324198       0.95641008410141481     
   1.1487296654467190E-002  0.81339405309906865        8.0638564130191270E-002  0.25071394472755565       0.28243525989960933       0.23234903560476475       0.27673831372808222       0.26351693613102106       0.78958121923398217       0.36817737782624321       0.40690200654960718       0.27075643338436678       0.30676974609122504     
   1.0138935799614079        1.0676933560588175       0.97355173607073553        1.0826489634153269        1.0579785257433996        1.0342726786384902        1.0181001863840202        1.0916618560478586        1.1104520816862880        1.1804642320014800        1.0230977120781375        1.1235083682372422        1.3008719201201049     
   1.2893837684782975E-002  0.82224306155761240        8.6624481141747381E-002  0.26449191114377713       0.29612924283614411       0.24535159177348664       0.29013294672729206       0.27678424097762061       0.79669479900102158       0.37608426987206461       0.41626253804584140       0.28526860927179643       0.32284351748289131     
   1.0628122994652476        1.3827033575809009        1.0975485034689130        1.1444505462064012        1.0193598144176215        1.0768321789054929        1.2003340202797097        1.0156197818582247        1.0750751651706507        1.2483933219942593       0.98858860143063110        1.0428817962302925        1.2487807027607070     
   1.5149720632316118E-002  0.83054982730058347        9.3003264025104310E-002  0.27909953543204880       0.30997380303606537       0.25821648748615433       0.30387841780714131       0.28920084434141757       0.80338077551445075       0.38480151177653188       0.42699614923445683       0.30031550208809582       0.33799628166381585     
   1.1834748147729421        1.0912261650389954        1.0830293473075439       0.99764403990016171        1.0239168494366133        1.0569159178845851        1.0262367658761966        1.1436468377705513       0.99354674440862523        1.3156444767234441        1.0860818191427957       0.95901052251977070        1.0891781255406476     
   1.7685451163705113E-002  0.83876512974128925       0.10030082878506169       0.29507096870505495       0.32566588721476369       0.27099977543500442       0.31933546760829318       0.30141311096968165       0.81013702928266196       0.39271136852908550       0.43737392508128131       0.31590472801103836       0.35290221006544131     
   1.3328252691491378       0.88744225058842152        1.2256304570963563        1.2038265757926228        1.1338913270805082        1.0846765574210635        1.2812898193217646        1.0069440302044861       0.98276367287944633        1.0818365399554257       0.95117954283193396        1.0277212767332857        1.2850709994493783     
   2.0265117111722755E-002  0.84702403248544245       0.10783029293791908       0.31105401205358557       0.34062912440846321       0.28416183993352390       0.33664638371846378       0.31348613970107964       0.81677124484692754       0.39947170507293689       0.44737978717425758       0.33132997229318167       0.36798658092650977     
   1.0451489075175733        1.1499123666463715        1.1443604373299916        1.0028154546552677        1.1152803358791590        1.1978480532108944        1.1391514947660035       0.99917989766684423        1.0783100256773912        1.0806354865561962        1.1349893163050619       0.92452986652626390        1.2998012116419926     
   2.3070985541676966E-002  0.85479651810210899       0.11510142250214768       0.32650869894760870       0.35461385338307455       0.29738741792994300       0.35355749508547529       0.32682318151509598       0.82401597035584284       0.40557105251903247       0.45720267197831638       0.34596911587368528       0.38184920599986610     
   1.0425800106621663        1.0142207490617856        1.0886853534660328        1.0299420257302825        1.0024218839219514        1.0875560259545318        1.0518077518148783        1.1948118333750000        1.1687256903355570       0.90845738130152620        1.0336827581401073        1.0537703400293579       0.94306929289244235     
   2.6119875318624614E-002  0.86201961809958183       0.12239086753859652       0.34087430153762893       0.36974045691510227       0.31092454177072953       0.36976455502519440       0.34297320167615286       0.83115791532372074       0.41212062007069594       0.46707674029370894       0.36032343165745734       0.39390639262440247     
   1.1092996404639768        1.1687717651970535       0.92564941764385011        1.1714141765978276        1.0718119777971171        1.3495602719801589        1.0003674790659343        1.0423892147980141        1.0758056242526206        1.0148947228999119        1.1601990453789905        1.1422374835697611       0.94206473672268687     
   2.9718422030867539E-002  0.86860116385125419       0.13041612430360644       0.35523370173269231       0.38491252194189968       0.32585436848224125       0.38651213263030038       0.36055104835671370       0.83791722730735618       0.41890926526849942       0.47811746425377571       0.37483334404759283       0.40537959343895746     
   1.0638311867273105        1.0518913197076634       0.91060502872162530       0.96392684455882105        1.0566880954175797       0.96220855400026295        1.1406192282505334        1.0447652367746543        1.1679749862797471        1.2028100683083098        1.1025329386517604       0.95687174732682689        1.0210392044998422     
   3.3836191971388950E-002  0.87449267303810219       0.13895149463709899       0.37080005414692341       0.40012555254874205       0.34185293584066517       0.40278923612856599       0.37764011322980406       0.84400256964352716       0.42494817483609237       0.49029198258793366       0.38961102515511836       0.41765697064400059     
   1.2136452970525460       0.80975088608629975        1.0641331312708089        1.0190049925757967        1.1849144767338844        1.3901510962711758        1.0152433589377212        1.2396743223406819        1.1019084235530472        1.1479677947030391        1.0362414169601524        1.0764763713907477        1.0237635587764999     
   3.8234408726218520E-002  0.88032719238623436       0.14748675767575950       0.38722038046315826       0.41423276608589704       0.35910541135087332       0.41710183494599612       0.39453749405783600       0.84974899966433481       0.43023015158281652       0.50288185492146076       0.40517325717819180       0.43104619783030235     
   1.3519424604859354        1.0129381505253070        1.1571402445628860        1.2221070026823826        1.0518329800574120        1.2753131556631241        1.3559939093759505        1.1625020253632459        1.1403051546218035       0.92625278915875831       0.84437930307530784        1.0369829001421174       0.97635157117808169     
   4.2575756140952548E-002  0.88576640807410612       0.15637285569421841       0.40387879521224479       0.42830090526932063       0.37582807842225935       0.43002115232218052       0.41028881819610596       0.85552144737385760       0.43539461962381160       0.51585822574627460       0.42128459707108756       0.44445414192627147     
   1.0523055626690434        1.1894041147767342        1.0497807478587786       0.93611326472505363        1.0813775481633274        1.3671390554289613        1.1213134386933457        1.2754065710097715        1.0316753763336968       0.98730353121545189        1.1999522705738939        1.2579063276255338       0.92473748020208524     
   4.6817791472757220E-002  0.89104392194623228       0.16462355129904194       0.42084142347035070       0.44250678150024142       0.39308363697045967       0.44230003914106419       0.42435039978843370       0.86112179324990590       0.44098257835228843       0.52886630254920886       0.43863561075506141       0.45545584860802607     
  0.92232992979321249        1.0595037949852373        1.2490994369952853        1.2997079948094381        1.1155984299894193        1.1049395733881759       0.97957709575574248       0.95349975572288770        1.1685931227343005        1.0234796070989227        1.0998232978370066        1.1846136113366752        1.0333282206679542     
   5.1416833466041915E-002  0.89567407226286599       0.17313525755760520       0.43841157893085997       0.45760531163176071       0.40982250026120415       0.45626170638690317       0.43881589983344738       0.86672724144830549       0.44767821566770694       0.54058167323826056       0.45728181489771913       0.46809601047710470     
   1.0438427318220478       0.91352088932860576        1.0125010271209631        1.0370775980667752        1.1330019457984155       0.91961561456110552        1.2149499666183439        1.0626408852053142        1.2854881479527200        1.2641855387031731        1.0893334006979851        1.1884597235867693        1.1100997737052323     
   5.6441614602757491E-002  0.90042616619863802       0.18217255668119658       0.45596202182470003       0.47291112658425105       0.42712865032669806       0.47061665191687407       0.45395797246142400       0.87228003140089860       0.45489991601311475       0.55199252571665292       0.47510015496194519       0.48252160681680628     
   1.0050039401932320       0.98024156691856412        1.0886544901288242        1.1243021665573685       0.93094142665890767        1.3132057625069673        1.0106564390957891       0.97484490476819863        1.2893416133817610        1.0821321320274822        1.2046097523690105       0.95875605037620770        1.2322400698252516     
   6.1874156509628644E-002  0.90538564691758106       0.19220889629884400       0.47295220801904103       0.48731773395940992       0.44422838131857645       0.48569800302675642       0.46892682763220356       0.87751919091090269       0.46166459179586661       0.56469128058181273       0.49231760091032978       0.49680708750042518     
   1.0823882082098850        1.1121839838336753        1.0395820444427422        1.2069004377820589        1.1057583702678646        1.1581799710482297        1.0205668421776413        1.2043893352481492       0.99419688279862894       0.95155533037478257       0.99323864297899034        1.2135459080408453        1.1023767092242269     
   6.7336199546190717E-002  0.91052355891423664       0.20225048551134553       0.48965512027695701       0.50253965441255821       0.46170280520736862       0.50302087933530393       0.48348551857910943       0.88248067978680222       0.46802876771161800       0.57859481591585438       0.50937247452942513       0.51083198666664142     
  0.91967363974269711        1.0871597921717642        1.0884555080993381        1.2088458650441578        1.0475263541666415        1.1740697786851904        1.2404298554654460        1.1599494225663463       0.96967141373409071       0.90114911913153994        1.2317764202398818        1.0651936185185480       0.98436105040868949     
   7.3751677175516617E-002  0.91545692569500869       0.21234080462946847       0.50607100549225714       0.51652322014070551       0.47938784261666789       0.52214985210831399       0.50162265763708558       0.88735961806230734       0.47400016006537360       0.59384468473989671       0.52526327191596855       0.52489609398718440     
   1.0136392330151578       0.91802516965574055        1.1027449591759784        1.0461516186610085        1.1433920004473672        1.0703652662072860        1.2570386210522391        1.0984826045632048       0.99955174537500180        1.1826107347554817        1.0076335029268417       0.97843881466457572        1.0675422797357399     
   8.1207073766558252E-002  0.91996102812612313       0.22250841624024739       0.52227264424353370       0.53182421139611447       0.49603015079806273       0.54267783618095999       0.52244404619521567       0.89216876684689805       0.48055885483995608       0.60964315088405197       0.54091985485544913       0.53902154078165898     
  0.88378147295288689        1.0247240048426061        1.0306572248867709        1.1910535953105048        1.0106893463996038       0.90421160416701973        1.0269264469288248        1.2984377454951337       0.98507904627057041        1.3219545908008168        1.1496079810394810        1.1095472935451831        1.1090687550379628     
   8.9668224105156319E-002  0.92451168260812178       0.23442417731443238       0.53894583804107743       0.54918799570386434       0.51355750031516001       0.56100621297919739       0.54264707462292505       0.89715605416951583       0.48756680762889421       0.62451305466648943       0.55683438578921574       0.55420315816344701     
   1.0600300809414811        1.1982314902333486        1.3672335971001848        1.1602204952521118        1.2416656329661655        1.0730126245021225        1.0719242952613912        1.1789533738557774        1.0337947216967722        1.1230442313803748        1.1251994822642135        1.1495468567040306        1.0730063686174540     
   9.7591643960969490E-002  0.92944897980771923       0.24740559768924508       0.55665850063294653       0.56482662806726713       0.53053198521653311       0.57733034740212830       0.56079035746411554       0.90193670815649818       0.49547238834528257       0.63802172156557191       0.57294017202900827       0.56937836002224407     
   1.0964093938009218        1.3093455636076305        1.3175859231474090        1.2382163834633759        1.0427428899145259        1.0010033984890541        1.0997963350028497        1.2608735376561171        1.0740952003840540        1.0884571951531934       0.95917545414081029       0.98826542722831889        1.1156870646512012     
  0.10589633348781199       0.93404254852593405       0.26082293553952035       0.57496440432763740       0.58107669833285280       0.54650753396161211       0.59409876488284696       0.57735245510183664       0.90603074550239471       0.50436681964041097       0.65080648946059072       0.58833340777600462       0.58399296073993157     
   1.0465353414332588        1.2061710256514895        1.1674472081783558        1.0474178337530193        1.2721947895835590        1.0030687263657576        1.0701444493490135       0.97342340637730718       0.96176625380632563        1.2063477418744164        1.1947492218158176        1.0974385071550827        1.1924545307050507     
  0.11613189059462246       0.93799970118550335       0.27512726746079497       0.59259380306474840       0.59654153340713856       0.56217382066885779       0.61041280194870395       0.59410883587515884       0.91020010893875058       0.51288476193921284       0.66374279357489785       0.60262541810227932       0.59918417228905407     
   1.2025735267394553        1.0065234436444024        1.1169122491903229       0.96361600110599233        1.0826515806549484        1.1879347445241668        1.1230581575897656        1.2233457879092393        1.0289658078237771        1.2040213249255574        1.1417682081330529        1.0041536478944357        1.0721870495622363     
  0.12704309755941728       0.94191642031977085       0.28993175192371390       0.60937296596653157       0.61150373480365550       0.57804936629449255       0.62585090641532448       0.61171822077249738       0.91440636173520173       0.52151256299003845       0.67762479832605704       0.61660772717839751       0.61433729788294833     
  0.98027717098306211        1.0985527277653562        1.1335970058551310        1.0389929745037347        1.1430828710277732        1.1147272420054000        1.1921771034415809       0.98314118732750788        1.1875383337788377        1.1232541211877669        1.1221943121527242       0.96618731042915862        1.2135415967191452     
  0.13911212726238897       0.94542854441636903       0.30378820453781613       0.62690665774984122       0.62984431945862418       0.59436803315223075       0.64099212059651423       0.62978305560215264       0.91872365932236000       0.53003332989720420       0.69270575072862206       0.63101505850649087       0.63080659828328700     
  0.94242555165370867        1.1211395211547828       0.95830140008506159       0.99942296805524189        1.2321636907157827        1.0035145530943563        1.1599921038713548        1.1091537033505026        1.1704654582853482        1.0025769066043488        1.1226680326590868        1.1226686507882726       0.95554885087708619     
  0.15238360609855731       0.94877953502324230       0.31690981172097482       0.64550178373213696       0.64759384626548866       0.61174893103380312       0.65713659179904393       0.64776130700321388       0.92318693722859801       0.53824250392734430       0.70794720978075110       0.64625965391923135       0.64839240251737962     
   1.1562134457882975        1.0595638894711024        1.3250007499237924        1.0491430291215011        1.2236312836071743        1.1442094376588627        1.1482292764425788        1.3571267501322251        1.0866905282184471        1.1476291994947392        1.3788467958586712        1.0445564629074382       0.93502970819844144     
  0.16662466999226072       0.95184232624610987       0.32982159625544899       0.66431288594470217       0.66537640576990587       0.63098937287429857       0.67331972083837521       0.66531081443644813       0.92743441956442840       0.54538905943685889       0.72150255169318878       0.66182092116932711       0.66514487910430364     
  0.93770157638484031        1.0213082335085992        1.1152969128550592        1.2363685509019711        1.2762507814694160        1.1187897002424936        1.1104769394675043        1.1894329244785518        1.1001828843032819        1.0316753763336968        1.0479912461729777        1.0651441708340434        1.1481200356145644     
  0.18247066039057369       0.95528531953899543       0.34373857357238929       0.68291558850945133       0.68344070508138610       0.65115316142502189       0.68882041732476529       0.68229212763164460       0.93135634507651077       0.55250985253319207       0.73353277179580256       0.67639577245604177       0.68313584317245490     
  0.98236430392212404        1.0468219849021807        1.0518225018723888        1.1176556386740426        1.2382751775604017        1.4202413444107305        1.0475974486348474        1.0510675261734717        1.2462575332447388       0.93950843783139726        1.2200486348442867        1.1179209927880243        1.2462275243584537     
  0.19876873558813549       0.95846474033951734       0.36104334392728460       0.70306198753643623       0.70185827857062189       0.66905819572526826       0.70566031487699055       0.69941893372038499       0.93511956657542050       0.55995761012378265       0.74583814714738306       0.68873668396642418       0.70193630127639028     
   1.0573573842731145       0.91350811363750217        1.0300619470425676        1.2320738779945135        1.3177652066283685        1.1914797865257822        1.2649777983838966       0.96486780593906785       0.99894549949314182        1.1812740918335600        1.2179771708516782       0.92932964004330620        1.1604522794734000     
  0.21725392342297839       0.96145574840770875       0.38093074086448192       0.72530410129508005       0.72068209415178675       0.68467011149262424       0.72170944045772978       0.71593824676036621       0.93888843017329116       0.56764568292198148       0.75989061360513499       0.70089888246314214       0.71744221480139525     
  0.99451922268453175        1.1938122650413721        1.1788649213890920        1.3599533553109702        1.2704227038565317        1.0316753763336968        1.1221776398983851        1.2258560173450284        1.1552341191956079        1.1097159730956034       0.97834154273175233        1.0262575525677105       0.99507532347570171     
  0.23697475402854709       0.96357410274183475       0.40126440062297541       0.74448340076981401       0.73877368222494444       0.69956657493770724       0.73744003732853280       0.73383879987331835       0.94256346590153606       0.57586728033658996       0.77506326244847967       0.71553857980349755       0.73261486509060980     
  0.94758794486866016       0.90548142681070465        1.0637697312397509        1.1746164056219539        1.1667066589228670        1.0207399861154867        1.0662432193075790        1.3274685441021767        1.1931875362701434        1.0515223133123579        1.0366266493886778        1.1542271088940914        1.0671598538134774     
  0.27163895291750340       0.96555705303532924       0.42083711065869717       0.76328929095029063       0.75654712153043624       0.71480083693863095       0.75334095471770146       0.75279216577348795       0.94606883009944820       0.58410146522820938       0.79214329805950956       0.73227327821879895       0.74864773100069892     
   1.0471061006048972       0.94275696354599126       0.89396882936948041        1.2045969114088286        1.0297399421494657       0.85367029814472994        1.1923472213345088        1.2341277788073761        1.1382931896963997        1.1494196337971494        1.2798394296115085        1.0526861844877642        1.0263031297822811     
  0.33783930680150620       0.96763186321811179       0.44112955670835402       0.77983701786851223       0.77397626890658677       0.73133797165141357       0.76915810849576705       0.77221946991790680       0.94955294552839842       0.59253870868602476       0.80861700628840105       0.75185198513138318       0.76435734916663112     
  0.93102366225364930        1.0638093876729040       0.95539346480029408        1.1651624458367988        1.2002449277973715        1.1356208857071248        1.1006743407418158        1.2918127707914875        1.0640946488297400        1.3210066992901388        1.0644261345887172        1.2680563482665288        1.0056447317339745     
  0.40073436411969143       0.96990181882543003       0.46441900680620618       0.79597944057131276       0.79239436575152478       0.74947291422627382       0.78532686233977267       0.79135802287860058       0.95280301813598944       0.60115065827271308       0.82351714052927116       0.77270031530248784       0.78088781465663526     
  0.84961689343484426       0.96037730498035012        1.0832199257075938        1.0624130813973780        1.1561728392227537       0.98560422898701849       0.95634526965341371        1.1696100499698308        1.0244361907213331        1.0511341471858302        1.1397922151085500        1.1824243593748824        1.0258850127341115     
  0.45226119484722710       0.97271448708133312       0.48892918897815379       0.81364947211077798       0.80991014830370234       0.76396138830402016       0.80242281824333750       0.81001499404702482       0.95607084549192201       0.60993045245692667       0.83764827975416634       0.79201704359536484       0.79837340775327070     
   1.0595584172328996        1.2860871119438646        1.2600430703620518        1.3716841038769751        1.1079968893008529        1.0135791596893520       0.89303524928162514        1.1625862911776670        1.0450132767897802       0.96024548795602249        1.0184834049220979        1.2907353445274319        1.2149486419950613     
  0.50146937963426208       0.97579390516649345       0.50988115432264691       0.83059550293687789       0.82616170277414047       0.77844620903186224       0.82047224156154108       0.82870203420397481       0.95951374548383639       0.61995659710638884       0.85123387608126189       0.80979852063653968       0.81555791349352946     
   1.0298023715313480        1.1112775222851499       0.96984190306965590        1.1796393063272008        1.1244993666652552       0.81503165555040247        1.0953038993923698        1.0974526347927334        1.1777897515302760        1.0797433368836935        1.1593372938430342        1.0920364567531675        1.0054116658881211     
  0.55499912892087089       0.97868799986998478       0.52655569307434191       0.84729649247049588       0.84279603294765260       0.79367146415428158       0.83824070584479038       0.84636627436559075       0.96285476087861821       0.63039293512948213       0.86374940934468480       0.82668544136700284       0.83144427940634857     
  0.97131661646868450        1.4565033818902295       0.94117932152518735        1.1028538887728121        1.1181358912826811       0.97057031104943847        1.0557501894652714       0.91075253282729429        1.1017126302983482        1.2465847981682703        1.0923804188436255       0.99985771520502786        1.1218184142803758     
  0.60704480492072799       0.98135170395831672       0.54409256861860389       0.86126548170093820       0.86058508288690372       0.80812196938838132       0.85409448918565312       0.86185779052846689       0.96622418482604644       0.64055170001962181       0.87736596912426390       0.84380122686922476       0.84586513619637083     
   1.1337824166519697       0.96306543352619378        1.0148631516240756        1.1993806343659579        1.2056209832618474        1.1802049501196450        1.2184173406919647        1.0904582207032578        1.2063701334862378        1.1684899080368660        1.1189351081356327       0.90066493017535698        1.0402453780961898     
  0.65534856409736664       0.98381983847783527       0.56595026372304424       0.87427655165717910       0.87901136303852356       0.82335191699804722       0.86875731994949534       0.87714482464127785       0.96958367297578041       0.65222774813255657       0.89275002654334679       0.86184506584781884       0.86015643953792997     
  0.99581545256102877        1.0172429425889495       0.95413180157381106       0.98923347863688382        1.2878832629458374        1.1210416605681026        1.0924944859537977       0.99356389109163734       0.93154797554662139        1.2423928886261273        1.4322857510766538        1.0630526097488548       0.98461634058726188     
  0.69969312314057575       0.98615520269298229       0.59407409527176891       0.88780557136673410       0.89642192256848541       0.84044204077117357       0.88390655631691961       0.89187503459636841       0.97300781116209889       0.66376276759466379       0.90822234712199590       0.88121646804492071       0.87537775143420971     
   1.0660831188781490        1.2145046344497730        1.0289231731883490        1.1978880724332042        1.2243937081525080        1.1967780758645610        1.0081633963074046        1.0289103428919539        1.0752241530669080        1.1957954602186818        1.2543673891158724        1.2663952867737240       0.97944727955872357     
  0.73851553390995106       0.98830695735943785       0.62430301037054847       0.90110357983857992       0.91175462262291507       0.85789685961679096       0.89881769653250121       0.90502916162303926       0.97651797820342001       0.67547858094540647       0.92235525293655451       0.90113472769874359       0.89300577645719070     
   1.0055575056204875        1.2159124122824039        1.1590446902694824       0.97868811209672879        1.1765693748206898        1.1982471601042732       0.95376412260440380        1.1342134456546549        1.2373399012848398       0.98750501856354045        1.1378617580738501        1.3219372113285148        1.0700661367279714     
  0.77540196912326231       0.99024018250722312       0.65945112300769981       0.92102170392469807       0.92594901239060079       0.87548993454585566       0.91356768197771565       0.91910016824435936       0.98012592274804755       0.69134122983163293       0.93479802548558510       0.92091031471974416       0.91373031990625841     
  0.89326554957945870        1.0034163598518893       0.86309493376017010        1.2188994693429478        1.0540381915787951        1.2218167962764614        1.3302666780791594        1.1245261299169782        1.0240004768127344        1.1248064066981474        1.1292139114617730        1.1421605043799476        1.0954924955559218     
  0.81408039032554480       0.99208559354982961       0.70453179479084149       0.93691390608418179       0.93995204444567271       0.89379414955026815       0.92959066644982102       0.93489595132125314       0.98380811267746837       0.70949905477121045       0.94589158062138612       0.93997616782781157       0.93409013533838781     
   1.0111796642669257        1.1623015773640155        1.1467701041691152        1.0067087573908351        1.1090349070397070        1.2250529156743570        1.0390636360687306        1.0327313071864117       0.92854945774784559        1.1553953072315883        1.1523588301021592        1.1681852835438582        1.1495199215709289     
  0.85511537032211127       0.99398326069387555       0.76013272761801576       0.95346565651741522       0.95440614700385251       0.91557160832239048       0.94648471532504808       0.95116293485447778       0.98690262573515797       0.73261566585975724       0.95630078330445523       0.95723442410571236       0.95276991638879716     
  0.89724383644650563        1.3614434627966783        1.0909127082422676        1.0299391850866775        1.0946356892162945        1.2577615153255564        1.3194816195692358        1.1219333451296905        1.0707785575876279        1.4218389058844481        1.0017346098333657        1.1327018988308479        1.0975311590100854     
  0.89803064185127845       0.99595825931400317       0.82843650367973920       0.96985048689200182       0.96870664020381647       0.94238132431105637       0.96399189963887000       0.96683926410753374       0.99008853419117659       0.76256954846905678       0.96853393890992756       0.97275472031159693       0.96893682667519898     
   1.0831393860587841        1.2602051560928447        1.1033538324545464        1.2771215587282148        1.0469836480835999        1.2776424449025707        1.0375395827191449        1.0302089157963152       0.96763787766967113        1.1241649953896937       0.99569334180924596       0.99751510260531295        1.0478808095122716     
  0.94684320202140282       0.99799973526542229       0.90872070274274186       0.98550049474825652       0.98263842909230803       0.97025593954614187       0.98206884375208148       0.98400272758978802       0.99475535165415518       0.83271343201305326       0.98357291242359912       0.98687668385828065       0.98457517890760393     
   1.3145801881216146        1.3959995485825287       0.96109203572660662       0.99338304807556943       0.97584204844658917        1.4544719932614336        1.1205002176803671        1.2834899672848477        1.2482372727568078        1.2143880723417393        1.0873250288148744        1.1074327882205000        1.1364165532131978     
   1.0000000000000000        1.0000000000000000        1.0000000000000000        1.0000000000000000        1.0000000000000000        1.0000000000000000        1.0000000000000000        1.0000000000000000        1.0000000000000000        1.0000000000000000        1.0000000000000000        1.0000000000000000        1.0000000000000000     
  0.83785526814211297        1.2934277730447497       0.97839663409861555        1.1056777501236121        1.2479115373935181        1.0316370625289648        1.1738996185533139        1.5036552523672502        1.0646169208714191       0.88978611053403933       0.92732241603942023        1.0458325798554047        1.1575583942100436     
   7.9404273871944344        0.0000000000000000        9.6567471619074734        5.5922421485078484        5.5575642645074010        11.977340723624632        10.282202923187409        5.8285607706652929        0.0000000000000000        12.824358695202770        8.6172462100466305       -2.1871935398085722        8.5034015701345620     
   7.3310339363444017        4.9567619435010348        6.9446915530452724        5.8864138242424593        6.5076113985839106        6.7228631942085153        5.9319225025842739        6.4283043654753262        0.0000000000000000        4.2048326694353539        10.759893860523304        9.9982802207795984        6.0378111099014440     
   8.4174828912815762        6.0114560166763029        6.8460901619481325        5.2913711327338921        6.7136315123535182        4.7140298565359888        7.3779320476150847        10.192010681446815        6.6763270756156246        6.3190543930437775        9.3344898461013752        6.4341609352342815        2.4644129988123815     
   6.6989073748721149        7.2052689237211434        5.3927545374833903        7.1924410558796978        5.5691060083100226        1.4968841175108429        10.055272981904642        5.2431891487548707        10.538471172462968        8.3762619611461471        1.8150503783177583        6.7947062753894549        5.6481294996124518     
   8.1405584503922377        8.5680588009310021        4.4082871125294592        9.1507752325364109        8.2532068867261525        6.2223499389161709        7.1784215644376559        6.1514719967023508        8.1828800370878021        9.4999012918384906        7.5546426107467246        6.3039735060861650        10.368128363298903     
   9.1993932494216448        8.3965674546549902        6.9168533225564994        8.3818851403565162        7.9535874944545801        6.4278891460979111        4.9569132055713663        8.9312373529306601        9.0864118683501367        6.0646624033556407        7.8720312521378899        7.9048872198306119        6.8758551192017006     
   3.4791255979662092        9.4803816102804053        3.0475039680752549        5.0568617580686572        2.9922210328834375        5.3510975950147293        4.6301788373497343        7.6242336612065484        5.9351891673272537        9.5224347076544085        7.6423774503527229        11.036721737185303        7.7720290091860251     
   6.2467387169443480        5.5465467313448578        10.627720011173350        7.7539902022566149        10.765722157986243        10.499986874032709        7.4253527376543040        6.7752459876212123        6.3917113480823948        6.5438326268059965        7.0347537163406431        7.2237114596338898        7.0384526447682934     
   5.7049158111200531E-002
           1           1           1           1           1           1           1           1           1           1           1           1           1
   4.7248342709758952E-002   1.8767007487082824E-002   1.0555658684978824E-004   8.2743605470825763        4.9573711822489179E-004   7.7452156033475676E-007
   1.0921178529499365E-003   8.8089983140579565E-004   7.6838909010493530E-005  0.36090990459007477        7.6834447673204229E-005   1.1515454890449405E-007
   5.0000000000000001E-003   6.7099999748006107     
