   0.0000000000000000        0.0000000000000000        0.0000000000000000        0.0000000000000000        0.0000000000000000        0.0000000000000000        0.0000000000000000        0.0000000000000000        0.0000000000000000        0.0000000000000000        0.0000000000000000        0.0000000000000000        0.0000000000000000     
   3.7162378144643807E-004  0.23837165865747284        1.2384468746849179E-002   1.6713461721479070E-002   1.8968217498887573E-002   1.7574116052078464E-002   4.2809945289493723E-002   1.5532656509665874E-002  0.52577723929184916       0.15825867882006131        2.9901175408731093E-002   1.5881404452837311E-002   1.6383137154784556E-002
   1.4050357633968060       0.61200600140353967       0.72008447323216462       0.90215618714806756        1.2450639047063232       0.82457444555680215       0.71816484393258972       0.81768540536318801       0.65930179185060878       0.64057894542982607        1.4367842848618626       0.76135374454286964       0.75188507894203660     
   7.5410827988471780E-004  0.27832295397198176        2.5639020025475755E-002   3.3811379194133240E-002   3.7497158459013871E-002   3.3572928726808310E-002   8.0721937177236108E-002   3.0595771542873004E-002  0.63541752032005006       0.20857073688953354        6.3081129814432230E-002   3.1721497831372548E-002   3.2846480306951358E-002
   1.1602789397350071        1.0785065644844580       0.72796942832293410       0.97431370048213162       0.72358615219177636       0.72470541019083323       0.77435032092127765       0.82058873689324729        1.0552771368261871       0.93205656434490658       0.79176917446147965        1.1932695435962295       0.86538109148548537     
   1.1516530540434263E-003  0.30250071006262613        4.1370427295822784E-002   4.7338446639755061E-002   5.4294602402234972E-002   4.9207753638611421E-002  0.11294063234394636        4.6189010857173612E-002  0.66167029104563901       0.23844214418417795        9.6532643606358243E-002   4.6244695344982149E-002   4.9002306130780139E-002
   1.4590015282376891       0.93359301749365775       0.69423504021001015       0.75123914299308292       0.87594643826905605       0.91219166233291449       0.80160912553485053       0.94751296795970885       0.78295731263817980        1.0421918006010569       0.97218737403642930       0.97936516036528831       0.75900532524939623     
   1.5810130646567346E-003  0.32256489677923306        5.7564990821038262E-002   6.0436458457398805E-002   7.0972385621085279E-002   6.4383882073790352E-002  0.14569443570841861        6.1811410114594879E-002  0.68030235703810560       0.25755100879603071       0.12497357299537466        6.1302839227427824E-002   6.4431949133013311E-002
  0.91458855072756173       0.83962166821882767       0.80521434425607608       0.77726897257432126       0.90448506210674906       0.89870089328353331       0.89912263173816309       0.83144342966201246       0.74906841381868305        1.0738324108859356       0.70365846882715921        1.0931176315327273       0.78970770218382347     
   2.0540191047758918E-003  0.33822486403210894        7.6142077158845578E-002   7.1084188040600418E-002   8.8001463570743010E-002   7.9929348449599397E-002  0.17789890500793934        7.8899627947328160E-002  0.69347558446241808       0.26865240329100193       0.14841462098444561        7.7581480078715806E-002   7.7515999476493805E-002
  0.90228900609830931       0.83287554941776998       0.89640509419423997       0.74320450637604651       0.84278462313920322       0.88584046525557025       0.86431117432778248        1.0801921508112382       0.69754288498619221       0.76016875419275232       0.78420309820536782       0.88515664774203529       0.77650939078843606     
   2.5800607218693437E-003  0.35451879891294563        9.4886129867119751E-002   8.3521337516915539E-002  0.10452015603000041        9.5200631257524426E-002  0.20590371335813254        9.5494197473497203E-002  0.70695692687958744       0.27952968947986601       0.17095556765445807        9.4715934863636164E-002   9.3005639374256210E-002
  0.92345323811889146       0.93469556856933966       0.99255591974959534       0.86365693675495459       0.71858235953982108       0.85139761182045348       0.66964031080461428       0.85310530351859337       0.74228180807858857       0.81839263159335407       0.87921040024538055       0.98781188098733563       0.67878935308208366     
   3.1582095731806157E-003  0.37078377331943052       0.11224348050194377        9.7639300331257714E-002  0.12144342544169340       0.10918042773095449       0.22855835188333543       0.11022933340050090       0.72194463225805006       0.28889006480091556       0.19308048924734117       0.11152087289642867       0.10960292750985728     
  0.86761363155275628       0.88208693931802695       0.95951006298146779       0.76130323332411620       0.74571176298222319       0.76545202712557270       0.83177589566856847       0.83328940686076602       0.96949543217936840        1.0793912242716022       0.74683565449854705        1.1408225558810328       0.82906141881736939     
   3.7928457319606804E-003  0.38523855978169141       0.12921055467519585       0.11332461349628059       0.13839595683590186       0.12237223277759213       0.25314473004734084       0.12454302061942236       0.73500528496678164       0.29847206610129140       0.21377751690408395       0.12785207294954420       0.12633301003419670     
  0.93173321397627085       0.82306829324520470       0.81395489605335403       0.93189895297241931       0.79082752306164439       0.81844947208199592       0.87752094883687481       0.86267021896213314       0.77345444881020931       0.70866742081690492       0.83618380312491225       0.91352173485295074       0.85326660397872056     
   4.5075900584961356E-003  0.39804302175477119       0.14823177676731572       0.12950219845244748       0.15519695626216853       0.13661641893667514       0.26963712607998180       0.13745982797575518       0.74617052708579201       0.30813517501720450       0.23268927982014101       0.14400144857640712       0.14514074863877574     
  0.94998636040540552       0.73279386841226402       0.84115314392987961       0.90350413889090964       0.93071838673709806       0.89857413630003247       0.75917827657744563       0.79661836231507999       0.82399134116990780       0.99941529794636341       0.78639383666359186       0.98898382951805064       0.86648544836512054     
   5.3923960193258749E-003  0.41033958627274975       0.16697962269174813       0.14636527659778148       0.17143996506072282       0.15206166379179267       0.28758044299212793       0.15095573933306625       0.75528506271010687       0.31572931803129839       0.24951762103684011       0.15970927147672970       0.16156166376313907     
  0.89168810838278822       0.84048111780880619       0.70512370368001542       0.87439765003910230       0.89399299302692092       0.81967199006881930       0.86247699484794238       0.81633717350559343       0.77816219005499754       0.99283794534729664       0.81050520455324138       0.80904241563762302       0.78609444207659529     
   6.2897195872288168E-003  0.42286753481351708       0.18658309850894980       0.16397693544335035       0.18768023467539843       0.16848560656176861       0.30507896233205917       0.16328025648468752       0.76385357172555901       0.32274629135554944       0.26394999374733119       0.17295919666423848       0.17447030993244148     
  0.91568869607415537       0.97747035996186782       0.88933575066843740       0.93637405704635557       0.75393640024052411       0.99107115666663492       0.80554199066337984       0.72937095300604726       0.88423458117580533       0.78324019372733134       0.74167777727863227       0.91353837476447897       0.79591897466607908     
   7.2671825483143432E-003  0.43568232311097238       0.20547658484976572       0.18152295326513807       0.20364299752036474       0.18534918358750560       0.32302212818198905       0.17777863660631349       0.77295004506422316       0.32897385852733463       0.27661557270611686       0.18717220130780782       0.19002661927087075     
  0.86620400895534400       0.68036436246838983       0.88551906929601110       0.73530233733961403       0.81532240381366106       0.87877507647962028       0.72363519078371696       0.67065997874936711       0.82193320583295515       0.84495393554640752       0.81103013139911384       0.78169582613436794       0.80350930225869099     
   8.3717154189244317E-003  0.44764001957854210       0.22767162307822827       0.19952912766744094       0.21985254792613781       0.20094655396121636       0.34067092917349495       0.19175815390854262       0.78168799496173436       0.33481202473819394       0.28886181490733182       0.20225200761743076       0.20813847368213551     
  0.76247217872679607       0.77021292644180539       0.81543866655160524       0.82822406802122095       0.72319892992364110       0.91177164443977021       0.86129653810631246       0.83248385595520402       0.86714543199221739       0.75081626147688851       0.78006149605453023       0.84557531633056904       0.84571834809190971     
   9.5618345087843601E-003  0.46048718946980916       0.25205200051082011       0.21774132515212100       0.23607197306362751       0.21679433242968194       0.35307126321781152       0.20522257267423838       0.79041869190973002       0.34115582880656048       0.30101365517717699       0.21660834077105121       0.22470718659306191     
  0.82004736508644172       0.92577207802624994       0.95760641597798790        1.0542463213923310       0.88847105389801040       0.80822266223197281       0.78706518888017296       0.81186394142498119       0.81595940154878488       0.69330575044665765       0.86597748923067264       0.81788064971379937       0.78635287774000917     
   1.0732060510729922E-002  0.47332666125135231       0.27440241313397096       0.23627156321450526       0.25142097016637532       0.22776174141288594       0.36263777514372103       0.21854048657353697       0.79779740232690333       0.34832819795845432       0.31267731441185953       0.22925639027287831       0.23986519253115063     
  0.89393459912768281       0.85449533337876793       0.82415977126658280       0.86848064053937168       0.80004155440984326       0.81817384766880474       0.66019590794186389       0.75851663974096606       0.91924263847698329       0.75221372428333277       0.79978663216717905       0.79734940881584127       0.93293094134700516     
   1.3064923791087906E-002  0.48558029476960313       0.29505203311020883       0.25331769648868896       0.26740074740325942       0.23684089731932295       0.37117561292820728       0.23256623443273905       0.80339155980604493       0.35550507009480320       0.32447168076062166       0.24336878420044883       0.25449589025474972     
  0.88840214422303654       0.74804242848979718       0.86117245092743699        1.0330685775091264       0.85036150698723956       0.65944862831710338       0.71816484393258972       0.87466428310362232       0.79711080859815220       0.93417395672409032       0.78699444654507078       0.72010350400791123       0.95170990895524388     
   1.5957754067618565E-002  0.49689845565739149       0.31624918020640502       0.26925368888190343       0.28367600801355169       0.24638671728168382       0.38205446684664823       0.24615637968553916       0.80856730899050400       0.36253487061861150       0.33730823813466976       0.26052971873028186       0.26974028406735262     
  0.86044170206332948       0.80286463135998565       0.77987757339064445       0.82131534778031867       0.83831684962028985       0.84431033073177364       0.81050265746153727       0.76791931895259047       0.72728007084159607       0.80078131875722236        1.0427635148074572       0.90259926032398152       0.91927293755527484     
   1.8893118799903054E-002  0.50808199419631883       0.33671561679988132       0.28485507935768778       0.29869606146264960       0.25841292407176214       0.39356434986001304       0.25990597221152939       0.81436129620178765       0.36967711421056970       0.35174882434579935       0.27554146363898224       0.28528575258011557     
  0.81036323150679168       0.76123626321202831       0.76266682681890785       0.80267877032070079       0.84533342252035970       0.79598594765254493       0.77871659908568969       0.74207324778424366       0.75479161472205469       0.85681712338815952       0.94730000361817657       0.75260817064474739       0.90919583648029112     
   2.1995951188233845E-002  0.51901602097709143       0.35509042023306303       0.30019760025750059       0.31100223954237144       0.27132672530459073       0.40804063076902342       0.27261279287863860       0.81990311808166272       0.37621982276137333       0.36531547645787565       0.28975415652323006       0.29479674565904357     
   1.0014648365572747       0.90064120710473405        1.0108332704224718       0.72937446966884101       0.72306910397120161       0.79657124800634804       0.91642671153610467       0.74586367386538788        1.0118995164057318       0.87703473908093277       0.88354844029666080       0.79160181338553615       0.73744573075003583     
   2.5208738812280120E-002  0.53045223307533840       0.37216704899962039       0.31690390243142375       0.32171534047739858       0.28534569309690616       0.42323932339506842       0.28641953239352236       0.82492371857132285       0.38221527140785250       0.37733819611574082       0.30302783336660893       0.30576340287713971     
   1.2300642766873569       0.74927500157056415       0.78765764349027456       0.75442853618140360       0.74246878257084259       0.71347737576550363       0.91366023630553439       0.79873130366030243       0.98459575510941721       0.75556727571620885       0.88384133441047930       0.80738999910531295       0.84509315678914620     
   2.8560027961635485E-002  0.54181776077272159       0.39017365029198542       0.33671912440937507       0.33363583364862304       0.29853814040805265       0.43799154206957225       0.30325711446086445       0.82969997818181240       0.38812081997709580       0.38901713288567391       0.31507443540142543       0.31754555570066445     
  0.81342190843875117       0.84121051669334168       0.74023296027078977       0.86269483406218483       0.69333258086859906       0.81532073132728899       0.82040805630915192       0.80925087275763496       0.75077027938963792       0.93510378739013911       0.86932521619256653       0.78775121392214309       0.76285588370285573     
   3.2234656073194430E-002  0.55348482241774022       0.40947809792835110       0.35514122781452490       0.34627929896387527       0.31110408678547902       0.45310949353053998       0.32008377968308321       0.83439204361098496       0.39374321641483978       0.40164021139082756       0.32617120458181131       0.33049835064404171     
  0.87830873132649734       0.85689625730684915       0.87844011657904508       0.91277366167867158       0.65741229084713393       0.80396795862712467       0.86329299387853276       0.91224629543696623       0.68205089735685565       0.85159786509272906       0.84191258462781771       0.77447984610271647       0.70791845336239556     
   3.6176628544200416E-002  0.56514244482997400       0.42781633578965228       0.37249632197222321       0.36065998593982729       0.32390997679552125       0.46511012292803122       0.33673590835217226       0.83861741328479245       0.39961065937945517       0.41401194683104048       0.33928998881476663       0.34534777533744193     
  0.91245178964691243       0.84348015638350748       0.93757260463793557       0.85664260525335589       0.88742720132579977       0.88181774210166564       0.83416878094649693       0.91414101380316026       0.85787682961651046       0.79412088472043385       0.79512143060666240       0.82513684044886859       0.86441558105231542     
   4.0999283627857444E-002  0.57728011208490193       0.44461034750044698       0.38963556760498302       0.37503846097385557       0.33782958177873418       0.47765251355465338       0.35399727297532879       0.84343594985990133       0.40523574506993360       0.42721157768012397       0.35115384395616656       0.36099708059487912     
  0.79983647976874406       0.88426311524664980       0.73868945387831597       0.94760253020769425       0.89868925335938088       0.76757835316922396       0.80189540166511586       0.99605143241640914       0.79172879831311871       0.76426056913651597       0.77514997840031885       0.69284240372984796       0.88880167738654214     
   4.5718169692555113E-002  0.58973001626054466       0.46121927296294279       0.40542043391857702       0.38983310917354347       0.35366496511440776       0.49043143629996383       0.37292702659247678       0.84833530297431869       0.41144537588492669       0.44094269521680013       0.36097679684068751       0.37511736443837829     
   1.0222196837481716       0.95071436376018015       0.87672254838450192       0.79696571560926932       0.83450085984735600       0.76059248655885858       0.89331277893344430       0.85131765602773279        1.0268633893370782       0.74955102968108278       0.78701301160312798       0.77586096817567096       0.78393477570489611     
   5.1471046247351375E-002  0.60155785989915833       0.47516883079317085       0.42204860466821692       0.40500445075933394       0.36829983993816018       0.50334967254903451       0.39207532985112115       0.85325143525453717       0.41775401158602554       0.45490881242537196       0.37056807730317842       0.38896272770227758     
  0.78040638929711836       0.68876445724510571       0.87522216294037225       0.98653134450115110       0.82889132913593622       0.83973115706366208       0.81851197034600276        1.0318893619896681       0.87415957870170480       0.75469657722990169       0.77058699951642140       0.67172521944877495       0.71453780522372901     
   5.7232640592355902E-002  0.61348369463093821       0.48837080856412873       0.43928488853242759       0.42013489036632495       0.38135263455713303       0.51701061198824816       0.40998260196420572       0.85841996757893557       0.42400611948853573       0.46891183647802248       0.38071204677711484       0.40132877919643983     
  0.86489013419212846       0.77505770880935809       0.74513876612079644       0.86967521618780552       0.90651591121440078       0.86823163766671441       0.91038589667490466       0.76122636816392553       0.89752777003982598       0.81981454683248312       0.95824802731283254       0.71615591526340394       0.80469440741857001     
   6.3508357351947348E-002  0.62521392646296814       0.50068654763421727       0.45658522019118830       0.43551899024479557       0.39340896167635969       0.52877751442715470       0.42739028615696950       0.86359694774044826       0.43037767335474425       0.48127278506083038       0.39648390365262748       0.41123543317711536     
  0.96651211079094823       0.81777535282538472       0.74687345830346930       0.88530007496829255       0.99671606781812683       0.75620703393841149       0.72843650453065756       0.84207486355299654       0.89782968128216145       0.72021354251847791       0.76773485049062795       0.90063829927114125       0.82379959728424756     
   7.0220775807673011E-002  0.63710434748728340       0.51308593813395953       0.47250218546043538       0.45086638035153581       0.40546443665001825       0.53921124846187163       0.44383348999169553       0.86858230803442793       0.43683700554275134       0.49347092072807663       0.41220626128902560       0.42229626646514301     
  0.96073443445306395       0.96054289844136842       0.71296443969139200        1.0000589564029201       0.88739838898530410       0.77427074888154435       0.72482321180906695       0.72009419147531439       0.95517660430038132       0.96005006339191412       0.96511523446988245       0.88960604058574011       0.75962723182859759     
   7.6950348288375520E-002  0.64916144609651316       0.52569947617694579       0.48743978465426391       0.46650282772929874       0.41868071398013512       0.54954222463960600       0.45931833917704273       0.87319496020230314       0.44423263899365217       0.50550302921607326       0.42772227002364960       0.43487922734464668     
  0.73979522557376065       0.86297668592720544       0.65245559074192994       0.76222903522254315       0.77989281946707767       0.72182323086457190       0.80816415169032696        1.0996371607809345        1.0904886290204729       0.72854224866246653       0.68768868535075445       0.83441598480042511       0.92344108149068649     
   8.3785449088537980E-002  0.66073738526717252       0.53899977308379154       0.49942070639387348       0.48111963553460141       0.43124157781841671       0.56053719018454606       0.47530566541460606       0.87768494678729680       0.45181385662484436       0.51859884647658161       0.44310472182983579       0.44697658123918538     
  0.82674471467136212       0.75239510111561270       0.83011733615699190       0.78206447937881551       0.96594208211369315       0.81850736697393234       0.96809364170824252       0.79390528999820797       0.84236137566832248       0.89951975128141048       0.82184740071183837       0.77014988689950470       0.75960974080151078     
   9.1063966280888003E-002  0.67098059756809803       0.55221512942053508       0.51396812872903375       0.49493683938247013       0.44430054634033728       0.57169476655320273       0.49212237828152633       0.88224510141153423       0.46015369444873278       0.53212960949320520       0.45755513959537386       0.45906035113724902     
  0.68192479034579689       0.70822422722113343       0.72609771842050264       0.75316206424042287       0.87295130189470582       0.91370255508377884       0.82640629386674325       0.75603643932523346       0.95240381911429961       0.89883640336954751       0.77680473999092448       0.83027248488511085       0.97895819143383567     
   9.9212180319786958E-002  0.68031772842120442       0.56689248048194629       0.52774141767440064       0.50726882810280094       0.45827693764833077       0.58275794315539620       0.50938470832710969       0.88669964267630041       0.46806118198500662       0.54670758765762018       0.47188348163627580       0.47135419175864168     
  0.77572720375334103       0.80073541625673017       0.76761627519744147       0.79958800420022902       0.68683037252562651       0.76838978290725124       0.79933061658701454       0.89774693521988824       0.80036295921856782       0.90229271495595054       0.86545051356430669       0.91653287180683829       0.90586251089269831     
  0.10807938020053044       0.68980439338481181       0.58275219985182969       0.54395992172824981       0.52033820305289635       0.47415487172542486       0.59574948547541240       0.52612005683776253       0.89116490663268566       0.47542928738860607       0.56274705852835871       0.48711862433260888       0.48490876544989203     
  0.74742536577040386       0.77485418411173757       0.71767516838163115       0.75949762955100908       0.78830562676955274       0.88841463134917609       0.84274859772376254       0.83421436726927856       0.74147429199129766       0.77641328074281402       0.80692293968399265       0.88433822489732183       0.67499302762405056     
  0.11801620998692390       0.69948287471219739       0.59914154133372777       0.55940963949351330       0.53179805564091065       0.49138243127573866       0.60859304825435900       0.54284496580012642       0.89494293258246183       0.48225394079196687       0.57762263393626401       0.50205294929202637       0.49890126470893081     
  0.87521158181829473       0.72203067378457320       0.80086295251819017       0.86224087189233023       0.72461633857261554       0.86615215135149226       0.85913812340761808       0.90966350241780758       0.89950973265993550        1.0882425302031489       0.98319880012467653       0.75778691871881276       0.93568225625909973     
  0.12874603506059581       0.70840928627646516       0.61449082344344930       0.57342100169894117       0.54313238832613220       0.51124275523347484       0.62180713256548381       0.55997145577011043       0.89895783281105857       0.48910433782726376       0.59269088852615415       0.51569800024295143       0.51145978843882722     
  0.76854405023706962       0.83354088070737964       0.94390874695343319       0.73104001503472393       0.77667817756413582       0.96926547069622770       0.83499678765699437       0.81885150296623177       0.96725587594110696       0.84888461595922038       0.87909200527296594       0.85564322162269602       0.78524237826443666     
  0.13896168894041902       0.71901016910574500       0.62658500804479822       0.58604649898295225       0.55614394239657228       0.53124622548624401       0.63523843075567754       0.57693617103541783       0.90253022187293941       0.49454119997541274       0.60701922229782523       0.52854096292521069       0.52513777913529647     
  0.85842400094074656       0.92210127966005462       0.84935225934734382       0.86946577324746388       0.89166307604637551       0.99573966232044819       0.95523553836157171       0.79620698665917222       0.81455363041123796       0.81504300182297384       0.69907898134821556       0.75691492587859510       0.85972994935644198     
  0.15080173789008450       0.73002273933463457       0.64197572683039827       0.59857997578536881       0.56999620327804368       0.54800014536777286       0.64812615071930624       0.59402751940544096       0.90620559366096187       0.49922790092152602       0.62135903059598041       0.54192424679884832       0.53988748479821069     
  0.73695074672614880       0.82289448665900922       0.82084853663921520       0.80534268454470270       0.86480317734139966        1.0161439581593286       0.73770029828349215       0.79631895795080743       0.75141982803506402       0.68602500769010621       0.84865182141331807       0.81579449398514581       0.77937289899857409     
  0.16358267500224727       0.74055522432752352       0.65752904524378641       0.61057760278451578       0.58718056536766949       0.56218124356176813       0.66160296025254994       0.61049399350401279       0.90988774411763751       0.50496502848696012       0.63990609403965903       0.55773653707437021       0.55417282948844715     
  0.76180809097496327       0.84508127121807997       0.99892533243772297       0.72292862252413714       0.84432151285321333       0.77946464323661357       0.86971802540188525       0.75808318448013468       0.87014090312063685       0.78005149084668568       0.86879959324689338       0.81566141766972922       0.80910316526439352     
  0.18176423792201152       0.75049972192521885       0.67090919480131195       0.62340022174560616       0.60500477088069360       0.57712804286057029       0.67518231902837578       0.62672325945938911       0.91337559944358293       0.51116394371658758       0.65894214300644227       0.57323941594687611       0.56907751922202177     
  0.82914126746656602       0.81323903032947542       0.78370083463987839       0.76144491528086933       0.95668646638786847       0.78138389792460350        1.1229727506809475       0.93878093242774918        1.1344953592232914       0.90968030204966832       0.97361768426120132       0.94598535841019560       0.79343241637179607     
  0.20211716982818628       0.76019810052839865       0.68411423470030142       0.64045143803736915       0.62467261149000930       0.59305275086551201       0.68885730984987836       0.64227534601946090       0.91679362267651632       0.51820932459724911       0.67512828936757852       0.58924219096180852       0.58391742818113168     
  0.90427394352434676       0.88877139770892288       0.80554823445836399       0.89523122664637556       0.83193223515299186       0.80387830576431574       0.78079129892063648       0.82102791636454342       0.70440171822312936       0.79358717271952339       0.85036924191126406       0.89507831158902951       0.76388098909360602     
  0.22391613204242927       0.76947647009729603       0.70016691464319381       0.65504874399158719       0.64346299618906921       0.61031188341122078       0.70199076039909070       0.65750361938517621       0.92037237939011829       0.52550414613721819       0.69155907055958532       0.60546420528805656       0.60060971481280123     
  0.77376020799169265       0.71902225120213370       0.79629867680367239       0.79090785848535283       0.81857574484951590       0.82137289592368501       0.79762959876776662       0.79314475518962335       0.93119529921045863       0.82928146979511563       0.74543249717308735       0.82952243569870321       0.91055094907791756     
  0.24845885420513200       0.77834346384245201       0.71469425480978588       0.66505515889690769       0.66130775942459641       0.62765904425654373       0.71254907428566805       0.67263714949760534       0.92423002559948308       0.53269297546169236       0.71133110265805688       0.61966219201245309       0.61733546676996887     
  0.80184266859034392       0.68258595639694053       0.84088640527856562       0.73143915550260752       0.96341651638276449       0.86787159556487470       0.80472422793410647        1.0682737658534298       0.84440956918052978       0.79098580587066669       0.89183349740802842       0.72501483276301948       0.88608299744212204     
  0.28836886256888045       0.78799942075095553       0.73129483529457395       0.67417890121145885       0.68072621993374294       0.64419694116319570       0.72345365674017748       0.68879778059753072       0.92827233298333955       0.54007220009613233       0.73091368912324850       0.63345645164430775       0.63293540413486882     
  0.71446790498882562       0.81821520998203667        1.1696062399594869       0.69539571223598906       0.76773927542325437       0.84606217094904579       0.80013960449726740       0.93727902255039253       0.91345885944472793       0.85244172570586541       0.80513835018125735       0.98418224651737363        1.1599057512896163     
  0.34287540809345829       0.79816071395678845       0.74693022514634089       0.68506563242188834       0.69720125868402194       0.66065047447247771       0.73439280241048122       0.70711955761372636       0.93163353189911680       0.54753120248788090       0.75078506093456077       0.64671672047417061       0.64831531240167639     
  0.85388435556014586       0.95322909815611934       0.96854856287381785       0.80805717883399386       0.83446912671031070       0.81259384146935476       0.92338114232765722       0.85091823258671018       0.94278352244428854       0.81891974133379464       0.94502946761351136       0.79816942632965160       0.66664795105501595     
  0.40797697859763565       0.80793231740422089       0.76255733281686044       0.70112826666985062       0.71101439642767017       0.67779618566805366       0.74495706660744543       0.72414722550438460       0.93509704160907681       0.55476147932690334       0.76949108652568599       0.65923066640085171       0.66442865259285699     
  0.72260662391592623       0.99200252025263502       0.87917297750093026       0.77843998104258283       0.84273804812028741       0.76040263746176695       0.77496563634922222       0.77167968949907340       0.94455018979973504       0.82301381480191704       0.73744753159324739       0.79705845044185619       0.94015138002692555     
  0.46537613543467032       0.81816728236948899       0.77756047931699646       0.71678299554706082       0.72382183920079446       0.69541013203697344       0.75818369849050027       0.74087752839591070       0.93843715215189949       0.56222144470403523       0.78771978314696001       0.67268233109778586       0.68401044383263521     
  0.66056541645983391       0.96978731718286360       0.82286186537747263       0.82755680974041335       0.81774117589194062       0.84844314443806934       0.81369018343347155        1.0656110164280990       0.75778973032645736       0.88934898392957451       0.74429451585042261       0.77196810963531970       0.89540328272642067     
  0.51886139865637992       0.82898512034058136       0.79453654320460054       0.73319870426362699       0.73662611313734039       0.71308966734186274       0.77286250328917261       0.75806801872598151       0.94135114293047573       0.56926688236319622       0.80389628922732137       0.68673365242365536       0.70522545534840009     
  0.71482987774073392       0.86638302308196402        1.1013083147369540       0.92804093748613892       0.80020403130714945       0.87812600402660290       0.96525910091596467       0.93314323267944566       0.77919604848689716       0.82917772092760578       0.79898099390092714       0.84140427902239590       0.90487144899746941     
  0.56919036582062976       0.83981716423883257       0.81155974289853472       0.75000702690690357       0.75343344475669971       0.73113487645599828       0.78691990808375734       0.77491672328046446       0.94438371846614366       0.57528127136633467       0.82083707973905617       0.70323568920976187       0.72153690023387462     
  0.78623237716551064       0.86764326864900132       0.87004499759794607       0.85395213203412734       0.91495474084036743       0.87743816240856753       0.85842313986228636       0.71632036953248790       0.76961522553335326       0.95786926077733292       0.86291291911321710       0.85887754287329976       0.80091407445825513     
  0.61482510461740913       0.85030715586242522       0.82732339110680508       0.76748903761057519       0.76953772929859976       0.75075601032004202       0.80100907557518253       0.79137977305215856       0.94789460964756000       0.58170717084057499       0.83743415531783272       0.72268768722743026       0.73556167018772134     
  0.73963554679833665        1.0425268380849342       0.88684788684533400       0.90995356249336401       0.87676342024399445       0.92934911563099043       0.93430665620104414       0.91911765525708711       0.84916542163703712       0.70392105216735068       0.91775830289714699       0.82226154592366330       0.92692509482744267     
  0.65519693778504196       0.86033785477805502       0.84020436580040347       0.78389499279216746       0.78843446509370108       0.77052869413193870       0.81507699030888614       0.80796634705478232       0.95129172579799026       0.59039611488037458       0.85261301125121614       0.74197733235588570       0.75206057634543422     
  0.81375382027720378       0.95533547243094530       0.74932375403571760       0.77427537597998131       0.85369516289777647       0.84331246271346472        1.0153296670741132       0.89200312707681684       0.82224947464618259       0.99514307041396066       0.89587095979099018       0.74336485808040564       0.66602632963004005     
  0.68752055730169148       0.86985461457860247       0.85306588619108037       0.79961710773299677       0.80801017513677886       0.79181717517096473       0.82836880900943399       0.82471959142191609       0.95421381910416958       0.60013221698788433       0.86587021508817119       0.76021838101953176       0.77049582611348644     
  0.69282100527495960       0.75204266033179479       0.82497063647622892       0.81367796097089462        1.0865367233060217        1.0136885150260910       0.83164823017813050       0.87214619381796898       0.99261371926009190       0.84479387308043297       0.92254152533843192       0.81900783004880895        1.0489288980080822     
  0.71715488603303135       0.87873342975512247       0.86595109195897579       0.81623849515729541       0.82688671268056668       0.81265570396470543       0.84111153390936966       0.84134525757707046       0.95692050004638329       0.60830946803227204       0.87833923148727633       0.77848523275166892       0.78944878754288328     
  0.96053596184671119       0.87002006148782018        1.0486309559901528       0.80496976974090351       0.87901242596095286       0.81791593137775309       0.72608046757855060        1.0280327058565333       0.74051409992261286       0.76742338317909775       0.91507085374051778       0.91969636843876645       0.92396543164336187     
  0.74426936629900597       0.88783425008462002       0.87987539007271653       0.83402026457273104       0.84603175359074789       0.83194842584814810       0.85433558703221624       0.85732565011316608       0.95973732385281529       0.61654506391631980       0.88999954413840499       0.79650742894381299       0.80814134855548325     
  0.71816484393258972       0.88728189155325476       0.72516188299986262       0.94121265156603018       0.87441750074551483       0.95098363278052789       0.96609924453727047        1.0104732823785054       0.72925517478722468       0.76527709255143728       0.84505502996881965       0.86434388614710222        1.0161619208172525     
  0.77375563470213682       0.89673689993887895       0.89514383726507118       0.85182057273821177       0.86542790145647253       0.85094859065033468       0.86593408727624244       0.87326819133049960       0.96279379787625696       0.62708836025976300       0.90014378612432999       0.81385186884611782       0.82747936598386274     
  0.86192630759589894       0.86510636076543268        1.1055279538243536        1.0749927533101511        1.0359825094168651       0.85363263915007204        1.0007916510320516       0.93821021637465063       0.87403747861882508        1.0127266080800397       0.80858109138820400       0.81716006347458325       0.92542848020854485     
  0.80520278318640837       0.90672286939767133       0.91050859779490811       0.86943809557701179       0.88310355334579116       0.86845304461117778       0.87835463921681323       0.88800470451120361       0.96617293866749498       0.63763208851965536       0.90811652927250575       0.83350959137635794       0.84855414580852107     
  0.71816484393258972       0.86746808896324201        1.1349596172257168       0.74600750832074902       0.89396694015190492        1.0618067303127592       0.83333345493127053       0.82293486669700411       0.82400928139490959       0.80545769004074341       0.75607845024198994       0.87008055648885674       0.82420865852312064     
  0.83443804056497406       0.91694964979825844       0.92358124838247357       0.88665163388352808       0.89966711559731161       0.88402048484907736       0.89210232355691721       0.90239003822357444       0.96988231406854741       0.64906048393808402       0.91500902413631047       0.85474021643714126       0.87080988621719679     
  0.83547045129301079        1.1775907250041480       0.98608617830901435       0.84152199096725122       0.87710999919201738       0.92748743556541224       0.87026455299380279       0.79314706194142814       0.83997437737841263       0.93730980674708353       0.79898099390092714       0.74920537250082564       0.80012925109147126     
  0.86363385300787254       0.92745641640844612       0.93607200888326692       0.90230517528706011       0.91475349642413217       0.90050883904052137       0.90531717904961928       0.91879615639059420       0.97384896677459099       0.66141652044407850       0.92187968799290487       0.87588375222682979       0.89086222875849974     
  0.86265455309203276       0.82066190511416415       0.81664696404907366       0.93908146933284242       0.83911251168016998        1.0161050029773395       0.97954797029246810       0.87201099862696341        1.0117283119988028       0.79302327429520969       0.79223179322889237        1.0025532187087056        1.0610695422999838     
  0.89010891420380478       0.93834055818131290       0.94821286727194942       0.91758381839909808       0.92954297530622154       0.91802510406854421       0.91959167038725820       0.93430683333455589       0.97761730195930208       0.67571077080947317       0.93050262173667730       0.89662299856541394       0.90909321241052077     
  0.72497946186741713       0.80789677684284400       0.85773863425365415       0.92228729609249915       0.78704524364642170       0.76278568462756258        1.0200625231658293       0.83117011919624706       0.82679918508210504        1.0136431143311826       0.77002754034839349       0.68912497467666922       0.86911217664326912     
  0.91445180766780854       0.94971175905888805       0.95821178414167740       0.93267486633403396       0.94507059981123809       0.93550350921845282       0.93481755812937373       0.94541394373450338       0.98127533328072669       0.69116452563657971       0.94252532790983901       0.91728168376480246       0.92679392163745522     
  0.73189194504519250        1.0915576143161139       0.75724060304977625       0.78246014811560016       0.71376254548454776       0.80295459061922647       0.94034270700262101       0.70313137931191683       0.74994698904492674        1.0640708629523048       0.78169009777921661       0.92961442868343569        1.0414177197961041     
  0.93619972784071304       0.96125340427664252       0.96598129684050382       0.94814861159794839       0.95973219198972648       0.95210726151159331       0.94995334974385237       0.95627097446430387       0.98485938874714640       0.71425234361656553       0.95427129813777978       0.93836746462326459       0.94124324140781779     
  0.64552316888363270       0.80054336993975950       0.92623655994335496       0.87849215295956118       0.90668439785004529       0.80982635592773933       0.92505734642413195       0.71667087288833597       0.79122097794672264        1.0876281667363292       0.82892027206913721       0.87226129956266207       0.82617296791355677     
  0.95838482833866612       0.97278557054263470       0.97301997665994111       0.96442066748746003       0.97354990636117233       0.96827381079923958       0.96537928452224830       0.96711619367665358       0.98853119869580031       0.74627874524174775       0.96763980015155471       0.95903504740425416       0.95764011675464022     
  0.76103930458595315       0.84815902065535220       0.76927180881001367       0.92861072841546977       0.90607785442552391       0.79594932959279163        1.0408798616342434       0.68592783589399919       0.91216074003932324       0.92465017438963693        1.0794013246916228       0.88136445219756765       0.87171184784998224     
  0.97831196598291570       0.98600406693463805       0.98705411432704759       0.98226002248179922       0.98620743894142859       0.98434330167364803       0.98305489137077817       0.98478517984199299       0.99407045657208526       0.82277779230575232       0.98298850032800178       0.97937286646077093       0.97877831156972894     
  0.89253074195780469       0.96403051727051758       0.96557724671842249       0.94793543381325951       0.85120151688981116       0.83784984595570922       0.91822430194664362       0.92838667094810623       0.87276384669919072       0.75751548155983139       0.88229009879633702       0.86221540592824220       0.99274630416850695     
   1.0000000000000000        1.0000000000000000        1.0000000000000000        1.0000000000000000        1.0000000000000000        1.0000000000000000        1.0000000000000000        1.0000000000000000        1.0000000000000000        1.0000000000000000        1.0000000000000000        1.0000000000000000        1.0000000000000000     
  0.76897752685924703       0.74685342167018420       0.78796702908474148       0.90932597067141552       0.99233775192947093       0.90761255149554765       0.75749591470183175       0.77588091496736800       0.76418036010975887       0.64552316888363270        1.0058549570304181       0.93105628936727458       0.85751146079119922     
  -21.058373251409883        0.0000000000000000        2.0733273101239171        5.8206802856631477        13.597998403119981        6.2430177760779664       -23.010841443891806        4.8153653338431619        0.0000000000000000        6.3375668195478978        4.1810116390063214        3.1809945770998294        6.5539777894137670     
   12.514352329250880        0.0000000000000000        3.0572692019298358        12.730876148356387       -6.9913585394746960       -7.9613082824244987       -2.5280899782632811       -17.314520718862738        0.0000000000000000       -12.675946597367572        11.627106923531503        2.6578966119261627        8.6740193325095447     
   10.809831591192772        6.8685830088059934       -2.4339283262141107        3.5396977963615011        1.0797459174494461       -6.6869135519104823       -7.5258272241075987        9.3778362694770916        6.2508575172259864       -5.6064860731786466        7.4375376894062839       -23.138030283828492       -5.7083601515855227     
   14.129342233310844       -24.973913431833644      -0.19443338758221151       0.94910670760824700        6.1411639445540107        9.2711717770152191        9.5988540736147900        2.5055138021283310        4.5238166103517718       -2.0404563568241576        5.1554879090419474        4.7703202519442618       -8.1131875844905164     
   12.473306721353286        3.8448240293455034       -6.7880053599112058        3.4310615948838068        5.2069794240181304        7.4476503807621892       -6.0815612468642444        3.3288945173432194        11.243967847221462        8.0824980511548219      -0.66495992813648530        10.025491586781344       -1.4442353160301793     
   13.722312097825251        9.7905177809048229        2.6086418763336447       -14.452380050654446      -0.73749736655971476       -6.3073803548549252        8.8780820725310612        5.1455267303647174        6.5002941134632719      -0.13351387820610072        5.7083065908505750       -6.8588328153350000        7.2483114027745579     
   14.000955708854237        2.3266444721805493        8.9415687007388520       -10.410196140743649        6.9040036351713514        3.1850128066535963      -0.40756142635039017        4.2315750690049763        7.5143448224323404        9.2192988537671585       -3.6892065895293982        10.562864101067831       -4.2523585828131134     
   10.859572667102274       -4.6048570530258175       -1.8162766180172742        5.1108948254541824       -11.973570636176028        8.8733821599359466        10.855955328151349        3.3491044497670233       -5.4195190925287458        23.254239464484492       -5.0080991514864710        3.0020453616687623        9.4292830736762809     
   8.0999399722899712E-003
           1           1           1           1           1           1           1           1           1           1           1           1           1
   1.7241879602257902E-003   4.7027673129717944E-004   6.0060871470278632E-006  -3.8491391377095696        7.7597473186320336E-005   2.4956997020380669E-007
   3.8495108976792911E-005   3.4097986034969897E-005   7.3260465584233754E-006  0.70951854778486445        7.3218681938924825E-006   2.3859944380465503E-008
   2.4956603105095548E-002  -1.4991650349314012     
