   0.0000000000000000        0.0000000000000000        0.0000000000000000        0.0000000000000000        0.0000000000000000        0.0000000000000000        0.0000000000000000        0.0000000000000000        0.0000000000000000        0.0000000000000000        0.0000000000000000        0.0000000000000000        0.0000000000000000     
   2.4882103740420509E-004  0.24017153028559080        1.6094724888756900E-003   1.0997668853431501E-002   1.4323288781254242E-002   5.6361078153181213E-002   1.7737911957808668E-002   1.3395416427277592E-002  0.55329284618125996       0.17420884981783236        6.4437848941100051E-002   8.4360192567902188E-003   1.1580492283934282E-002
  0.74965712420561403       0.90509021438068549        1.0253940101083707        1.0388224892541040        1.1311688215288360        1.0812523805805607        1.0366683517436575        1.1002231457973644       0.78460754079269546       0.82757741737982493        1.0243143226161906        1.0802453546779707        1.0076102150989141     
   4.9966560748600491E-004  0.38572381758296470        3.3342973611875286E-003   2.3124630977766764E-002   2.7377679657236892E-002   9.3029378719940214E-002   3.5590054130812052E-002   2.8960018408090645E-002  0.60645588041952203       0.22997701093711387       0.11043798089468049        1.6889586723206902E-002   2.3853660006015378E-002
   1.8141297302219279       0.90111093447906165        1.1370508459515387        1.0205639856179878        1.1085252833344090        1.2450984492483830        1.0389019598113962        1.2154793213512818        1.0775519820468011        1.0568371784411856       0.83576469900563644       0.86867438191365764       0.95759616458583707     
   7.4520136104058862E-004  0.45616303107738682        5.2738427038257129E-003   3.3813500902643130E-002   3.9779345577733279E-002  0.11632813251756201        5.2471885965472503E-002   4.6779614251124410E-002  0.64063495682974125       0.26021134786744815       0.15113587477233781        2.5205715519145945E-002   3.6964540258070784E-002
   1.5461423199221158       0.99260938684858235        1.3268593499455006       0.85432658585519639       0.92185294792937278       0.99570133349610679        1.0775132205708100       0.91477070773250924        1.0060698844079130        1.1793263129639853       0.96792606982210438        1.2534887232655232       0.91584452715627007     
   9.7709292796652127E-004  0.50867384827044915        7.5637684762453628E-003   4.7451970268235590E-002   5.2477111724466938E-002  0.13447897873645728        7.0075075702991610E-002   6.4436795127043575E-002  0.66798046316344739       0.27939744428370883       0.18037940881572179        3.3617103823884872E-002   5.0214320785564037E-002
   1.4891009093266201       0.87290058551453209        1.1310577871236633        1.0093078948253984       0.91090532099208366       0.83624608767833064        1.1735818251611618       0.96920053401231443        1.3961041481061558        1.0849880167974202        1.2408991515938572        1.1522612062163227       0.89334902622991452     
   1.2230002620387673E-003  0.54587540945370483        9.8491185607639028E-003   6.3237860328641413E-002   6.5047528837344659E-002  0.15047755346959696        8.7768615832811217E-002   8.0900593704584592E-002  0.69145671204332193       0.29522833148309524       0.20351635504713189        4.2678399234643380E-002   6.3435650159444176E-002
   1.1147653433375420       0.90420830168312372        1.0020451503995653        1.1602316430155080        1.0371896177378770       0.96571921785550430       0.92384744381510542        1.1587717892106797       0.86541399340394110        1.0944810717530917       0.91780587256963930        1.1398601970225395       0.99330691825585238     
   1.4833824562177349E-003  0.58106306021802245        1.2363090763771624E-002   7.8673871179877938E-002   7.8170533928644578E-002  0.16550746662741600       0.10475648258286324        9.6633267706312517E-002  0.71214173857062535       0.31001003822439899       0.22425768763285495        5.2006977925037431E-002   7.6967158946295661E-002
   1.2689321378011109       0.86645812936727229        1.1323805314663740        1.0332699676229766        1.0118160574098334        1.1757433516529918        1.3431372768178913        1.0190110624479287        1.2220645424748631       0.89342944112314460        1.1634568259476403       0.89759695813233453        1.1163794557686133     
   1.7605963948877038E-003  0.61032040497906692        1.4953125076187034E-002   9.3024868049976547E-002   9.2309106233074908E-002  0.18117018603552809       0.11971903643934073       0.10994518438885173       0.73018460502477711       0.32360127306501452       0.24210032772034820        6.0560627875436007E-002   9.1090164926813544E-002
   1.2150080321101449        1.0883277777188469        1.0108005342003823        1.1687903119515697        1.0943242545876206       0.94365417812728802        1.0035163101155460       0.90628543279984763        1.1348633023354666        1.0193716255988976        1.0607530977656578        1.0172268915970573        1.0081704974186463     
   2.0539031150007356E-003  0.63515310447476625        1.8248240493579475E-002  0.10690577259941758       0.10428353404535763       0.19572850455526175       0.13559723765809795       0.12442737754046058       0.74390852255156437       0.33510725421722037       0.25814657667843538        6.8564569259185790E-002  0.10519660647686721     
   1.0540038605239133       0.95373417335497113        1.3470328628138755       0.92718780728824080       0.86301965844793860        1.0016993771270082        1.1074444135354429       0.99670414540556196        1.0019684870355172       0.87892866151542137        1.1144846222413534        1.1555660809134929        1.0928532788204031     
   2.4131624965603336E-003  0.65966302104622065        2.1760257082875607E-002  0.12083728368667417       0.11493271439286359       0.21060439988716062       0.15139771042118189       0.13909290865705862       0.75610227004458730       0.34540998002963419       0.27212739817299614        7.7011797840161697E-002  0.12145762479321059     
   1.0631887606146835        1.2061264841390820        1.0014557594492732       0.98590848463283132       0.88831484624784318        1.0139424607562904        1.2899529247341297        1.0168729703504586        1.0431040063363428        1.0332371239384661        1.0261665268973825        1.0932558551911702        1.0324180281471471     
   2.7917967766128435E-003  0.68190930518295689        2.5608684720932980E-002  0.13471265011836606       0.12653212969380290       0.22655715611207361       0.16648528559391632       0.15376489000347421       0.76785995250385020       0.35548757616278387       0.28433377735878529        8.6589899231030207E-002  0.13721313995014062     
   1.0557440897862176        1.0898032881522668        1.2758802877956541       0.97636365851461104       0.86519088061819360        1.1133149047668547        1.0186891438763257       0.99952885468844099        1.0669437107380109       0.91410575374165104       0.95993599962621978       0.89731186871095436        1.0237363444720988     
   3.2306277994282157E-003  0.70083094371198829        3.0012846719428381E-002  0.14773302005449673       0.13995185890465403       0.24317603133237325       0.18160198150116791       0.16881015133350130       0.77665305751672653       0.36447406261983006       0.29553235840063391        9.7779741280690849E-002  0.15459178999806408     
   1.1783964147047505        1.2749229519243996        1.1793688429355722        1.0760431820058867       0.94202372576766880        1.1409311250407534        1.0232860858542638        1.1198010174753430       0.96577403619982349        1.0347098849055512        1.2792033095793345        1.1162859352654948       0.99465254309504769     
   3.7317735625060772E-003  0.71808865993481519        3.4681211789582035E-002  0.16175153103564960       0.15465456071360262       0.25853795600542867       0.19689791035783696       0.18431506342412790       0.78359146519100953       0.37189772888397515       0.30658735266257087       0.10992162817085903       0.16958383179520967     
   1.0958268305289243       0.98983007016317404        1.0518177119241150       0.93436968814243238        1.0147796868765646        1.0444109657188669       0.86659196044134801       0.99328589153387548        1.0498850289033204       0.88601135718473512        1.0791361813955800        1.3752090798644716        1.0824950679649412     
   4.2802958680176681E-003  0.73272171206344860        3.9948050800393091E-002  0.17835468439240756       0.17005149447704992       0.27244234287749380       0.21207057977370478       0.20064065679179080       0.78983472519598075       0.37871534544125035       0.31783478010554428       0.12320740389871253       0.18236970613779399     
   1.3131521703804099        1.0771147643923591        1.1680207874178266       0.93628678528645626        1.1451506750533473        1.0816821144471394        1.0660005216081727        1.1307453771110629        1.0785976208951400       0.87159299613840269        1.1721346338913707        1.0017323370509625        1.0678232284743494     
   4.9296683654648050E-003  0.74419811018917714        4.5722737388952280E-002  0.19498449980130358       0.18637978301775038       0.28624211493770652       0.22821330785580787       0.21714273762398872       0.79619147822629577       0.38626639126441670       0.32857997984506970       0.13865904390979278       0.19844443883013310     
   1.1306475731386210       0.89058791866921061        1.0316830905257626       0.98450862115921589        1.1753026042948205       0.93902320622155433       0.99036240855840829        1.1217156875714460       0.89130795927152606        1.2612893747831531        1.0747038344099245        1.0355523617314781        1.0276088171449536     
   5.6507260643316043E-003  0.75533844431754937        5.1521811258427065E-002  0.21129625880570879       0.20290927176466469       0.29962067533362902       0.24471712351236968       0.23312366002913981       0.80336556688936067       0.39461946451982849       0.33852599614175494       0.15373246564389165       0.21622101615770015     
   1.0755869866215517        1.0620566037150061        1.0125496605213793       0.84296034533768582        1.1850731177036029        1.0776087862214487       0.99551979059457829        1.1663216388108621        1.2464257700229284        1.0847770945282520        1.0836702661299742        1.1113995003958828        1.0924063982228367     
   6.4126493329793206E-003  0.76648680254162949        5.7511834452753111E-002  0.22776263601565144       0.21910184982757203       0.31258080054181131       0.26136480737055534       0.24886962297837029       0.81120589281054012       0.40389141669715611       0.34945143991285832       0.16616516977648674       0.23625709390860472     
   1.4399936824832689        1.0220665235196149        1.0419414127666773        1.1748466308982095       0.99422927398115679       0.83499613443755960        1.2439637937835279        1.2037446411344266        1.0242161613981293        1.0121787557026818        1.0184673889503606       0.90062704648506342        1.1347202327147210     
   7.2004647167737525E-003  0.77706709832255205        6.3842307010347196E-002  0.24395078848607540       0.23353501879862909       0.32485898361956955       0.27648364531364233       0.25966374937087844       0.81960349549136835       0.41160456896874364       0.36288759385280728       0.17822773293121019       0.25568001975790783     
   1.1806427899866831       0.91462839687383557       0.95215550259109261        1.1760921961342132        1.0605284027877822        1.1268601581657356        1.1166462557721943       0.91633147988547159        1.0841176061165470        1.1508555725692831        1.0813174977759352        1.1137561550169519        1.0801814736356989     
   8.0362648549689424E-003  0.78838393398973117        7.0818927193209674E-002  0.26044179805023049       0.24805200837959929       0.33739775245497727       0.29166607738003741       0.27354467741345001       0.82726131512613965       0.41781545868129200       0.37606006945608228       0.19154373285679180       0.27221020628039189     
  0.98973914896998438        1.2237314561336881        1.1964659583881787       0.96689914705935998        1.0532349897074675        1.2609729534164436       0.89026451248411187       0.95158994098529581        1.1095052018729239       0.93164728850625167        1.0438894901672555        1.0122551985333688       0.95716120260203852     
   8.9294773235227259E-003  0.79948154553749462        7.8617241009202449E-002  0.27726093004591257       0.26361778531636282       0.34996304720578597       0.30957582907700326       0.28521180939230328       0.83419039895543967       0.42368934318624274       0.38810028917170269       0.20646690967655129       0.28576043851138999     
  0.99300736899835074       0.89288904310036987       0.94366080018228327        1.1207402850187089       0.98078864682017075        1.0697550491478327        1.0266603073632077       0.93022068753747078       0.91509306166970172        1.0055867355130097        1.0792800184013458       0.90289145772752222       0.95960751416385381     
   9.9463442594572293E-003  0.80920324654163012        8.7111191933443244E-002  0.29450520193616514       0.27980371910286256       0.36116184991074829       0.32667687197257722       0.29676451606565840       0.83986273870395523       0.42979735640148864       0.40078175213371525       0.22258269911395778       0.29878822667469790     
   1.0032898302226940        1.0816792415574741        1.1718994429093383        1.2434577642778870        1.1160843871669586        1.1328869389857044       0.95000512900948775        1.1003655768266463        1.0003972372082897        1.0898747825952402        1.0751677639052721       0.96797695439525289       0.80618459620364114     
   1.1258130758965064E-002  0.81669272162921724        9.5629657161814957E-002  0.31182508798258202       0.29632087083610498       0.37129296015222280       0.34123555449029963       0.30884174325131969       0.84471457043037512       0.43666283740326545       0.41282791970664046       0.23815515235533216       0.31185052594033313     
   1.1052000607556356        1.0499787375931042        1.1097348444190243       0.99915237757305730        1.0006248615127127       0.97722931633193466        1.0542853246619623        1.0248045977766838        1.0297867829903085        1.1061882831722607        1.0611528487300212        1.1741709636394531        1.0372778359552088     
   1.2896683703104280E-002  0.82494035814778588       0.10395772547836718       0.32886872513093457       0.31257244110916615       0.38173201660960193       0.35663096626787666       0.32273829058765013       0.84949213051445482       0.44425901739576834       0.42357469484517335       0.25438148491296814       0.32499992405420641     
   1.0225289348811384        1.1669966147654667        1.0768244509652136       0.97631468007177635        1.1080706451108304       0.89957634621742288        1.1543433876254514       0.93520065494676885       0.93929937380112893       0.99489453153904261        1.1010301559237723       0.99549556677264250       0.96599261667243241     
   1.4685466028784856E-002  0.83318515287387152       0.11282799708527674       0.34528174372215892       0.32931493236699289       0.39296038285546903       0.36752321697327817       0.33685579439450369       0.85418467325773884       0.45171017659352297       0.43372809348552982       0.27088687369206627       0.33854180469400019     
   1.0528154532177934        1.1497775895488163        1.0673661027605825        1.2391989459201374       0.97145262316418524        1.0786566721909707       0.87123835421675155       0.89557521779430826       0.80609983804415553       0.98730907075819119       0.86734583877879434       0.91323000733562532        1.0705725998641360     
   1.6834769855816875E-002  0.84088998110768676       0.12116724860327069       0.36157645118882970       0.34700706078919125       0.40581852415389197       0.37842746915242365       0.35107860719075523       0.85978071775648746       0.45917209795158426       0.44491409677245891       0.28778359798060316       0.35170493738159481     
   1.1168230313362892        1.0537297428571117       0.89860013922272819       0.91340572406406917        1.0268866587848484        1.1420256166280442       0.89797339864742487        1.2328066231226436        1.1251461518868249        1.0835598159091810       0.94852367813908167        1.0957954928034754        1.1434049112125100     
   1.9213624936264627E-002  0.84837367956218823       0.13092497487979968       0.37896584112443571       0.36552810348838605       0.41899337525962954       0.39025301869784818       0.36492784355194585       0.86450860427845244       0.46631101071491060       0.45885056149543962       0.30485446813502237       0.36527426772830596     
   1.0345515855368332       0.82877707904138809        1.0267708751123346        1.1438530742925188       0.92510328180564116        1.1067035093191084       0.91857188679561375        1.0680323539940721       0.86078352863378049        1.1294621308132362        1.1254981695260353        1.0653995162313949        1.0784197167729561     
   2.1751666669273303E-002  0.85521329814788538       0.14066508890510251       0.39606571308642952       0.38399110762290445       0.43108697548879460       0.40446674153689260       0.37917459441017959       0.86915205819031571       0.47341001757568701       0.47239177548664524       0.31982870253607798       0.37774303473249032     
   1.1547653389703729       0.99139143222039239        1.0039054792931896        1.0943778604912930        1.5287936578806101        1.0401162782694424       0.83189998487960748        1.1575075108439241        1.0575448009423125        1.0304273024406863       0.84521487550237817       0.87714009461567410       0.86800497655499642     
   2.4586811501520638E-002  0.86161881313863009       0.15148939055878663       0.41186104615012609       0.40092144864179513       0.44262603521671118       0.41781962610951145       0.38974948712468210       0.87366328227901491       0.48024918982556564       0.48607891394877145       0.33360624634860631       0.39047526658519521     
  0.99032341402280821       0.97838234772419752        1.1375287841153161        1.0134684995354495        1.0846992073388499       0.96970899452559356        1.1349110018465915       0.99571335989509047       0.97456457908158478        1.0588879177638977        1.1394066044433275        1.1062709216653113       0.92223071425122649     
   2.7620280894081820E-002  0.86710769479736083       0.16293655207266133       0.42697378577154665       0.41669769634447174       0.45516059043704077       0.43011601230611329       0.40060095135972673       0.87775312900202207       0.48677476383031915       0.49895146172429516       0.34860192053328870       0.40344948542726539     
  0.89749942625565060        1.1181530929605901        1.0085857363808715        1.1113397621092087        1.0278976577572720        1.1716235976839557        1.0306717062703794       0.81513298659169209       0.99754551037127548        1.0208175674213811        1.1052508886345489       0.89399819605083819        1.0075915916398308     
   3.0563418829881079E-002  0.87224868630001307       0.17567278975581149       0.44281839986516930       0.43362125538869550       0.46835672877272982       0.44225976823113561       0.41361715823407802       0.88210048607728631       0.49318389822706976       0.51285347166508766       0.36433903610304985       0.41656961483236526     
  0.97572154229061148       0.96737834191090522        1.2883529677179826        1.0711077483435976       0.94325749441227880        1.3148304960285078        1.0955630516756116       0.90760975386678322        1.0562973889353811       0.96165584024994943       0.93494840405355406       0.96012448965738861        1.1208592582909227     
   3.3787913046695435E-002  0.87742766193831789       0.18865303232598876       0.45842289750236681       0.45128167972249100       0.48011191770048739       0.45378335378590606       0.42644850821644492       0.88665150454646202       0.49989202776319652       0.52650131205336104       0.38014622485206617       0.42944447297074656     
   1.0211886696780321        1.0460996431890732        1.0697441097873759        1.1166226865175031        1.0366719329178897        1.0557759796690047        1.1329588980095453        1.0005020643903837        1.4175102296898332       0.92791290888781319        1.1151737671182931       0.95683193859791960        1.0804119991498349     
   3.7336440899715759E-002  0.88283650991370155       0.20100069513854574       0.47560794837101206       0.47020604529016929       0.49079496826811636       0.46468669840296628       0.44198714594678185       0.89081840680433833       0.50701661236656093       0.54270113094568828       0.39285799256188109       0.44359354208202290     
   1.0011757106595758        1.0941672587692559        1.2066694322966875        1.0823951761569695        1.0216136581565189       0.93124299071217942       0.97760892672631738        1.1008547776770534        1.0723192566744217        1.3121806606012298        1.1096532449496008       0.86440859840229023       0.99688642108138714     
   4.1755233525542432E-002  0.88799294174455634       0.21387836546182334       0.49361490217721987       0.48847760413426961       0.50122926114745736       0.47517327650143115       0.45776088963995271       0.89460344761232391       0.51392970975976549       0.55916824767383067       0.40656963843938415       0.45818623597584734     
   1.0084929348743312        1.0222651052757465        1.0132001137193531        1.1266174163040827        1.0577746352855582       0.98094953139303198       0.90012362462557149        1.0288164640891959        1.1304277700879239        1.3309113795693404       0.89526639565195454        1.0319534481962707        1.0177611411550327     
   4.6803582209135698E-002  0.89266615524994775       0.22730829646828746       0.51114408931093258       0.50721025096706163       0.51189111576412083       0.48853111276711231       0.47323449903012738       0.89838114857167517       0.52106429231001905       0.57580328031353556       0.42148462980619800       0.47401107882612337     
   1.0076652321912669        1.0721869449126038        1.1056510863070890        1.1339723393863523        1.0941232655786330       0.97521961583938288        1.2114575205784650        1.2044836563221177       0.98575271029790501       0.94619896057334230        1.3048467477226078       0.87493986390992051       0.99233465292555034     
   5.2370459301493054E-002  0.89735537646547447       0.24138575773302576       0.52849270445411967       0.52450825627395681       0.52303978552886055       0.50355293634030529       0.48831824814986247       0.90242172652679897       0.52892909043704794       0.59383406726833865       0.43685557202553099       0.49061459568793403     
   1.0949610053872478       0.96427379457963647       0.90291235071562637        1.1828418524309907        1.1498895043760138       0.85258683347609343       0.85437559843362820        1.0674267965485904        1.2433420381411335        1.2472007777559837        1.1808540054281236        1.0029252027179809       0.96868389870209093     
   5.8670546190849243E-002  0.90213587670262640       0.25742573686350340       0.54305078419383856       0.53907798950500063       0.53459588333677643       0.51873324660612352       0.50368650980687435       0.90658914464604645       0.53666491477539768       0.61031092175981361       0.45074750724630785       0.50596346189820229     
  0.99388978003957884        1.1198825748892085       0.94808046247808497       0.94436870856250810       0.98839190894579665        1.0367728199044872       0.97112937688797007        1.0663225745292602       0.97293370995171979        1.0054874745424194       0.87245096669770184        1.1461082306995360        1.0823217625879797     
   6.5426612949579882E-002  0.90683388739487447       0.27421651899635885       0.55663900550433998       0.55524240235898503       0.54625792578217425       0.53545914586609100       0.52087616685874261       0.91073684029037416       0.54364508697074099       0.62557724514567381       0.46567130722010425       0.52114898551129207     
   1.2453627903333118        1.0078504564311623        1.0598859123346225        1.0690479993310911       0.94293527050243353       0.90702460384211259        1.0509725451201377        1.0945452070976556        1.0751047274424457        1.1130658256091430       0.96448011775023679        1.0302318298222379        1.0566633784386326     
   7.2528041705492929E-002  0.91143370308853355       0.28853663653693412       0.56981857714381312       0.57003720992586127       0.55880172256884897       0.54875764259950000       0.53808736149628200       0.91476142827391838       0.55032248663965155       0.64272834373336629       0.48117697852472219       0.53735450923159234     
  0.96939206703483627        1.0594281555461649        1.0583213082368579        1.1447742886570567        1.0633832280672437        1.1374551140413121       0.93222038680901320       0.90568784616917886        1.0651571611992157        1.1589907469062286       0.98011104185186859       0.96497754208832864        1.1407378619636677     
   7.9874200629738046E-002  0.91571220437675582       0.30354203292364507       0.58307556418327811       0.58559422041667597       0.57259884683242146       0.56261607712372708       0.55358567244154833       0.91856621974284336       0.55703710255209005       0.65914234838604902       0.49621159968932899       0.55539230425529296     
   1.0799017091071641       0.95876059736522201        1.0655050617419408       0.98229890529039088        1.0243546752167798        1.0914056619941854        1.1558433179746266        1.0422074190491448        1.0537177078074007        1.0543562390618109        1.0591517675648801        1.0106778450264979        1.1038429304579389     
   8.7514777270897487E-002  0.91983665838643625       0.31599572723767760       0.59736454370864400       0.60045546691650609       0.58613238766137321       0.57751284231145761       0.56905783570508284       0.92206730276875748       0.56451116715894256       0.67733738763428608       0.51204080738372881       0.57209848534540308     
   1.0769689727357339        1.0729512634092364       0.94453950405010567        1.0633238821565045        1.2101742535206446        1.0423759153211711       0.92603183407993006       0.96180700158134758        1.1287348738316303        1.0999963622936035        1.0416654404316037        1.0624593092371351        1.2662221691788076     
   9.5239193451048532E-002  0.92396749708052894       0.33063050840763497       0.61414036776342185       0.61430877165319875       0.59959975205029947       0.59330890099265843       0.58672678467560890       0.92531180217068520       0.57193142700395583       0.69526409357328989       0.52670988375066774       0.58749032624293662     
   1.0749023569138993        1.2313116051975970       0.87220449793921917        1.2167325146734287        1.0249878253422633        1.0300268134215400       0.84686892860519014       0.97230547818622470       0.92868757949080616        1.0550096649860763       0.92517771895893886        1.0176865903659609        1.1311426308862298     
  0.10340578101094672       0.92815829860708143       0.34683821264521425       0.63358404102291788       0.62895530878211048       0.61181074482053877       0.61079671070882557       0.60425415553729944       0.92866379614477246       0.57825358308201080       0.71144772062627371       0.54189716840457314       0.60360422345492826     
  0.88221846604948484        1.0471388698583215       0.95361112140737692        1.0005593033895932        1.0245537584396736       0.97730770932957944        1.1928710540067609       0.98253989851908130        1.0417533568714727        1.1103216216405003        1.1268384639259788        1.1800106104202914        1.2215346628656345     
  0.11254139798251631       0.93241502462799974       0.36510135897792328       0.65388979715004913       0.64479476982181672       0.62159330826715875       0.62877966935266882       0.62088701083166886       0.93205173007652686       0.58535470930136035       0.72580208707025695       0.55775199346780491       0.61907070633630212     
  0.93930229211588212        1.1664401273362552       0.96671923818151206        1.0452133112310817       0.92008647790029952       0.83797537318879978        1.0187911723376735        1.1346812942056346        1.2820528677942358        1.1297755597102750       0.94979488039966753       0.89680776496395109        1.1700880278574235     
  0.12355343364519544       0.93638956882441249       0.38439999723629731       0.67302378974331978       0.66057499679916631       0.63134177759161414       0.64679945103650260       0.63763742928804334       0.93528962632855850       0.59138969435772082       0.74095120469640785       0.57667402072341667       0.63466791005834389     
  0.93413220583887602        1.0857327315321490       0.96756307703238353        1.2072137965131902        1.0889524842784040       0.83322242803238877        1.1598857379731868        1.0681148000292258        1.2147205594239618        1.0076182303950016        1.1273832237457888        1.1460514114340639        1.0888120298318713     
  0.13695606148952261       0.93994494061929212       0.40370172268553239       0.69164624410879572       0.67460753614573166       0.64365565502773603       0.66473366741387541       0.65510132675216737       0.93840140169376496       0.59737306134631685       0.75642640526642690       0.59480497858722026       0.65136253154141399     
  0.98715757974532203        1.0968984365523553        1.0538069641496777       0.90866871052203169       0.91698733888211070       0.99235759166534976        1.2643804702625350       0.94232287776119739        1.1330329755152868        1.0297672388778243       0.85607236357624950        1.4452935154299533        1.0413379217567922     
  0.15107543900727738       0.94325171540145003       0.42221501204417000       0.71038321333169552       0.68747514366581830       0.65631396297047606       0.68233057352600168       0.67377780697709055       0.94152507412511688       0.60397753376343055       0.77193563949676047       0.61026696055413499       0.66937849958132711     
  0.90531577612611014        1.0592870586608574        1.2285212404895891        1.3857894003157400       0.99222654511791275       0.95270905425420072        1.0999937639904269        1.1117822654188063       0.91951053088374579        1.2194125848365189        1.1223227996972365        1.0666890971171461        1.0388346414151222     
  0.16632825720674499       0.94638939037251579       0.44138995758973520       0.72901996482233167       0.70032131341516801       0.66904410058204289       0.70047336720493925       0.69234508381364601       0.94446077912400428       0.61093991747851906       0.78764319498050450       0.62413854191251561       0.68902456132761192     
  0.83639259077588068        1.0826464661151414       0.90896874653440674        1.1828946978626622        1.1981203404065450        1.1802529906742409        1.0369159295837262        1.0429212502842109        1.0158014478847650       0.97265268238301172        1.1443678845801180        1.2174634736543688        1.0331199943975848     
  0.18325503671528268       0.94976406886004094       0.46134723160516700       0.74799913580364341       0.71478190735174241       0.68137673288888401       0.71861643714723467       0.71027753800692561       0.94710654499861269       0.61714246468912304       0.80364879843562065       0.64037874227174685       0.70762255688688280     
  0.94876002399790116        1.1271105502764405       0.96160838591552089        1.1730149009767814        1.0379310174739691        1.0275685436415880       0.99056208897724818        1.2026778706977281        1.0476131536181672        1.2232066919482205        1.0028974204604040        1.1263501807853962        1.1182936755611539     
  0.20303694175014877       0.95305927890787190       0.48203214998731181       0.76492273945241529       0.72892189510865812       0.69384082881800524       0.73657971510540943       0.72781998724166463       0.94968262905043910       0.62334439166792632       0.81957643723196960       0.65658251499098430       0.72601913537511653     
  0.89190649187709892        1.0262927258372090        1.0034891992860759       0.95128485421145847        1.0400858555047381       0.96627218077704480        1.1783427462109421        1.2517845012892488       0.88745297774081344        1.1269111101428380        1.0962774197836831        1.1835183429265741        1.1412306455806507     
  0.22710071528172243       0.95637017449609396       0.50242214239401328       0.78119204120726138       0.74319905760809268       0.70666973686777235       0.75449381241384028       0.74338766927191335       0.95224666874382236       0.62973666545599527       0.83500320475277590       0.67310284575320467       0.74456253570586961     
   1.0328148146513803       0.97361723334071903        1.1537261276534168        1.1304564292216186        1.0838856348191939       0.97206081340413508        1.1552771171858591       0.92853060993858183       0.94588987394585755        1.0989862125776393        1.1329602873966091        1.0994234718105989        1.0635453696732158     
  0.26672225184745579       0.95923635268733309       0.52511854269815794       0.79682734505761099       0.75973416267249716       0.71939621526756736       0.77180998951918967       0.75847932612922253       0.95486292525118033       0.63620021538484295       0.84997743269207837       0.69026818020544289       0.76372105644478050     
   1.0894460219536104        1.0575938790098522        1.0037650935521292        1.2129189037608228       0.97083090418826812        1.0635572173156762        1.0276735626241253        1.0055907369729467        1.1453593634863253        1.0667563212688176        1.1268735437279620        1.1711112877199183       0.96905748592712992     
  0.32687315357306485       0.96152557993214494       0.54950577006805257       0.81166092311344140       0.77542400870609696       0.73200223321062763       0.78925985360729733       0.77465550663466975       0.95782889084929768       0.64404607884449239       0.86429641553161451       0.70813173933213980       0.78251499106050904     
  0.91313107899176349        1.0864319798475546       0.86782354805819428        1.0692282484761757        1.0428916686993668        1.0158333118860823        1.0948011904429999        1.0799831279097489        1.1545015441282733        1.0181099523416828       0.92712544784339046        1.2000802393977796        1.2129614205056947     
  0.38984714432755574       0.96374550673710502       0.57678732862534576       0.82621559807757095       0.78968278651223300       0.74506232130144301       0.80559068848168969       0.79161130693782633       0.96063210765029150       0.65168581417330296       0.87757866649013161       0.72651606578485695       0.80132683655004633     
   1.0680405826816022       0.95773789282357857        1.1139755799054634       0.86644623383322761        1.0277283360301330        1.2133524330610725        1.5416886457044341        1.2762113652946514        1.1769940794857465       0.89397114262796817        1.0695058409566531       0.86037965789569615        1.2507145606940928     
  0.45092712230324161       0.96597355764284865       0.60702245412863609       0.84079477033862171       0.80970673721895614       0.75857622656563772       0.82191338273905357       0.80930186178254415       0.96344955828263434       0.65938074487053489       0.89018573807173251       0.74655032938085042       0.81942660406534518     
   1.0354384363954188        1.1366007439427024        1.1459412550521586        1.0066043043371757        1.2657767228971264       0.99874010803458824        1.1310865853927716       0.90117124108414426       0.82520025498614258       0.94565210831932112        1.1074851162334101        1.0919907467521197        1.1081487140731399     
  0.50788854365893021       0.96844631003897652       0.63889960528813838       0.85533527843185042       0.82872796651857017       0.77154404218181316       0.83895727687852939       0.82693087620656824       0.96618960342755156       0.66738784687045516       0.90314377722949257       0.76697276663579139       0.83622460000457710     
   1.1732069086794541       0.90838490549685991        1.0974263213313020       0.96787663866675100        1.0107781173898032        1.0667475983936021        1.0286427673808629        1.1917104297024517       0.90020719235620683        1.0424246884268256        1.1000805372318214        1.0813862860698207        1.2069892714531696     
  0.56310430752603879       0.97133626480128532       0.66771781313133172       0.87039692240645528       0.84881201243422333       0.78323399733531807       0.85562434802805953       0.84555743675589334       0.96878815207209679       0.67559875540611491       0.91623053053796322       0.78968978493891329       0.85263028770162341     
  0.91277508063501023        1.1138072668210603       0.91935489414749016        1.0507254045005467        1.2683235082872431       0.95230431651170155        1.0117761445569979        1.2583047580485116        1.5006051565916292        1.0860262863483661        1.0769313761884027        1.1501178423102609       0.92070592574169507     
  0.61493258146240637       0.97414657496375967       0.69629633137700542       0.88648453615034928       0.86975944065780442       0.79702062720413891       0.87209964737423296       0.86486579318289392       0.97158004252542429       0.68448694615632177       0.92789154982278332       0.81377139147045352       0.86870311547259604     
  0.99051937983315330        1.1195033585714593       0.98725981173842503        1.1602180348571218       0.99924730127079742        1.0804119991498349       0.99027787920279609        1.3356981981568423       0.93235352865396270        1.0798784993418549       0.84751920659539293       0.97063852319268196        1.1138521189799260     
  0.66100005109325433       0.97674091748876468       0.72833238159816260       0.90300663971666162       0.88954661681929426       0.81356902599545511       0.88891793133788954       0.88363432662070651       0.97443864754635001       0.69320921683417058       0.93854253499768892       0.83944594378695525       0.88417020853186201     
  0.84783472614828070        1.0836864176299144        1.1833446945683281       0.94004469513024558        1.2151455576055450        1.3332481759278783        1.2062334876240226        1.0670544151880363        1.0574574983296305        1.0220956523669626       0.93426805288847781        1.2138576080353085        1.3440190417950091     
  0.70592094405169714       0.97930161087060186       0.76436233226101669       0.91934750447076907       0.90562528391982811       0.83020720464471232       0.90622702048539505       0.90158735004555257       0.97751323200088058       0.70223082057011343       0.94819483185970421       0.86391176597625952       0.90063495717328934     
   1.0489021177227142        1.0297998198884701        1.0397177396242920        1.0116878044690301        1.2604602178407465        1.0540454674093092        1.1154034322915598        1.1868168442970712        1.3437074869586438       0.89634378795020186        1.2744133185100130       0.97850145773876251       0.94835110026887670     
  0.74867045827991086       0.98197155019469240       0.80303682891841077       0.93439365070568858       0.92134520646535090       0.84942866824785523       0.92149144138149952       0.91861513031581432       0.98042985010706463       0.71101349822481907       0.95743901922109320       0.88577185497279753       0.91798602636761129     
  0.95626019633046899        1.1152969335790714        1.0615264346953035       0.99062769881220014        1.0477581711120598        1.4012415338688640        1.0166602920064192        1.1245721602124481        1.1030241906683345       0.95031958093017543        1.1945602581416610        1.1834858646910678        1.0354845898096277     
  0.79007549248540010       0.98487798168363438       0.84099365093755851       0.94795779512172362       0.93557911493686574       0.86972289730695718       0.93735090566512513       0.93578180375950049       0.98315837095173741       0.72017892289543195       0.96680451753748997       0.90655116290982019       0.93555582901117951     
  0.85205600229505918        1.1427053534231553        1.2206250566836103       0.95369102680213258        1.0120055060978865        1.1406886578314992        1.0407470968058627        1.0786982604215241        1.0285064594280735        1.1005468139450785        1.2394874851640045        1.0923488366495031       0.96270933549059823     
  0.83143963702351531       0.98794638567742021       0.88020880537841550       0.95913928546506066       0.94870251617523005       0.89152453157336686       0.95306645958693481       0.95309209908031134       0.98595463451549603       0.73638996637452614       0.97492739461607136       0.92785139106152359       0.95232033401044491     
  0.94869070279437551        1.1181914540908402        1.1571941250124405       0.94740862106290913       0.99281900548215618        1.1695374851425711       0.99072309916509826        1.0008146117924239        1.0672015671928095        1.2213678026220880       0.90622177360021827        1.0221345492103018        1.1151317033832080     
  0.87600940781665371       0.99143825912392547       0.91838539685227905       0.97228989930164333       0.96410492624142030       0.91639046393565338       0.96864176891857401       0.96846597473937657       0.98918049839946542       0.75828414599846294       0.98308446983143005       0.95173148392337492       0.96827657137020551     
   1.1089743564871959        1.2628558029431145       0.88965868344133625       0.92793646548378295        1.1576588060085589        1.2182035327723204       0.96322655060562967       0.97090631417413453       0.90210931193745125        1.2716322605128534        1.0969053249715026       0.99567592639109137        1.0947178520966379     
  0.92990770229633068       0.99566999822019220       0.95740135946294735       0.98562301466042079       0.98233109476040603       0.95220886197832810       0.98443347005615767       0.98498939368767569       0.99420514915158842       0.81121842991549176       0.99145464995004240       0.97660436000751238       0.98456590065466054     
  0.99668980747540958        1.1631092920742598       0.83841520396230151        1.0074911673959643        1.1174033360519422        1.3668060451797333        1.2375917791192148        1.0446454913716541        1.3718137116074649        1.2414031994144481        1.3065917822620057        1.1380918347482385       0.95888013293214058     
   1.0000000000000000        1.0000000000000000        1.0000000000000000        1.0000000000000000        1.0000000000000000        1.0000000000000000        1.0000000000000000        1.0000000000000000        1.0000000000000000        1.0000000000000000        1.0000000000000000        1.0000000000000000        1.0000000000000000     
   1.0025966352387168        1.4730082357149568       0.89342764796406715        1.2402738766603734        1.1620262200674443        1.0555341814576695        1.0834898937576987       0.99673381234719016       0.96574063956492739       0.92070592574169507       0.99421393973220051        1.0108982608256802        1.0577412776129207     
   5.0232450791070296        21.043200710249653        11.752574798753832        1.4629651964955652        7.3112373801847337        8.3121835684829151        6.2705905789546161        7.5968823141919266        0.0000000000000000        4.4227027250757507        7.2633392142879281        5.2509900895701884        2.6812373193291665     
   6.5270412257632051        4.2813186647377819        9.1170964413880817        10.991055467416620        5.3169347738173292        4.6682340961542472        10.199570182253790        5.1347740024796407        0.0000000000000000        5.0095411132243362        3.6141791452252496        4.3904399757058910        10.330459386902648     
   5.5602210212714329        4.4554561979721692        7.0524635773790196        9.9376015682835988        7.6394289147657117        8.5464865197861108        5.1816015959801804        4.1510406296491213        0.0000000000000000        9.0994637248889649        7.9688144394237606       -4.7904365643141666        6.7584959493240024     
   5.3993561630662450        10.604219983810356        7.3409922668571612        6.5404004994798663        3.5907648811742297        7.6908061366532836        8.0021077207585929        8.2038689860745997        7.1868463621671088        7.4826471332461892        1.9476050985224935        8.7218174911075010        7.8411090291079280     
   3.3436779039332531        6.6662979192413934        5.9575184403630805        7.5051114799229746        10.824518251420399        6.5911454361481798       0.56466795562140171       -3.1257578451215369        6.1401760130277268        7.6650469687460259        6.8789045587323931        11.636527513937130      -0.21938066738589121     
   7.3070097442787381       -2.5488093882424092        2.8789976632463481        6.2808369328200255       -3.6378309419078994        1.8126148518443452        8.9733700799533835        9.1479070107012763        5.0933229572336014        8.5095799448654086E-002  -1.7111612644273639        8.3685783967628744        5.2467229030665292     
   8.6201799539696289        9.6891168825589400        3.3163023389313548        5.8066802560333182        9.6528802244964957        5.8144274359134194        3.0600534088820530        7.4649878156036262        8.4871311401338989        6.7568389082513542        8.0990934834405692        2.5760212099741184        7.8911039190811296     
   3.1656774728794490        6.6559125112142770       -10.549703486915304        7.2370451571240668E-002   5.9467503608235717        6.8979972320441441        7.1518120358458326        8.6253033997313793        3.4236781161892451        3.0557544952254476        10.588195708802818        6.9897962413128578        7.1044295645640716     
   4.8661898206662127E-002
           1           1           1           1           1           1           1           1           1           1           1           1           1
   2.0877551001832240E-002   6.8780736407380548E-003   5.5302659652776645E-006   5.8589255425260083        1.3305536099368580E-004   2.5453039453684307E-007
   4.8150930830865495E-004   4.0397027848685784E-004   1.6946461055946185E-005  0.34040745353785901        1.6940714548971750E-005   3.7674796186210101E-008
   5.0000000000000001E-003   6.5216121051958522     
