   0.0000000000000000        0.0000000000000000        0.0000000000000000        0.0000000000000000        0.0000000000000000        0.0000000000000000        0.0000000000000000        0.0000000000000000        0.0000000000000000        0.0000000000000000        0.0000000000000000        0.0000000000000000        0.0000000000000000     
   4.1748128560591076E-004   9.1844441202300568E-003   9.3902204327028383E-003   1.4747991883807370E-002   2.2661089902393954E-002   1.5961488869957470E-002   9.7584091246826193E-003   1.3815242478314001E-002  0.29069356836895310       0.18392474934266623        1.2880048720787653E-002   1.7197162532871273E-002   1.5893996688546793E-002
   1.4979849267793219        1.1445468865595150        1.0144095849820929        1.0921749458595496        1.1000311661211186        1.2650514071633587        1.3230033643446180        1.3168334505010324        1.0716968653960226       0.89274195562800829        1.9467393801146775        1.4645380430547303        1.2804423823489790     
   8.5153713835565471E-004   1.9029046719360686E-002   1.9205559223942063E-002   3.0331979108183867E-002   4.5702647787289490E-002   3.2339451415234748E-002   1.9213637607843788E-002   2.7370751425684844E-002  0.41872244492919103       0.29907735713648653        2.7519427879926908E-002   3.3333787271645279E-002   3.0381502119789388E-002
   1.6081926077288560        1.1608884668789723        1.1002985044268792        1.2451333192586937        1.3515967956030899        1.0671788007873508        1.4232103476258444        1.1353599249963942        1.2524174551425280        1.7420815912042902        1.3124009699820061        1.2592291243372495        1.1848340713322580     
   1.2873706386565479E-003   3.0812650306470565E-002   2.8380717615252855E-002   4.4871600394039729E-002   6.4774791112996694E-002   4.6450138318613915E-002   2.8417080158019963E-002   4.0771873118205106E-002  0.46791585669465863       0.33262913773908764        5.8430564159282744E-002   4.6971479149596165E-002   4.4943256945891699E-002
   1.7124752934161609        1.0776411735850999        1.0834499206752741        1.1780231051434704        1.0320952807461969        1.1878145858551870        1.2712280759357291        1.1783443188682821        1.2334655458853261        1.1900519390351496        1.0978940990609889        1.1810108982167631        1.3629232521285204     
   1.7448978349867211E-003   4.4398116498148482E-002   3.7656533703733702E-002   6.1044268312560782E-002   8.3125686808996027E-002   6.0283334847498080E-002   3.7192641662589218E-002   5.4037581630178674E-002  0.50127186604885721       0.36203599856278484        9.0892772284907317E-002   6.0117721879879321E-002   5.8740132467568387E-002
   1.5885149894581700        1.0393250730274959        1.1388353726499068        1.2293141103774223        1.0104750078054658        1.1067016480376368        1.1500228961822669        1.0607153937276199        1.1963583350142692        1.1399657940905008       0.94314459164735842        1.5666589204949859        1.2707520012397002     
   2.2525102073020914E-003   5.9467337503984766E-002   4.7188137786454060E-002   7.7950027563783317E-002  0.10250391321819712        7.1659653161246561E-002   4.4438794544243709E-002   6.7450747600819982E-002  0.52846435797251357       0.38053466445888684       0.12496184271844588        7.1486888123578327E-002   7.2260590786786150E-002
   1.6826109706921655        1.0682199613798635        1.1864060801477512        1.2756149860938026        1.0669742982176917        1.0072282477209156        1.1542234080352376        1.0644022801270692        1.2095208527629129        1.0809501640606665        1.1760818414003440        1.2069621036002876        1.3822271571096558     
   2.7658519297139939E-003   7.5550192481971493E-002   5.6764495568453907E-002   9.4430510970840043E-002  0.12246408407350408        8.3670681691101589E-002   5.1185426596796930E-002   8.2815702173011985E-002  0.54836950838078935       0.39834046323711153       0.15622965792254404        8.0869750818807248E-002   8.5651611081554224E-002
   1.3504040374185040        1.2181140457508792        1.1135978049224244        1.2723927675376605        1.3805155508155795        1.1794374828314749        1.1672007743724444        1.0961756835172314        1.1590696148229140        1.2795699493608534        1.0542495765502855        1.1419951069663621       0.98142592784302141     
   3.2823447652368439E-003   9.2036950668095613E-002   6.7520109840022449E-002  0.11211273514013195       0.14220594926413310        9.7003739540172496E-002   5.9025006088191598E-002  0.10001722722707732       0.56515708733680126       0.41388468751615809       0.17905147525536724        9.0877083441299369E-002  0.10042584579074991     
   1.2514972174996462        1.1956501058975355        1.1365721631181054        1.1192912337776735        1.1247970915045236        1.3228603335306230        1.2592763557069004        1.3076275151530368        1.0181724062733721       0.94845939403221735        1.2298971876968030        1.1177088563786528        1.0983477308898817     
   4.0754974515761280E-003  0.10876185803729313        7.9454466244765959E-002  0.12977375372686470       0.16158819404234823       0.10883104084630602        6.7557298281973724E-002  0.11686653459008527       0.58030782962282590       0.42877062573326402       0.20196228614539899       0.10207273218597100       0.11486575008969052     
   1.6737773625232326        1.0580924469539703        1.2042957174095998        1.1629314597548044        1.0099521856258593        1.0048818516808873        1.3364934772706518        1.2639850809139199        1.2546567009791088        1.0696385826453301        1.1799976739767906        1.1195076218973499        1.1910520126249251     
   4.8772478967974179E-003  0.12452336993778232        9.0667225706277055E-002  0.14638183502721916       0.18054768971318946       0.12081526894232979        7.6633955801876277E-002  0.13426259476544841       0.59387993643981585       0.44244619047341405       0.22030931765336234       0.11472998291590028       0.12930138961327675     
   1.4216540682374148        1.1645339029868027        1.2121367734562065        1.1444919164929377        1.1442532992254384        1.0350359111147691        1.3469297975760066        1.2097780803654830        1.2254274244964896        1.1220568147945365        1.1905198736413818        1.4156403806769184        1.3965756093710016     
   5.7630901227082891E-003  0.13973435260415629       0.10053315931397749       0.16216107820948103       0.19891372863144621       0.13398649787980729        8.6214010432669630E-002  0.15121611310825364       0.60679659108768558       0.45503714087731184       0.23834709634927398       0.12829470148299837       0.14459126404428302     
   1.2450251632792473        1.0414599409116081       0.97546670969307003        1.0097010272985245        1.2252983899308032        1.0604536786286798        1.4182415213055644        1.0182204374405990        1.1773775007648970       0.98182157799812453        1.2353481777252704        1.2193982217385180        1.2045450455186542     
   6.7639411790982812E-003  0.15465372506779615       0.11061570040146117       0.17704175606302081       0.21776451461559940       0.14825801138727718        9.5867051374269638E-002  0.16873918056314602       0.61761852357522273       0.46613797132636814       0.25393380474547977       0.14277181238716624       0.16006060872013211     
   1.2035995168160132        1.1864402824540949        1.4727523851291777        1.1047866681162348        1.1651507635014329        1.0776569265532840        1.0711413952343505        1.2421450230868971        1.0820020317445398        1.1443738522881179        1.0245750395534943        1.1393959023963116        1.2745771020099483     
   7.8566116927935772E-003  0.17031115113785447       0.12075587394708064       0.19203147341580160       0.23643409935358750       0.16312274535475979       0.10537584976319476       0.18633690461044902       0.62737424184004953       0.47751708439841928       0.26951368128670677       0.15730279961031757       0.17590168391887670     
   1.2981973873972110        1.3080735994020098        1.1102335894280300        1.0638852045352025        1.2153867274411785        1.0884010495479721        1.2301366136738257        1.2273291502007329        1.2314228346394427        1.2437402147774947        1.1835965304999720        1.3433960592220600        1.3328094103199022     
   9.0710425927658083E-003  0.18655891336952732       0.13122520868384810       0.20633257635220603       0.25260214457060348       0.17940523222889332       0.11473722577856423       0.20479714202853683       0.63543054032359858       0.48917049559594838       0.28292396804479980       0.17217693521693259       0.19171476076683189     
   1.2093772895358446        1.2310997732042785        1.2388373717490628        1.1576243394827224        1.3944287946176022        1.1854604313934374        1.2987587016777418        1.3408107853080189        1.2096419778365184        1.0683573074700605        1.2978293988695002        1.1355574619379616        1.0817011554977711     
   1.0539445238835309E-002  0.20330144438413819       0.14159903136125493       0.22068443176160363       0.26827237719413605       0.19628764904539900       0.12374414735178745       0.22386383565152029       0.64428238706942420       0.49992762782471489       0.29561141488614257       0.18750302524764573       0.20863223881146784     
   1.1518041377583581        1.3660611432354413        1.2062037659555300        1.0223151292799468        1.0401097713965017        1.2351366109114477        1.3535667073732347        1.2000604212618344       0.91143080039347923        1.3479165865810183        1.2457524987442559        1.1288494981493393        1.2837823427908208     
   1.2103321431926148E-002  0.22063096765587223       0.15316802306811572       0.23583006278326452       0.28316085362305576       0.21252759895410478       0.13269707078319209       0.24260663511146657       0.65315643649716992       0.50969249697970698       0.30951426625592343       0.20308666357700789       0.22567958162455601     
   1.4078239227742935        1.1979456032964881        1.1864886174831273        1.1169852853663917        1.3922299121468513        1.1734419847598139        1.0936523397763571       0.99757822247933603        1.2190910832477080        1.1274645285422948        1.3123073012426034        1.1510142881294465        1.1459065978499932     
   1.3887428311690608E-002  0.23772213109395920       0.16440651039845458       0.25184502830762229       0.29871384507984777       0.22829087961196048       0.14252396098084072       0.26096862516387481       0.66205417382853426       0.51848465795751775       0.32348787423417036       0.21819115897741412       0.24479278506678420     
   1.0473690561300115        1.2269538696900562        1.2818892342007242        1.3445430689369893        1.1452992223273912        1.0289354777208737        1.1069529769696900        1.5398825995488004        1.0475080570283446        1.1134708206304362        1.3023839823028209        1.2441596460682340        1.2758611135999753     
   1.5627812961660700E-002  0.25507854262974067       0.17771292013459730       0.26464249294727593       0.31521903105840821       0.24463903113567229       0.15328104446098473       0.27893543911375146       0.67055120440141447       0.52650190414598497       0.33655988533728365       0.23283107046768867       0.26475118303194545     
   1.4049841271632304        1.3360657340323743        1.1774137280709909        1.1581747186641542        1.2725587263284250        1.0470712699890912        1.1962244459769882        1.3954720722676588        1.0866774721031665        1.0706000907442850        1.2248863611862622        1.1644091457089512        1.1492196532949321     
   1.7476085729741901E-002  0.27096704785645875       0.19139879453097550       0.27688549568707654       0.33059239711638144       0.26208830100159936       0.16424714364977280       0.29691670993183816       0.67989839023099163       0.53491094479846168       0.34881581611024914       0.24859488666121732       0.28339171185433149     
   1.1423852951933924        1.3251073529917174        1.1393493996741590        1.0198277647141138        1.0727613279194055        1.3115546254834425        1.3818423469412451        1.3112354237657264        1.1794326461061380        1.2655347014760499        1.2220382445049769        1.2692810966330976        1.2499998025651435     
   1.9369126228841987E-002  0.28598923755473443       0.20419349437723677       0.28810445419853348       0.34525265242276426       0.27918975807897728       0.17534279618998599       0.31499953412126480       0.69032241333512201       0.54434395903551569       0.36041985501564150       0.26250389700927862       0.30081969764149696     
  0.99175488741889983        1.1900561193090295        1.1827139116879550        1.1289969669713453        1.0563974085066690        1.3175698727910177        1.1439583435596099        1.2699347832626278        1.0644987796132666        1.1948025575156171        1.1667175534140197        1.2458186710598043        1.2792542790827153     
   2.1756070679162728E-002  0.30047406370475743       0.21617319938562810       0.29953884767648392       0.35987200084478710       0.29536569343696767       0.18572746043811986       0.33219477971591821       0.70050320662547427       0.55371392504093309       0.37193281195724137       0.27636900085248095       0.31824075053754419     
   1.2077277234154100        1.1723504742313076        1.1554946757668894        1.1275821422009458        1.1841575056475695        1.2174290147414970        1.0570516134061034        1.2205602688048853        1.1600207076310132        1.4199739959086932        1.2336453854172829        1.2099908875879710        1.1890258182834175     
   2.4419657859063134E-002  0.31517156144141278       0.22835004602997996       0.31329559074606517       0.37422190176621067       0.31097890809349094       0.19518584494306190       0.34927862917884389       0.70982147243660043       0.56199844423367895       0.38482232646757203       0.28985727527178679       0.33625052162807662     
   1.3957882595305264        1.1211886753422551        1.1986338828799765        1.1765962965068526        1.2602494346264623        1.0658714850964346        1.1084213990873582        1.3009026834985413        1.1136439912351777        1.0841391358777486        1.1706660558833677        1.0714738463803646        1.1500816138097207     
   2.8015173692114152E-002  0.33178362452930737       0.24113644307454155       0.32829223835565313       0.38688696378694343       0.32817034816092916       0.20498239039114557       0.36598370648827844       0.71863621623594631       0.57011603441217140       0.39910840522050806       0.30387855851841572       0.35397413750930740     
   1.1338316322342432        1.4423893435199118        1.1811311583894375        1.3311001647090934        1.0765016436622916        1.3420883542637851        1.0280868762292106        1.1615568649281722        1.1344733232333977        1.0017846229359071        1.2727428872924733        1.1237997694075503        1.2296996125969677     
   3.2127771157618473E-002  0.35042961587085558       0.25438888126463061       0.34531034939535621       0.39873508121609280       0.34688124099275031       0.21444009573972495       0.38182887007734895       0.72740611146016632       0.57881694612210011       0.41305717543548143       0.31981868206408071       0.37060493254534027     
  0.92041368444029237        1.1678858780530312        1.2830305172664831        1.1885895323646061        1.1057734480559160        1.3700677060849134        1.2358111768126816        1.0534082959925559        1.0926981283112687        1.1717809916660860        1.5086194265828696        1.1322382093781926        1.1216870516095390     
   3.5747338339066632E-002  0.36921161411551195       0.26795495887531307       0.36183946497423830       0.41548841215713839       0.36528801431954810       0.22413965292666424       0.39720533018653947       0.73620378966772082       0.58739419583040209       0.42596120111298996       0.33511783548965435       0.38664926440662184     
   1.0012469590689161        1.3431196779717085        1.2279434417057313        1.0000598668809060        1.0841567190566181        1.2660203912791985        1.1049701844757578        1.1276164270584279        1.2456833593381129        1.2485111022492823        1.2614590128874392        1.2422771980190230        1.3596509776733803     
   3.9499994565923929E-002  0.38488629321249634       0.28122207279939831       0.37863615617391716       0.43007779812035207       0.38427029570265470       0.23359927971513131       0.41240620929679800       0.74484274424402797       0.59547788131260837       0.43881813051650487       0.35177970619849874       0.40192518188320120     
   1.1697024082967893        1.1709394910491628        1.0956620385516127        1.2759121927968184        1.2277619680840239        1.2283090443447069        1.0225240433534402        1.3326831067760514        1.1746804727961759        1.0167205041894225        1.2517020332461446        1.2707095472968375        1.0560331095007391     
   4.3956707547950225E-002  0.40056093151025596       0.29463674580340476       0.39474283802338034       0.44438638536742381       0.40087940376755116       0.24307010583265415       0.42734053302283659       0.75327904039000326       0.60341004430206147       0.45184319359623648       0.36836934018510592       0.41697648264153042     
   1.0992038873200776        1.1935384785388061        1.0413892504559543        1.2827183707494858        1.1586766984504993        1.2494941558458001        1.2240888452057537        1.2073957909138244        1.2640332861543162        1.2050714994972029        1.0839806547338544        1.1985163198581470       0.96097905812593043     
   4.8667238532789148E-002  0.41478839667889228       0.30834169111164961       0.41092833094762610       0.45875729261433101       0.41634783901491174       0.25261270881770520       0.44234535610621623       0.76169743452992134       0.61114173189876153       0.46600240279068877       0.38572779042080813       0.43276147587108671     
  0.99415549237710688       0.94454844185109743        1.1041207220811886        1.2181836597624984        1.1990758705736031        1.1915537027977350        1.0230795697967063        1.2181661649059641        1.2536836063909547        1.0044483929514496        1.1581391877573393        1.2636766741576180        1.2425648677218368     
   5.3856504967160386E-002  0.42988054595632963       0.32328392441252590       0.42497225188827148       0.47199044723355976       0.43186711160963837       0.26188435229818685       0.45801656352676801       0.76969848895612880       0.61852820611235171       0.48126190935970020       0.40295868013427161       0.44894852469226654     
   1.2505695618346220        1.0332567923086486        1.0446603368977103       0.96977292364268641        1.2347432201526123        1.3370553186717045        1.1249846450501066        1.2742721872224920        1.2948002050911431        1.2513708228899261        1.1460771591331473        1.1123605219616552        1.2997500063151561     
   5.9518855948149971E-002  0.44737047566109217       0.33751772401630681       0.43885633497957144       0.48464788748482412       0.44780441583697117       0.27367626508519033       0.47483017688261514       0.77766229712814194       0.62554529014460514       0.49632735584503801       0.41967927881866673       0.46460150388249083     
   1.0351008092155374        1.3270777499251964        1.0761376683643711        1.0841365727682348        1.2821770123317442        1.1709717849277923        1.0916706934138483        1.2199156794922850        1.2953104081708247        1.1623617995136317        1.0450510654793921        1.2596112567776498        1.1273068089130345     
   6.6084726223876733E-002  0.46565491015051924       0.35193010006248421       0.45282171713692598       0.49593119137257979       0.46441801837819519       0.28615383920639992       0.49201033542526390       0.78510175469369659       0.63260361660608444       0.51237718955718348       0.43651122002810200       0.48027968034358304     
  0.94782082863186290        1.1797026078810484        1.1311715096094419        1.1233359219632648        1.1003354008971002        1.3484974457130203        1.0945292425089281        1.3549172202797244        1.1731521946876253        1.2267802436874407        1.2679300336869768        1.2245711973719651        1.2519000132751090     
   7.4032195182998792E-002  0.48292806868851701       0.36775691606703076       0.46787715657391676       0.50635289492499636       0.48166409053917952       0.29909950707668431       0.50833302377627476       0.79168561473490373       0.63945992725192502       0.52807703943986695       0.45228339386912808       0.49643223614969062     
   1.0116116321178208        1.1197034696622026        1.2258007879153079        1.2476631462089465       0.95009731821647436        1.2822633025477495        1.1749926099768520        1.0839336973958951        1.1091317914670098        1.0213942227690951        1.1509580851912269        1.1179610298388771        1.1703481419421102     
   8.3136481208986354E-002  0.49945897290567021       0.38334969665591073       0.48667075867046738       0.51862786984695552       0.49891357201626435       0.31185411520152628       0.52434417189729920       0.79715684434691803       0.64609183009254711       0.54312276776420354       0.46666583699368658       0.51395501035480551     
   1.0410928497748204        1.2203862944305470        1.2686736951807724        1.2244308287071011        1.0455463815087762        1.1863637500476572        1.0680427184372723        1.2356603084324955        1.1022245878111616        1.0140268610691101       0.99685237197955956        1.2043449227361473        1.1687151518997698     
   9.2830588628533675E-002  0.51416915423021692       0.40043022045726723       0.50536419882500849       0.53223604260613844       0.51627288095688528       0.32552014095720888       0.54074357505928194       0.80260968485392281       0.65284446563604381       0.56020250443230890       0.48160019967470896       0.53217711915971555     
   1.1417750396343425        1.1758033140676749        1.2954451395644657        1.4166698806394007        1.1444856865709059        1.0790243350734627       0.97805992257705987        1.2103974669145190        1.0480276337183645        1.2147895591483413        1.0737135875368300        1.1086794722154854        1.1969743132959187     
  0.10326638915412306       0.52846688980741507       0.41683677687931125       0.52190527326236136       0.54615909166110865       0.53399473233270367       0.33874706820048062       0.55716158577441821       0.80824844114213490       0.65907762496244626       0.57772959545584834       0.49627229144693608       0.54857940283249340     
   1.0701870939688911       0.99831473806480897        1.0427565843115800        1.2166952908796027        1.1278212724728078        1.4190940142927637        1.2537599949484868        1.1793786855106778        1.1102585777503440        1.0368676925264815        1.2424155041362424        1.1187075355091132        1.1490741839927050     
  0.11461884219015051       0.54386212307709947       0.43233719126045700       0.53890571789336172       0.56077185423411813       0.55014347834095600       0.35193399448583063       0.57388890615735000       0.81422061933291479       0.66524761553812073       0.59449506217083181       0.51108194314569877       0.56456164168671952     
   1.3131639152361192        1.1546997270173434        1.2362406153739094        1.1592855076192741        1.2698337935862622        1.0711544138584117        1.1972652817933247        1.2495124360145682        1.1300494188805819        1.2249480548945895        1.0479357034939241        1.0683684579587645        1.0327365136246653     
  0.12835899412934187       0.55897825485983654       0.44751160575654569       0.55469172396464417       0.57563031416328925       0.56691876979456501       0.36525662979294082       0.58977650302859697       0.82069351288692383       0.67117465080414629       0.61154141649367477       0.52664379105818382       0.58062264885527837     
   1.1819819777926537        1.0817642865146035        1.1187107273343211        1.1064436815907497        1.1610690004758766        1.0918806313690679        1.0732821080702972        1.0461483897176349        1.2879515429991353        1.1108397598901016        1.1872672813564948        1.4214596630905740        1.1616049954981300     
  0.14403239266980083       0.57577390828578623       0.46544943784894910       0.56991308359170334       0.58986012095565088       0.58326815305413715       0.37895359131818074       0.60526867324536615       0.82740428348770934       0.67708272981540996       0.62821980142702549       0.54232230084500432       0.59609661183522045     
   1.0731058073547353        1.2813892823187338        1.4530746350859938        1.1839026483451300        1.2673563164250619        1.3389554467028721        1.1805856766503793        1.2488457232264978        1.0431570720257843        1.2808299806708907        1.1375074759767705        1.1758640185985516        1.0446587829561913     
  0.16202804917268229       0.59026738755888497       0.48321639362190444       0.58528022251232825       0.60351383270220782       0.59978546874066418       0.39331411140579564       0.62079534267409309       0.83446247610792168       0.68348324718894737       0.64518504391337672       0.55822475933840676       0.61430270912465423     
  0.94163392984830663        1.0906112627308377        1.1599086769754783        1.4550049259224274        1.1377407194143929        1.1736980098295984        1.1600358074779076        1.0537736527524610        1.3704767365120556        1.2188048455255200        1.0888827044553246        1.2364632093213361        1.2911533409276545     
  0.18152277779503481       0.60395955769726561       0.50114154087670204       0.60075396361709321       0.61728391970275254       0.61578267873709136       0.40857286292176381       0.63542768322692900       0.84199533379200320       0.69045166586001494       0.66231340886847234       0.57274066357595887       0.63202782821462244     
   1.1253174917931867        1.1827615155904048        1.0787914140839925        1.0814717210784250        1.2807798612264494        1.1420000213404398        1.2061999642455561        1.2062493776040004        1.2882297987492595        1.3284999751099591        1.0466801190075823        1.3225972476224559        1.3078729910859086     
  0.20181973864986899       0.62045489402493592       0.51904776202459513       0.61596999867056235       0.63081035807358465       0.63081340309303213       0.42409445325435535       0.64899664532204826       0.84931912563625878       0.69769648869365775       0.68017774946767118       0.58690202294952154       0.65191211767288659     
   1.0422135889854682        1.2095501012909633        1.1797831740028277        1.0036509018596447        1.1684418493875655        1.3662431330553646        1.0351833418463880        1.1126380364593051        1.6375364948998137        1.2337369523589836        1.2033840889798315        1.2025866150758813        1.1111239398201185     
  0.22457178656364343       0.63630654288820188       0.53673119602477004       0.63019694661551018       0.64434633411288800       0.64475485273642097       0.43970205875895879       0.66227190269197933       0.85573327086653972       0.70478649498629198       0.69773231453784723       0.60108883423955428       0.66972217063522943     
   1.0308440950578726        1.2226583799298396        1.1218173575852768        1.3661973104234451        1.2010650351036112        1.1455872386956014        1.1907938888719696        1.1726707262770890        1.0990025657581377        1.2971647869286538        1.2232655403057744        1.3566527257697958        1.2249278579490148     
  0.27021186603243758       0.65405915508825196       0.55383801079754325       0.64570377185963967       0.65794157336037307       0.65907694292105945       0.45544951176155674       0.67504965075262779       0.86209023565052045       0.71130858199863667       0.71389815238725840       0.61555175393778883       0.68855644363409552     
   1.1404269940268228        1.2783292967902600        1.1430036959346006        1.2117397151397009        1.2870751970006873        1.1375514944712091        1.1273556847647510        1.0733447052167961        1.1297623996259782        1.1242413803328293        1.2302272377786467        1.1176185157424652        1.0937860311110685     
  0.32846398777444341       0.67236791229291282       0.57172086819717050       0.66359622809560881       0.67181980103080274       0.67431967359771816       0.47053953396385201       0.68766634230792467       0.86773275752729151       0.71762237235194337       0.73134285427662715       0.62938475757555279       0.70728154005366228     
   1.1084117444792179        1.1479453262398203        1.2855739346595421        1.2110977119156066        1.1044476745261711        1.1180545368424499        1.0870933604442226        1.0501562111412373        1.1198293381411997        1.0552140997831509        1.1562423241831257        1.0734759625944474        1.2498984908979203     
  0.39800868356487135       0.68979907729806100       0.59004612654245314       0.68073458377654306       0.68571078342022551       0.68897274568175426       0.48516073876564419       0.70264757263950883       0.87358855478956199       0.72391183568309447       0.74757852207947817       0.64338288942529698       0.72551836852375740     
   1.1635513103924102        1.0921724767179062        1.2712800531125021        1.2237124555730603        1.3084061069620094        1.2357277255353629        1.2409531601670474        1.2056296903072339        1.1257851126993095        1.1722665709372166        1.2506909300139319        1.2354258384643226        1.2060049972158382     
  0.46086266116806157       0.70734064282706299       0.60989455371037160       0.69537479530552715       0.69936539682927867       0.70326931631238199       0.50070507591344593       0.71986395900216438       0.87896373661877936       0.72997497146409696       0.76364245804836273       0.65775139598422883       0.74302516595457369     
   1.2113679459259103        1.2226761979519489        1.0945767853768462        1.1900637794777447        1.2060925293718494        1.1328545377426256        1.0997741060021509        1.0527909385046712        1.1502762499764281        1.1676283596443597        1.0147179895918170        1.0490781124154256        1.3276227985423190     
  0.51627542653164760       0.72301893656398319       0.62933933825802246       0.71138957021030613       0.71406641754915468       0.71794594380967236       0.51696476150588433       0.73519562344708167       0.88394875239836623       0.73594345414435036       0.77860042784673933       0.67223370828479190       0.75925356849749492     
   1.2447957978130542        1.2740922271088821        1.2675469300528521        1.1430719295099097        1.3998076876121388       0.96694010528309771        1.0431020315399140        1.1395737692037113        1.1452383272430495        1.2950046844284577        1.0804409405322675        1.1435961438644553       0.96987947918017492     
  0.56620257485651260       0.74065373898281428       0.64829370745870007       0.72566421618765853       0.72914520371120617       0.73280527903661619       0.53422583757711617       0.74944498809624516       0.88939743484504785       0.74157119661558757       0.79294116865918196       0.68667209380576755       0.77539211469357217     
   1.1095862815039326        1.2957659504001702        1.1874014218777051        1.1320142640357200        1.1637112620166064        1.1435096585134565        1.1771545059967246        1.2242014187978072        1.2275401701234137        1.2271475591521823        1.0896623560528718        1.2014474677789135        1.2631361195230586     
  0.60705253959674321       0.75480778519768676       0.66843438613764428       0.74020834915217326       0.74234135930349565       0.74703857472814961       0.55063424919385662       0.76490031917141899       0.89457990719577818       0.74719119688488655       0.80681330674928420       0.70142625051874230       0.79132133903008328     
  0.96476035109909553        1.2023235995336734        1.4681596247964390        1.1449770919386293        1.3206803762544115        1.0861895037994613        1.1834676279948106        1.2518445225139208        1.1440282514173246        1.1090556850637567        1.0052486894281389        1.0137739115537225        1.1602221941487620     
  0.64866131008878480       0.76898827447811091       0.68769060378514624       0.75553445906842687       0.75547412041698880       0.76066443430136621       0.56682029624620245       0.78011119570515697       0.89990119399238266       0.75283426116758811       0.81936978982728381       0.71722940003174729       0.80535559292369696     
   1.1410996726172111        1.3090346581403529        1.2654071477070901        1.1657174219058375        1.1571736437198414        1.3345318409396567        1.0111929548998062       0.98417759601952948        1.1169002681111879        1.1141372844163460        1.1059437192199273        1.2299042738172068        1.0189472436559819     
  0.68827729777106283       0.78363504423664943       0.70493196330368380       0.77117350943053453       0.76857516763719225       0.77487418571638300       0.58297459401151697       0.79399957517240294       0.90513307420160716       0.75825489823311876       0.83170345668200085       0.73633149768449524       0.81796122014571115     
   1.0286047219058003        1.0211337760531902        1.0870590291409596        1.1808310225800300        1.1343322854407569        1.1976669044752255        1.0876909395175538        1.1694843497998550        1.1314667756893733       0.98163497023173407       0.91229814579613011        1.0388653428780288        1.0970345625271312     
  0.72414685563744063       0.79892530807200790       0.72288765265943233       0.78765259858784897       0.78255070926448211       0.78849039998655079       0.60009564422111261       0.80867482117043876       0.91054748731222424       0.76394016582349722       0.84345029196192800       0.75687302023760117       0.82959480987174361     
   1.0070880662337036        1.1929164044172202        1.0967999638012129        1.1631924844719677        1.0510805860452623        1.1215613488567493        1.2380285588010338        1.2355030558355036        1.0503183580425210        1.1644743785964919        1.0362352233423946       0.98445519895947808        1.0437615321626812     
  0.75773042873876495       0.81387754810763779       0.73940551584274905       0.80479929119542859       0.79814830535468906       0.80335308551759355       0.61802878773238989       0.82539853893296233       0.91600850060534988       0.77005001103256054       0.85671344524007997       0.77669498514128510       0.84222505879737064     
   1.0717691632190052        1.0901681254413280        1.1430161287479175        1.1703883461758691        1.2725770539604875       0.98947075799104478        1.1800141757253926        1.2222957051313295        1.2745085796631088        1.0789441285749208        1.0302110521965318        1.1249378275400272       0.96379638243024612     
  0.78707369604759625       0.83014382755143956       0.75549566320259021       0.82234045301480707       0.81318103460089919       0.81822711640360490       0.63768317111463169       0.84244013004778406       0.92173247448415752       0.77715622893348169       0.86992587921619546       0.79600074918273145       0.85542929094094777     
   1.1665299503843760        1.2814887242774435        1.0971654197838863        1.3256274852722942        1.0704518244775965        1.0985376160305886        1.0741518917431696        1.0883199376916608        1.1815283830153502        1.4935983667633597        1.1538469331943553       0.95869566682158380        1.0738973744751179     
  0.81378234989089004       0.84596350801888054       0.77360020606177371       0.83924069068417828       0.82850510928820109       0.83455674698222138       0.65774260602563650       0.85857922271600684       0.92760240955339723       0.78457739153073836       0.88181196962513186       0.81350362178745772       0.86963922777153913     
   1.1481672033413937        1.1435103167928999        1.0794034765935192        1.1677801995470118        1.1597054783608245        1.0775896407468211        1.0367676502517733        1.0168919969791455        1.1448391785502194        1.2385279486946481        1.2217071836473545        1.1110350869237058        1.1127539304105754     
  0.83815925476589159       0.86104128299530702       0.79249038168088859       0.85644204711771632       0.84242285813542284       0.85183769891603334       0.67962997291813743       0.87406394836493517       0.93344228774641413       0.79164610368280930       0.89302741051582768       0.83200164623644390       0.88406220595447205     
   1.0249591954817094        1.0755671107747600        1.0793764541891384        1.2081974047070803        1.0627914772919760        1.4714028951128924        1.1561622147396813        1.2492467450217786        1.3576493933914484        1.2054256473416960        1.1196866625901796        1.2401988722215354        1.3157516903879343     
  0.86081851556232136       0.87631768370957852       0.81404837127512819       0.87385172982736126       0.85639125505410940       0.86861136072797329       0.70274820442716268       0.88909984075176873       0.93933530773858254       0.79896733740713299       0.90535332931089785       0.85187378517273249       0.89798627766949635     
   1.2503553195077024        1.1371823350681958        1.1740400696934541        1.3750046922756129        1.0139774939403523        1.4361185544019859        1.2126512940165184        1.0996840547695375        1.1168624294054745        1.0800470764876249        1.0772719422645389        1.1013457528503481        1.1223406364021926     
  0.88177683884555258       0.89006271762763134       0.83625261497223813       0.89129411574515083       0.87086727641742745       0.88561680447920743       0.72831330294015151       0.90363210170185249       0.94543010716696507       0.80715077960056936       0.91842906705977367       0.87211214166706419       0.91250838562764258     
   1.1844765871328002        1.0007839826672957        1.3587482411764376        1.2607023642754460        1.2709206403493789        1.3223699404044487        1.2801140148634131        1.2138431132177008        1.2794605418991243        1.2520558591332966        1.1654850661086964        1.3262381835456045        1.0739149535597867     
  0.90090104502372870       0.90435737721959786       0.85857598057973239       0.90857690755211717       0.88534597416888072       0.90285586802435291       0.75511461951024617       0.91722311160478498       0.95169308427809463       0.81581360213772358       0.93136485329512753       0.89152789038574320       0.92679943165206768     
  0.95073774090264318        1.1212381700470897        1.1460322407541150        1.0142821873609800        1.1696879380872531        1.0392114586431793        1.3400227248861889       0.99643319404382436        1.2452679033842993        1.1714600681784999        1.3429885695741304        1.0777844239325229        1.0749309381795826     
  0.91829994446826457       0.92064598502598771       0.88152550414051178       0.92480075483204627       0.90016897038062271       0.91934725068609269       0.78627871000222960       0.93149965353754238       0.95775447200805364       0.82713839302966086       0.94401960228799509       0.91111898856566831       0.94003715944562183     
   1.2552418925445104        1.1481807790722005        1.1912238147466199        1.3149621217001450        1.1678756044705363        1.2543503279793937        1.1781984332278883        1.2067641103415840        1.1518614176274311        1.4835261567517741        1.4199207754085754        1.1335237019711795        1.0391737844476880     
  0.93527755924993006       0.93610341895098803       0.90390889362047777       0.94000973122020604       0.91630514027308807       0.93566933354524284       0.81752168676967629       0.94570504339442640       0.96388340760425706       0.83970952319492920       0.95576640000512270       0.92907236384824377       0.95274442281704153     
   1.2799000927316502        1.4764362953747117        1.1674184563961132        1.0559624080291286        1.0293601499426539        1.0050389360313017        1.3815118406337077        1.1592862827256467        1.1153339238065014        1.1622508553656905        1.3050960369461853        1.1429674026973691        1.2800943220079413     
  0.95193291934805846       0.95043112055112056       0.92643861236568847       0.95325175056977063       0.93607665741905555       0.95104020163060887       0.85321701120053661       0.95961135908659934       0.97076615357034879       0.85628310700799604       0.96481933406815723       0.94700753062781873       0.96524311780272232     
   1.0667819258719868       0.98747456123531652        1.2642132287853394        1.1194284826710357        1.3188571478676543        1.1978474119710185        1.1810675052702055        1.0339185333324747        1.4205883634761922        1.5141616661031914        1.0564265444384469        1.2302507825872180        1.0824678534525138     
  0.96842690893845262       0.96546278579984779       0.95055368050077937       0.96638853801568092       0.95568828974381959       0.96585480640775323       0.89175668729768875       0.97385354814521108       0.97768712173988959       0.87756117124832633       0.97413890003170200       0.96529018103190678       0.97736404949726130     
   1.0285893427865487        1.2473063519632501        1.3846534382043720        1.1588556825551253        1.4752073715610035       0.93827895566035979        1.3575566080035883        1.1840108278689596        1.1317656013172157        1.3407043646811823        1.1677527067404787        1.0692329329793209        1.2320245087708359     
  0.98421491900454239       0.98188794190109074       0.97516588490802503       0.98260717222272664       0.97744222023913696       0.98329523834342936       0.94518244778092586       0.98685183910868646       0.98895319222529465       0.91998222653944939       0.98729894289490006       0.98272709780244161       0.98884249415245218     
   1.2139219777469961        1.1416545416021038        1.1172895035481138        1.1518718932125525        1.3090481020471145        1.1378925225857845        1.2022316716871768        1.0909834310904158        1.3686753968278902        1.7960117903799160        1.3927919954751955        1.1268003120762218        1.3142811438599546     
   1.0000000000000000        1.0000000000000000        1.0000000000000000        1.0000000000000000        1.0000000000000000        1.0000000000000000        1.0000000000000000        1.0000000000000000        1.0000000000000000        1.0000000000000000        1.0000000000000000        1.0000000000000000        1.0000000000000000     
   1.3071053532849806        1.2769786921186517        1.2455810161232277        1.3369967471071191        1.2439807739420803        1.4278489417975739        1.3070078561957597        1.1385583941067823        1.1433080335782595       0.89274195562800829        1.2756448847815811       0.89274195562800829        1.1642838931967809     
  -10.176547911382199       -7.9066464920068196      -0.73174302925289114       -6.5933131565797671       0.85467824086693112       -2.2470908194508872        5.1550153324652577       -4.1041977251238659        7.1104280242446141       -8.8623081292404944       0.97881215319705950       -3.2197962899510002        2.2242805961851468     
 -0.17009165150007932        1.2159119192067871       -2.0198348538276139        3.1915639780923999       -6.7462472475812545       -1.1453921750452982      -0.73811405423443122       -2.0503821562838596        4.0836459895805843       -4.2564745092445584       -3.3161351060080251        1.0594367418209500      -0.93924711672849448     
 -0.12941545136530727       -1.8145771097643288        3.5164082855463272       -4.2042795351228035        3.4571021562351039       -2.3283692556434867       -4.8170080067481091       -9.6343481663685751        8.7448064925417270      -0.19624848323195593       -2.9925631974907962        1.2229134042993071       -2.4137197345743799     
   1.5863244904131684       -2.7208135160311340       -8.8587051305102790E-002  -2.8145205980292576        1.3275157765285910       -3.7379235366006647       -2.5601541729367967        1.0150550943577694        2.7023942928321465      -0.41284910167033800       0.72937934829077711       -1.1269057060427174      -0.93870298977395394     
   2.3313924499060508        2.3941950035319675        4.3273437755917943      -0.69447420869243770       -1.4404986443322274       -7.0886987054083370      -0.38855795736932114       -2.9342120858939436      -0.23330620618013656       -3.0341634690119719      -0.65356422583894069       -2.9500344341198601       -7.5692155395066223     
   6.5600171421918176       0.20135115020145086       -4.5817479057772816       -4.6683890250693718       -4.2996857166262537        3.9776015876535582       -4.1147667392621754       0.23524979175034030      -0.57039543703670326       -2.2352193013977675       -1.5833527203230051       -8.9423756289940073      -0.51183537052526862     
   5.9859046640988769       -8.5625153038620692       -2.3688214124862221      -0.15648091940661288       -3.2027624970288078       -2.5486426641757371       -7.6018100363499963       -1.1955368459760778      -0.70664984420547416       -2.2298905707783661       -4.4682325906286460       -1.9614631525321782       -5.9944062841328813     
   6.0297846248602829       -2.3634693406090128       -14.971371089113351      -0.54044587439257230       -5.6954440730133804        1.2361088290291729       -18.083542900512764       -2.8321152491416610       -6.5615612214539984       0.26161672662006619      -0.42884129650011837        2.4233272164655535       0.32986015021051851     
  0.43362403727291404     
           1           1           1           1           1           1           1           1           1           1           1           1           1
  0.21709219880258585        5.0553800418298302E-002  -1.1105700799182601E-003  -5.9536461038139938        7.5679108098864797E-003   6.0265365266725471E-006
   4.3266105491959689E-003   4.8919245271199100E-003   1.0787797540278031E-003  0.90204333347808030        1.0780412257623342E-003   8.3158078042336195E-007
   5.0000000000000001E-003  -1.6753596054707343     
