   0.0000000000000000        0.0000000000000000        0.0000000000000000        0.0000000000000000        0.0000000000000000        0.0000000000000000        0.0000000000000000        0.0000000000000000        0.0000000000000000        0.0000000000000000        0.0000000000000000        0.0000000000000000        0.0000000000000000     
   2.0285240792079309E-004   2.1275234622805519E-002   1.5360477635998329E-003   1.7253330646348087E-002   1.5602646021925844E-002   1.9973297112360251E-002   1.5803418564467320E-002   1.2137375499796169E-002  0.19776588826387667       0.14727780167144561        8.1029899937314617E-002   1.0487632441923600E-002   1.6579034663070712E-002
   2.4876805023244382        1.7004514434306153        2.8295937685448842        1.4822282643546727        1.7210697038468061        1.6266745902311599        1.6026271067626410        1.6515454424322349        1.4540474035441024        2.1496607130983261        1.5664949953686713        2.2595247707103030        1.4007293924354611     
   3.8702694263034629E-004   4.1545116420164563E-002   3.1627888492530227E-003   3.5480248941407215E-002   3.0931447431145200E-002   3.9878728313570408E-002   3.1214914080525655E-002   2.5904041666780696E-002  0.25774661846618757       0.19457081504205273       0.13464662403552208        2.0878893150807962E-002   3.3054846154654906E-002
   2.9052274228006154        1.8026028208770157        2.8537354650272211        1.5815102172966946        1.8222990989918966        1.9173343680376140        1.5019107482074909        1.6051167976022085        3.8435642459577135        2.2162372192355653        2.2283883393315738        2.7997309068911851        1.7047268531191646     
   5.6502867415203950E-004   5.8447185638363520E-002   4.9631822812556620E-003   5.4691108944221842E-002   4.6611220090660849E-002   5.9089468286408250E-002   4.5719067877652619E-002   4.1525992202800760E-002  0.28140645303415701       0.21995833135534271       0.17073688113653399        3.0858977185208525E-002   4.7939884182243854E-002
   2.7603236331172734        1.7849820164867007        2.1343315314670677        1.9699621170417347        1.5663674946850010        1.9649513446220694        1.6311564237643603        2.0315309556489272        2.3800313108803821        2.1637592229703859        1.5050822657628242        2.5930611412475066        1.3392326276672839     
   7.5191818010546740E-004   7.6987168885515753E-002   7.1476940632134167E-003   7.3069087158902077E-002   6.2900772468206578E-002   7.7671938842893154E-002   6.0942483415813001E-002   5.7671779801992708E-002  0.29854563945012175       0.23727582044905979       0.20221477795053266        3.9898380675922593E-002   6.2058312530447961E-002
   2.5307728706037063        1.7776685201815754        2.5502763151900543        1.5572154033572332        1.6442629026021591        2.0860797652117151        1.7297545841704871        1.6597893931926264        2.3756674983849053        2.1103829561496683        1.7591161313853698        2.2828693124153507        1.7857043252946962     
   9.5485770788393597E-004   9.3124475102572046E-002   9.6939361135276649E-003   9.0620341329449655E-002   7.8359153587531927E-002   9.8717252372719180E-002   8.0214876281200942E-002   7.0628391548938046E-002  0.31214537649484703       0.24954837556705611       0.22549521740360373        4.8587790284771060E-002   7.7796642898297838E-002
   2.0046323109568873        1.7684799457877673        2.2799683050406019        1.3248550210207466        1.6248323033373906        1.9367919282923816        2.2307455318013698        1.7194407076127072        1.4371852560492424        1.9664784802600059        1.6124872059808610        2.2641555041198935        1.7792002137316949     
   1.1806650116755223E-003  0.11016761073544708        1.2289225692266443E-002  0.10868264831427762        9.2475456212315926E-002  0.11778312304255308        9.8593509235124069E-002   8.2508693855407739E-002  0.32460901869584419       0.25993208386649436       0.24482133259401315        5.8247924358665146E-002   9.4350740630433069E-002
   2.3617724662806148        1.6718398849542850        2.1147164065594204        1.8577921839196918        1.8772285438684164        1.8591843090715192        1.7420304754215405        1.4811576606462269        1.8114446339496206        2.1735184285896847        1.9933336572192180        2.1406616271041519        1.5851059239523362     
   1.4340980174951177E-003  0.12624784951210977        1.4848231305259058E-002  0.12724584836276459       0.10715502740081671       0.13421464977345909       0.11609593575504482        9.3932312547634012E-002  0.33623614963010551       0.26959900678584831       0.26191543232495773        6.9339620077520425E-002  0.11270904824523488     
   1.8913390398881635        1.5389065574723417        2.0172260674033820        1.5186760593224269        1.4761292719492880        2.0774504990597169        1.7917577181246893        1.5840235202536574        1.6046404176966647        1.8314801389134063        1.5812909285390953        2.3436865869124341        1.5252596001100069     
   1.7046831597273854E-003  0.14075680226788365        1.7531183321709738E-002  0.14572587509191748       0.12156435630621620       0.15080228854129857       0.13368970908420083       0.10802968757754269       0.34794018344030270       0.27794966925799447       0.27639432605691716        8.0235429632900174E-002  0.13144723720133933     
   2.2095827700393218        1.5926665281138788        1.8372037450742476        1.6070707264221424        1.4517079744359351        2.0720945482152704        1.9738411956694244        1.5787393033089212        1.7563944683194743        1.6864254029629608        1.6761437369656420        1.9988535377679566        1.6351209329695697     
   1.9939758407826382E-003  0.15472176360868836        2.0484849892853946E-002  0.16436261044371461       0.13836256265319016       0.16739362653856343       0.15134338809746181       0.12465099342413927       0.35987295685012716       0.28573764606013397       0.28669730284252398        9.1820517235178672E-002  0.14752089842793661     
   2.0815854530001698        1.3519660863841299        2.1779684876482608        1.7927694437240200        1.9167390878725290        1.6018891495937075        1.8389914248431434        1.9328830658000364        1.6163350083613544        1.7367816734416384        1.4110771528099442        1.9224831696956119        1.4285216205694033     
   2.3308152585833808E-003  0.16832295472008033        2.3664011634369774E-002  0.18393562011845210       0.15651993028402833       0.18437333480387708       0.16857408237085808       0.14190454386581794       0.37194545669608642       0.29306210436391517       0.29630177451945600       0.10313977834843924       0.16311115829793552     
   1.7398597362738646        1.4822057781439184        1.6889676550401282        1.7504393391740292        1.7654373374074337        2.0641780605826399        1.8859852630908611        1.6609011248984629        1.8315281428318928        1.4590768138327415        1.6471952386304960        2.0344638876186276        1.6198385967189888     
   2.7036823308539629E-003  0.18372673491015190        2.7043625515277288E-002  0.20407304110164240       0.17396461368523053       0.20175073100069324       0.18503231471330006       0.16023888599035571       0.38386934992410615       0.30079960773338449       0.30639012196555870       0.11473007635438368       0.17904706465249515     
   1.6996100597792756        1.3916350275906968        1.8353743714037418        1.8242357446082178        1.5407768158283872        1.7732028213552955        1.6318382073803033        1.7526840111488307        1.7057358983604214        1.6295574594245723        1.4204212749969811        1.7253336755372812        1.7798005948412383     
   3.1204362613438488E-003  0.20080082085407122        3.0704784734533967E-002  0.22418866693511774       0.19003203843907224       0.21850299113629454       0.20211577100543318       0.17841596527169551       0.39581316390792692       0.30865178018057965       0.31644780023737312       0.12667721027548198       0.19481150609863443     
   1.5398107780286014        1.6548191983465674        1.7384420219872432        1.8133348853808573        1.5223838504021701        1.8335606133588174        1.6985330394154965        1.7469792601164811        1.6177526048472561        1.7184665968355437        1.7084653360058324        1.5168107193594371        1.6636575674080027     
   3.5895232281543737E-003  0.21649157932737817        3.4715278684878351E-002  0.24428883673152613       0.20691774990520270       0.23536686378456836       0.21865230003016084       0.19599426089011504       0.40684839044888288       0.31656887527363853       0.32864399672590200       0.13891388992226833       0.20998163860320709     
   1.5487371461005341        1.4989459939928067        1.7858625738406502        1.7094894088580130        1.6587288041016859        1.5355281852204927        1.7810628344762234        1.5115265035109120        1.7051264250824505        1.7255954061462351        1.7924748862276214        1.7881501334919698        1.6995860125793019     
   4.1462377087008988E-003  0.23150839028187176        3.9069104568752039E-002  0.26346841300751805       0.22362855265492967       0.25216065686404898       0.23329693162521828       0.21338048180914673       0.41758100760419797       0.32426997371684968       0.34262133479045426       0.14980394456525978       0.22456305926813036     
   1.4201384819047056        1.4797675470106240        1.7247563278071685        1.9251644333014246        1.8174100964674751        1.9472217970745866        1.8643739386329035        1.5806342125625805        1.4889788748504285        1.6371559553445416        1.5971072291332975        1.4478473019406575        1.7810276667882790     
   4.8196997187963820E-003  0.24731018281014439        4.3777443048516981E-002  0.28260640022882755       0.24160716742873961       0.26865182707288626       0.24804712950268804       0.22935320232677470       0.42807453656306416       0.33124541904944732       0.35615773651477806       0.16132719185779223       0.23823884125051203     
   1.7332528103141633        1.6559407731316789        1.9133842530855587        1.8022871520190680        1.7869713085065535        1.7594193421367461        1.6848275436491131        2.0535649373956093        1.6533381643983054        1.7582412584297715        1.7674078778013016        1.6911873417694283        1.5740370417397380     
   5.5077660910154199E-003  0.26226005637536554        4.8973927436468279E-002  0.30183227892563452       0.26067450665487085       0.28474604463467168       0.26342485062139653       0.24604560099159994       0.43845103397122820       0.33796294185543752       0.36924922162266732       0.17340727447355175       0.25219915836825685     
   1.8126586403138207        1.6361022597755808        1.7547006405968752        1.5596163007773924        1.6202334885005560        1.6663521246699156        1.6129423837228816        1.6194287557156004        1.5282143015227450        1.5586405826732301        1.6004188575064502        1.5216058483975636        1.7620812604890770     
   6.3238267357230036E-003  0.27642133875222313        5.4565870977321788E-002  0.32102207412325318       0.27946762855027413       0.30091083664005047       0.27874337971656221       0.26266156393724555       0.44884444340967100       0.34439036422313990       0.38201817054316239       0.18664946112003922       0.26620525302165565     
   1.7182514990549593        1.5194609280614639        1.5757111519719880        1.7464473152873423        1.7127088795840639        1.7145611862334218        1.6269596965785726        1.8080123456283665        1.4661108643876504        1.8961933131012829        1.8119779068130217        1.8347655698568333        1.5288643064008967     
   7.1857005833262542E-003  0.29217690999531981        6.0334866051993084E-002  0.34042453141723189       0.29728422262892840       0.31618721601873095       0.29521273074131843       0.27937099739416771       0.45921067521413206       0.35030078416583943       0.39435800965476497       0.20025370786691685       0.28019800541927153     
   1.5824119449540976        1.8281011094340025        1.5482452199604828        1.4303338246504791        1.6862526479403337        1.6515157122545914        1.7985940484878420        1.7429989491417914        1.5241940037432524        1.2724745332622205        1.7765725406238786        1.7421083923876706        1.5136666438611102     
   8.1819466736080572E-003  0.30943767062681199        6.6301929569965168E-002  0.36048991108565870       0.31468587986018309       0.32813648760904873       0.31246854232536198       0.29500264803337140       0.46955609242587731       0.35620695687365084       0.40686029975607130       0.21326827912076060       0.29392047426517803     
   1.8889001275771018        1.7519424459545310        1.5273072565393957        2.0501081011074400        1.8056041574633139        1.3384514434323744        1.6023035040842786        1.8811519528089831        1.6616481936150953        1.2806137666252171        1.5527012258152959        1.6428937750801875        1.4264448351006784     
   9.3099382400996036E-003  0.32708522476039692        7.2749920011690852E-002  0.37914430675213362       0.33210842899504756       0.34409572236077168       0.32944357821850423       0.30897579490339983       0.47947293692294762       0.36227829866436362       0.41935500621216032       0.22509572418207988       0.30702276308713206     
   1.6123229817839235        1.9300338031072015        1.4459667294458107        1.8448667778931604        1.6907314497110966        1.7231915114061545        2.0388172621713649        1.4719362150585635        1.5502078597933406        1.7072281096404938        1.7636368412671213        1.4387582902030507        1.4148955282424649     
   1.0575000475415207E-002  0.34404104609672526        7.9742401735159271E-002  0.39645944678041239       0.34952806643893880       0.35916512833080488       0.34583562990260369       0.32294175381695589       0.48959659277805867       0.36828424418416528       0.43221775280176933       0.23754468585142685       0.32267648269412919     
   1.6950383068746080        1.9712775302071324        1.6696095344039399        1.6258012325548126        1.8786891693968588        1.4583083691318586        1.6691993416737156        1.5500126694220575        1.5150599211589939        1.4499538556901495        1.7361472195038596        1.6738968444548901        1.5557196240236035     
   1.1968932884870161E-002  0.35967673833890662        8.7130966422657025E-002  0.41314496866240968       0.36594426404013886       0.37475769035512596       0.36238483979967112       0.33665129632504159       0.49982165260577321       0.37395554116141633       0.44534625514450416       0.25176552442473366       0.33768075681246973     
   1.5782505276994485        1.4230960382239375        1.2150066579303287        1.8390784817335302        2.0159753794204698        1.4316513703944453        1.8967502165368355        1.8640727218103794        1.6841569007350168        1.6066599964094961        1.5958339360576346        1.4974851949528605        1.6372377502340001     
   1.3353866713904351E-002  0.37401815531912325        9.5079285864068289E-002  0.43053598769251056       0.38065676548275235       0.39039437900320267       0.37827292815578983       0.35065654992909351       0.51044819048616763       0.37965986213265002       0.45781640746260793       0.26773239763594664       0.35208755436095779     
   1.3203017611675238        1.6953468189996277        1.3642482682032901        1.9933250931963737        1.9862155289238710        1.5236835632475210        1.6941595439620938        1.7580582859808389        1.8706987372074750        1.4963715297738152        1.4893884104547519        1.5032575124819296        1.5966201403395524     
   1.4954900364868046E-002  0.38803683950969475       0.10384025591269266       0.44916099568070839       0.39441707315183006       0.40521827383983650       0.39401121440917009       0.36622253208819838       0.52066747968745430       0.38565299291967170       0.47023732345399633       0.28388180212303660       0.36498007696544871     
   1.6278352298449406        1.8778135924608692        1.6302028349552242        1.8308317152493820        1.5705678489480073        1.6438751379952543        1.6719449962290416        2.1008534769344904        1.5428415010423264        1.4464760044129437        1.6102407736589706        1.7607972373017833        1.6375531603239519     
   1.6827056449181258E-002  0.40201350278809173       0.11299990482437781       0.46758252273617279       0.40692075044171394       0.41935326435485126       0.41134605525108731       0.38209720123987673       0.53081987699837929       0.39208142931455608       0.48370951625976838       0.30042793289006092       0.37841329351305691     
   1.4738718736574170        1.4706602050690076        1.8529837926591746        1.7486227835490573        1.6752999780189985        1.4769558249905677        1.8060349225443084        1.8066936262349917        1.5379022815518790        1.6337575465815004        1.6811225251832236        1.8961744070188882        1.9550128927578831     
   1.9125554312765778E-002  0.41743542539613604       0.12230922068103964       0.48555700661845108       0.41932471420731027       0.43376825964446092       0.42805245082216165       0.39809948819085339       0.54079766813894048       0.39867159920900025       0.49837748788886255       0.31829024079035106       0.39059088908742567     
   1.4629012101177208        1.5445553286474887        1.5933128022220273        1.8488490233484092        1.6193983239841911        1.6001798289299565        1.5000279013514459        1.5637697103644155        1.6217724905599542        1.7912208350515948        1.6028911168168329        1.4331816381708213        1.3906324745847627     
   2.1736737920460793E-002  0.43356500254733266       0.13200496802759037       0.50321184575353894       0.43144955542585628       0.44912376223538014       0.44057461456449620       0.41357078067208319       0.55104868057287371       0.40525974385116231       0.51292954239292643       0.33824139839055672       0.40560680023864393     
   1.6343468478208396        1.6782950669042842        1.5352034444573439        1.6357057888847959        1.6174767927838827        1.2870849000970841        1.7002279481046048        1.7298386345317409        1.4650288246497625        1.5656232810197390        1.4977769629432856        1.7944413962996186        2.0514905254099847     
   2.4524963101430538E-002  0.45041527953788318       0.14221761659771556       0.52177456313871473       0.44473414702011888       0.46548596117450980       0.45308767162956071       0.42890438362769440       0.56182490260283735       0.41160215560076246       0.52746632473907651       0.35859367691440719       0.42338671833761821     
   1.6458219247376307        1.7407007087195010        1.5587683703645336        1.7578756118806700        1.4273281112380569        1.4451575043436211        1.6684786044055402        1.6290151099984147        1.6274353077346679        1.4958911681697407        1.6635971093114001        1.5956518776728206        1.9470352568882534     
   2.7307087351488766E-002  0.46687749085583985       0.15288295988463080       0.54099499335520584       0.45822639276702559       0.48062447022344001       0.46667417785887577       0.44491837122568934       0.57222163060036568       0.41734063922777975       0.54208611487081193       0.37777123761778392       0.43947860952181567     
   1.5569700833947258        1.6110193351131439        1.6080225186667660        1.7776961392325541        1.4639104130636271        1.7483376693763930        1.5606166065733931        1.6252120367218219        1.7211821126475362        1.6067285422731188        1.5370057977983871        1.5786271922925539        1.5819643628937405     
   3.0032875021214975E-002  0.48360169581338469       0.16431657739900080       0.55737208143464179       0.47206532374681487       0.49607565558114919       0.48025588575365236       0.46079534962074054       0.58255683424134730       0.42293555825913043       0.55655425437677175       0.39657585346581936       0.45526771203652083     
   1.4615180719072327        1.7142000565487783        1.4145251203052256        1.6660862029848011        1.8423935533939189        1.6383503767599483        1.4606860332675735        1.4494820540132733        1.5940797197095404        1.6663618744687536        1.4539256118572401        1.7278969076637309        2.0447747517901771     
   3.2821125317355676E-002  0.49999533863487999       0.17649977116727791       0.57293234956532246       0.48736254518134720       0.51309774558181609       0.49893445180836959       0.47616904190345966       0.59294047823541574       0.42836118011228697       0.57120922963196519       0.41433022508935807       0.47021377267885595     
   1.3155320863934004        1.7321783956797783        1.5497344597040865        1.6046845445214968        1.7716098547206247        1.7470808455437208        1.6134988881773074        1.7401704800451323        1.9224672392167299        1.5201417357791220        1.3188737986785961        1.6856081297984526        1.8535986407756588     
   3.6053438973923234E-002  0.51487505821747070       0.18831242907059081       0.58866873488480720       0.50351022607832130       0.53087167325813989       0.51620732422589233       0.49125209522674845       0.60384368658923138       0.43389086747033545       0.58644424780638560       0.43286032678803088       0.48464966306208379     
   1.3965982782766579        2.0531968565362435        1.6001766909065511        1.4627603840357597        1.7323568098979019        1.8103651458881278        1.6773688380793770        1.5870512495197970        1.6261602392533976        1.3451882116956400        1.6562370221005456        1.5184109888042483        1.6226600812457759     
   4.0228485628024432E-002  0.52648542858755198       0.19964700608863523       0.60412439779832872       0.51935840668071620       0.54863433199139555       0.53359833232631937       0.50710315504002379       0.61429178785232497       0.44028450172990435       0.60245688734655267       0.45254389605176482       0.49857576686240024     
   1.5478708829970456        1.3922268217698475        1.6135151554631979        1.9077060254153284        1.7015988188694660        1.4841322071745506        1.7089837521497626        1.6488442235402092        1.6435466114302604        1.5858922518227088        1.4807129318905599        1.5465474089810005        1.5638959158390109     
   4.5549205895984948E-002  0.53784174646630123       0.21189659517349477       0.61521345207033329       0.53308326602631728       0.56591180011409314       0.54936276591887734       0.52427249099734108       0.62428677657647857       0.44676037813733838       0.61942023057085971       0.47014236227211870       0.51228766233780076     
   1.5729641949049753        1.2321413012866935        1.3335158380086940        1.5987213959437809        1.6495412811935559        1.6374557972458950        1.6724556881605037        1.6930344971014157        1.6378989906963080        1.6751241604464182        1.4633008529001457        1.7302412002905376        1.6802400722328967     
   5.1742161624899731E-002  0.55033170551676758       0.22522916800988255       0.62479842354252979       0.54590658121053970       0.58223877082106790       0.56237100877570800       0.54124019531622891       0.63381718263155107       0.45357185069802136       0.63704609605814155       0.48580891814398058       0.52613019054524501     
   1.6145634069456933        1.7284628015311929        1.5176698250612706        1.4499189438748308        1.6807417861458596        1.6902695837460893        1.6208448587513655        1.9755015506629934        1.6256625033128491        1.5317750375911927        1.6903912712687914        1.5615498061688955        1.7061929133991023     
   5.8551495131701610E-002  0.56506953533536952       0.23894835154097313       0.63495271328478498       0.55926300771554471       0.59840702080008223       0.57369614846211547       0.55689641120778766       0.64289514189974151       0.46048165553533776       0.65406067548272484       0.50203275864032793       0.53984837778220707     
   1.5553437603886888        1.6677124181724239        1.4610351954165155        1.2442632206457305        1.4684034380938744        1.5505048095165590        1.3588584518691988        1.6444847222992118        1.6698718053068449        1.6180150329880565        1.8105819574001623        2.0237217961367930        1.4610268410029554     
   6.6031040174200945E-002  0.58144926939634523       0.25339294825907416       0.64757267937812002       0.57407292406668808       0.61426454610108960       0.58760239561080396       0.57214907035197415       0.65257311173139476       0.46741612539823468       0.67056876900222728       0.51554261699326620       0.55328502186808293     
   1.3733520211245354        1.7521493356877307        1.5503054460198218        1.5220264769809879        2.3044656732562721        1.3936292505756864        1.3994329403906063        1.4664138470364312        1.3582932237449197        1.8182951232706586        1.4910719936072263        1.5683746066075184        1.6726610739287033     
   7.4613329621278382E-002  0.59743485807381014       0.26877553964380124       0.66474205284191423       0.59044781457120510       0.62969248883131546       0.60352982430450286       0.58800069866443738       0.66192038387524033       0.47437299540040434       0.68603805077575242       0.52896179662595633       0.56725784267511914     
   1.7908379716726002        1.6018284358683084        1.5573473536561975        1.5037724834662025        1.8202274850356319        1.6951857730891309        1.6629766957867065        1.9841958766174697        1.6184443839429929        2.0130098832313452        1.6509287907481414        1.5636675094474102        1.8469609215214799     
   8.3457942584257483E-002  0.61386243611047986       0.28468326152788509       0.68009123288306483       0.60649026695196184       0.64581265577501101       0.61972365147640107       0.60529608246495148       0.67106842899517827       0.48114354832354134       0.70001702273427879       0.54532673581157132       0.58237259171852818     
   1.7749278532443364        1.6590940785349870        1.5115455421631192        2.0016841707466591        1.6417192133074188        1.7892395585492118        1.7564970101265776        1.6180718474023490        1.3333883338473533        1.8405056711400321        1.4551118784582193        1.5353105253564134        1.7838585997858130     
   9.2958189201907029E-002  0.62926170572638351       0.30063247153854328       0.69575717588469821       0.62273756535021518       0.66215148126860524       0.63580162215460423       0.62280118007764917       0.68054795333096096       0.48773670276441583       0.71544483311744600       0.56194106543991440       0.59891420131702677     
   1.5307720656792285        1.7222159565469906        1.5885450128108651        1.6737522907409839        1.5572188917368763        1.9168923762263292        1.5072471141845680        1.9529190222263908        1.3068775860886632        1.4233713929284653        1.4193705087588249        1.5507482905602081        1.9021099856373722     
  0.10362612418067732       0.64387565626521359       0.31706375967104083       0.71189837007861800       0.63939246221432455       0.67726382662129525       0.65215636853047143       0.63921817554957283       0.69064246189213196       0.49475186894243972       0.73151508301004020       0.57767437355323303       0.61571855487638483     
   2.0472372923041826        1.3597475176412834        1.4952896427130118        1.6541925794875669        1.6364948760992835        1.7229861659904879        1.7397946230501422        1.6719549711616182        1.4285990743698342        1.5859790104211411        1.6664404439514804        1.4962672346449206        1.7736635153986764     
  0.11548346713804056       0.65869003626387013       0.33532422210388363       0.72751351682704335       0.65584828087515346       0.69154228457011757       0.66736069710449419       0.65579227578005717       0.70135984818077768       0.50221947463500305       0.74597146599956554       0.59303174787290436       0.63199606072438907     
   1.5196737343707236        1.6166606728257842        1.4788652862280596        1.7067631592778805        1.6722251406748112        1.6624625576849601        1.7584622761717312        1.7646829966858073        1.8384245244589799        1.6015832084675918        1.9529653679986103        1.6602067215277452        1.8168363141458244     
  0.12825742296393619       0.67425823497098114       0.35676695970865313       0.74271397206993406       0.67180411477614455       0.70470606119727419       0.68189992784929565       0.67231470000112203       0.71183292699486023       0.50991634638266525       0.75928941395545901       0.60798873291804634       0.64839100965313223     
   1.3593957872765470        1.6379016854648678        1.5990257654790090        1.6638711964771522        1.6431883619886494        1.4392903591022166        1.7484935385239295        1.6836864114124059        1.4713169295808777        1.9373193310086478        1.5084222371004363        1.5216335981796918        1.9961004780953200     
  0.14096164533461311       0.68994694208007445       0.37900023033238817       0.75773557259567892       0.68712030137728930       0.71775346871902956       0.69666684913300958       0.68736640641047042       0.72212829175982463       0.51763495990767516       0.77256308243429717       0.62207395499613027       0.66463838491294303     
   1.6192294548041597        1.6375112718901641        1.4828555602521165        1.7909482416321458        1.5798389995525901        1.6420145487272872        1.8205207921353201        1.5324005445721491        1.5995467596013286        2.0162858281489275        1.4113091062620813        1.7513944364390162        1.5614426965391746     
  0.15611794409867644       0.70540472597182113       0.40097456558022382       0.77135213976059935       0.70244422147715313       0.73130640792118373       0.71282371003935008       0.70291679084705172       0.73237883944279736       0.52473268975343312       0.78399735897491774       0.63512066254813093       0.68068712463686376     
   1.5039925371171956        1.6895929634742008        1.7296660205292824        1.7821490839293865        1.5007241036264718        1.5556587188880826        1.6062781859013764        1.9186341977110357        1.8793910125243964        1.8697436082725813        1.6842080019595242        1.3914713834952799        1.8461547462077894     
  0.17353089792326862       0.72075036404782367       0.42389124087506086       0.78489933435308701       0.71809266294908936       0.74544228446671201       0.72855566096262536       0.71971489737207250       0.74280329905470577       0.53168798120847727       0.79807764574559270       0.64790578263564980       0.69657901060724670     
   1.3921893056894148        1.6241497700807157        1.6723127180977226        1.6382178903748279        1.7163690211189773        1.7340687539348609        1.5942135481689035        1.5982633314468579        1.4816269830779838        1.5838094035549861        1.4710258126877795        1.4084671179489183        1.6309462819477569     
  0.19344798051713136       0.73574427639435902       0.44725819290394475       0.79853728516796163       0.73272426317697581       0.75887645251130420       0.74272201959118767       0.73761235056351271       0.75310524251105093       0.53890257388291940       0.81221607789333772       0.66114788422927595       0.71195650843919622     
   1.4736611306350269        1.6431306206493872        1.4593010206036461        1.4106971505916786        1.4368374883462340        1.5093849185866288        1.5304480314181277        1.6744804312154398        1.2967018056561694        1.5475906085194091        1.6173483216786275        1.5443912472235484        1.6930934557799313     
  0.21537685462769260       0.74863276469118833       0.47314777900002070       0.81196067296259333       0.74373151769900192       0.77266419680188836       0.75599546257702765       0.75077631455114713       0.76376493445352833       0.54676848698445868       0.82729946135224774       0.67454791592477203       0.72800944173723858     
   1.5162032009124489        1.3769135566235198        1.7108532929974540        1.9451368439213002        1.3089482783244113        1.6959370407592831        1.7156085810247246        1.3728803374850984        1.5267599396034381        1.6210551952453807        1.6610621078305154        1.5722340054266202        2.2602657733681175     
  0.24551542118289965       0.76177513039653377       0.50086187322752829       0.82580336503080398       0.75501386571064910       0.78584779202213917       0.77028502623873307       0.76620270924497780       0.77451961203243114       0.55544093009435280       0.84236035754922001       0.68904375040712207       0.74532214677516540     
   1.7692764416270890        1.5848457987199158        1.7934541045281671        1.6230402422811518        1.8385776304671022        1.5242825217752034        1.8558817397818157        1.5284477249827431        1.8204465913048391        1.4415092163022591        1.6628064291112910        1.5621555008292474        1.4897605510947776     
  0.29583347847470426       0.77498191434168673       0.53051573085035753       0.83859234728327980       0.76780097491795962       0.79841619176191048       0.78787014843846148       0.78183515578787177       0.78555905017437111       0.56434387852462875       0.85722354622368679       0.70673431107318607       0.76228590317005118     
   1.3410124841565016        1.4774042233843967        1.9412454086410078        1.4696699253315608        1.5595052142836054        1.5371914325180411        1.7527109571665795        1.6286660624119005        1.4712557552677608        1.6123951134578287        1.6607541453835917        1.8035006111277325        1.9136450292494203     
  0.36418502579002276       0.78903244062359346       0.55847348088259552       0.84912427078947272       0.78022826549951529       0.81099733097073023       0.80516947029088359       0.79698872652516506       0.79765493117617514       0.57360050832391407       0.87188737526669446       0.72554211789796519       0.77870427777718321     
   1.6591060163120694        1.4314286821940185        1.7749908087562498        1.6998589715127170        1.5359916391399535        1.4426212720255398        1.5376877740927053        1.5120037715170043        1.5259131370390042        1.8436725337481985        1.9826082806310534        1.6620340668511677        1.4358005115763164     
  0.42660325275109690       0.80543505559457251       0.58470517050557702       0.85969609946178094       0.79604143111451775       0.82360290394016655       0.82080334729225002       0.81256364214999821       0.80980285932392959       0.58364742070189668       0.88551369035659167       0.74708820021329247       0.79516656815313780     
   1.5319968769315653        1.6666654313971137        1.4178113221510988        1.4032675843009701        1.4523110085831799        1.6813953905038832        1.7931006039025836        1.6692977582143296        1.6377798024978447        1.5591471838308169        1.7787198617213436        1.5299384477686415        1.6178608213889945     
  0.48225808124889336       0.82264901013309555       0.61050996184435324       0.87143375723031524       0.81137632850646879       0.83629469340858309       0.83630615086072013       0.82813733660856570       0.82247134815193967       0.59436738454805815       0.89822812813897190       0.76931618239551947       0.81166457675887083     
   1.7963070447696823        2.1220155517288051        1.5655894380710886        1.6050197301618618        1.6889169490406180        1.5214002532225566        1.5257849683483318        1.7401471002487703        1.6322400485856663        1.6057921483315081        1.7947006450230643        1.4896440320526576        1.6986463573492818     
  0.53127698017433433       0.83810126716564082       0.63829009355927446       0.88348303879851020       0.82596689290315961       0.85025600365351783       0.85030459675143510       0.84269235686088950       0.83621122782697921       0.60632785054120975       0.91033195537981160       0.79107700735829700       0.82851197754821071     
   1.4145409259471353        1.4950307721314315        1.5470353693800860        1.7245470573007522        1.7093286151577649        1.6448693669805852        1.5063218451221447        1.7387711944165234        1.5533560608042707        1.8195527354664216        1.9530884839267157        1.4879640971138663        1.6978850631396147     
  0.57776689133821313       0.85426162239953807       0.66900511722168521       0.89549919051755533       0.84172449915198944       0.86359556105163748       0.86424128025853808       0.85762631983466553       0.85007353625096205       0.61896778018184540       0.92134455491715772       0.81303276594870233       0.84527556621934274     
   1.7860429326033840        1.6267881864929012        1.5092696944545163        2.0321749077218736        1.7591698816981802        1.9233967244592909        2.0649970543616960        1.7137841840306030        1.8937396761305005        1.3343207598571496        1.6278974686128300        1.4059005030111544        1.8618638842610289     
  0.62363805341497569       0.87346277825292162       0.70351413503510107       0.90771086421010250       0.85863522791467062       0.87724118091100278       0.88062881621394118       0.87316713766832355       0.86311523249255850       0.63119050762387263       0.93150881330521884       0.83442145333876372       0.86255598789158838     
   1.5455359478813337        2.3812117643105477        1.6345600379829732        1.7902545681683244        2.2531207186511297        1.6302133744397711        1.5242468802904054        1.7221952723397331        1.5599246543011811        1.7557075717901929        1.9023421502245763        1.8026342482072375        1.4389661497957587     
  0.66715422160264037       0.89154715890971115       0.73869914781833690       0.91946407086531234       0.87594927145242585       0.89129333128640031       0.89827540087270996       0.88784457450708576       0.87517630145055159       0.64370874204758366       0.94101619399439829       0.85618205331149699       0.87973104661751966     
   1.8210921514318716        2.0004870248798148        1.6437069112606131        1.7894997794611296        1.6585653199902841        1.6730457238315100        1.7818520649356280        1.3217451686133874        1.9068876438288802        1.7495626507546529        1.9679173739127638        1.4592147444711621        1.5546590585511377     
  0.70680692523410071       0.90966026720599946       0.77482458893915840       0.93113229059081049       0.89259346363007885       0.90570087230353824       0.91439735132328781       0.90444357511081885       0.88828923145131267       0.65647801798268524       0.94981922911324301       0.87755748613930495       0.89717428758059059     
   1.6356882446832224        2.0041352946347488        1.8082744923815315        1.5722426922940609        1.6466896799912878        1.7659835264317529        1.9062708704624045        1.5081025003233652        1.5969053297972280        1.4482547279867899        1.2976330250294266        1.4519792409619710        1.7329586681641949     
  0.74239985129026842       0.92694747387182996       0.81037394431856036       0.94265203948686149       0.90907035868350905       0.91960935163320168       0.92924085729925476       0.92139738821575456       0.90221196103454593       0.67216859026152875       0.95858180226285361       0.89826212377771653       0.91472152011214680     
   1.5521181128218244        1.8532577521210150        1.6763699289373766        1.5232025973495544        1.7528254827091305        1.7633871518851583        1.5069638464850237        1.7252136421711162        1.8462499584364036        1.8425176078827068        1.8332195742653536        1.4315273412946399        1.8425664345349100     
  0.77816748876479636       0.94302553268391998       0.84679256798819780       0.95374574247668731       0.92567445763292688       0.93347269611803940       0.94454947636945541       0.93670730858884987       0.91591818673128267       0.68803145987539649       0.96791917610915856       0.91886497078334495       0.93138961895632666     
   1.5164071176348048        1.7742619659904242        1.6168998483099857        1.3443893163557510        1.5890272373716896        1.5593094558412814        1.5760618179253540        1.5886858492960525        1.7597925557696819        1.3287675263694794        2.1975785851518976        1.4096780647946452        1.5685930957686967     
  0.81527775647925649       0.95694675761119496       0.88404427580660094       0.96503147478265405       0.94254343407812868       0.94706168454801209       0.95861519724929067       0.95066527513563714       0.93088642513287934       0.71005172959668506       0.97555282945993427       0.93923419540793929       0.94804199261506328     
   1.5767523094359381        1.9134862705449673        1.4933113845226087        1.4710769408232480        1.4709121306099333        1.6414430431772726        1.4217839868890443        1.4710528412257913        2.2002235229620761        1.9363062493736714        1.9489765386131708        1.5506653899956526        1.8427481179227350     
  0.85552225035114438       0.97163860567918359       0.92403355038261470       0.97669251893449105       0.96171819395111668       0.96173003489514541       0.97240668131565278       0.96510259560475231       0.95322820982752643       0.73700926985692428       0.98384863973682901       0.96048873842460980       0.96483185031645113     
   1.7210761721022481        1.9133588575902027        1.5367395983853327        2.0214612304366608        1.7515525631059685        1.8555250476277700        1.6565448644588450        1.5423123498135842        2.3598380205744829        1.9023551872869680        2.0184652466000119        1.5046440451533121        1.5976732112420704     
  0.91796685150980273       0.98595973551929694       0.96350809174208285       0.98844457463693225       0.98046456983756958       0.97922036590529327       0.98639428353131542       0.98260387965382046       0.97597632487749808       0.81707731404623374       0.99230579776852235       0.98050698370389933       0.98249277558890991     
   1.8648798819635970        1.9108085232218801        1.7528448889650947        1.8442595267425401        1.8049513411945204        1.9341753582119039        1.4883762768433804        2.0543021569696855        2.1859559554771288        2.1246709532564849        2.6651470716595624        1.5138243182059887        1.6074634782748127     
   1.0000000000000000        1.0000000000000000        1.0000000000000000        1.0000000000000000        1.0000000000000000        1.0000000000000000        1.0000000000000000        1.0000000000000000        1.0000000000000000        1.0000000000000000        1.0000000000000000        1.0000000000000000        1.0000000000000000     
   1.5055157843317233        2.2746054003729546        1.3614834805465281        1.5698824811044170        1.7084663091806476        1.7079467006988120        1.4565955596942419        1.6293531879789782        1.5834541574617957        1.3727563465379007        1.8251715093482672        1.4965454379894680        1.9633570077291378     
   5.2357102093568200        6.4680361304578238        7.9140086009430330        6.1163922596307492        7.6244091637281253        5.2304442726733891        5.8600826075699839        6.5866637427878105        9.5359735300848403        6.4419352262273408        6.9292470852902222        3.1036077842187870        8.3564093538919870     
   6.0438761817483364        7.1046977719696018        4.2553226286161836        5.0870596123331309        4.5979470678068930        6.0593502627109794        6.7703272153941532        3.9822875533557611        3.6616409197774811        4.0054642383515420        6.1266214464963067        7.2241288277103042        5.5650284813088176     
   5.0180820692012906        4.9010028919656214        6.3885526080251660        3.8392921863454452        8.1299654284645140        5.9925654432587701        9.8399230385717171        7.1441716098165822        5.5839490697288383        5.9514547103137394        6.6999375411675457        8.2553580110904932        8.5060162628458826     
   7.2812946559960183        5.5059891037532953        6.4619528592332856        7.2435563981029425        5.9898623511540254        5.6617642753231836        5.7188024188222615        3.3769571767487294        6.8325938246060707        6.5174227888802800        6.0074852641242469        6.1784628649295223        6.5954129492718625     
   4.5210094461195212        5.8728377183861893        5.9790699435315613        6.7689075245635175        6.1506922649305640        9.3723744107363522        2.0353171859395602        3.9826064715027223        6.9300173615214407        8.9692619444302792        6.4844554906045815        5.9773149464970921        3.2073858528090371     
   8.6816104664822173        7.2217329437519950        5.5857646322749330        6.0787203881138376        5.8136151655631805        4.7503726643323558        6.8645319230070481        8.2478260026801120        5.3360629094909333        6.6837518769809172        5.0588786753351158        6.5142439585874525        6.3158164055144201     
   6.7750980647980166        7.8568685911980278        8.4922194351581854        6.0374075665752125        7.2260724352345687        6.3521531810846019        6.4711228879823022        9.4755020849742770        11.531372377566996        3.0169196807686571        8.2222682832105356        5.2299686338939591        5.1193046219689577     
   8.4173715976351229        6.5143271147160116       -3.0220195870121955        6.7935533900262168        4.7967327778081454        4.2671691433944288        7.8897909758050213        4.8640152194099375        3.4152647048863116        2.6523067051785705        5.5581449398311422        5.8479502095689044        5.7953187624599476     
   12.194326634363181     
           1           1           1           1           1           1           1           1           1           1           1           1           1
   7.2761654814109296        2.2377097822381513        7.8203048579235483E-003   5.9799079669822941        7.9147323517776522E-002   9.8622889298757130E-005
   4.7016248605395654E-002   3.7690797387938450E-002   3.5325983710593131E-003  0.11871614111975778        3.5319212830207114E-003   3.0020343915071361E-006
   5.0000000000000001E-003   6.2347821815018580     
