   0.0000000000000000        0.0000000000000000        0.0000000000000000        0.0000000000000000        0.0000000000000000        0.0000000000000000        0.0000000000000000        0.0000000000000000        0.0000000000000000        0.0000000000000000        0.0000000000000000        0.0000000000000000        0.0000000000000000     
  0.25359427521362038       0.36610674830334816        2.5041780712270294E-002   1.6024678937830557E-002   3.9469287913876496E-003   1.7418412928647292E-002   6.4854037934612141E-002   1.2319903395969316E-002  0.57753010409966288       0.11444836813997403        6.8169606831133198E-002   1.3904530756952367E-002   1.7977843079143976E-002
  0.50662409950273402       0.52111256201556522       0.83848834504800751       0.53397931683589250       0.60815177074873739       0.64463266366493666       0.66448797976371043       0.63510981077012951       0.57802312212421347       0.52624285734596088       0.67079500954116378       0.55337704487159423       0.70344003998018678     
  0.26979914444998099       0.46595908957033749        4.7769066668067739E-002   3.2733860327498095E-002   8.2612231460254017E-003   3.3240347660985756E-002  0.10995926635710339        2.5476225621584702E-002  0.65746199758835511       0.14399794144549008       0.11244892361084569        2.9670834581762395E-002   3.6440124689750233E-002
  0.71014245192452563       0.60827301500677378       0.66208042092642516       0.75135583081038404       0.65740157954119005       0.61748106825403293       0.77443819139424308       0.54294796069242646       0.74637501187906330       0.55009346531949166       0.70064890619518483       0.77054773328898674       0.60064693450820505     
  0.28317758229476375       0.51496351609392721        6.7364777907903878E-002   4.9500121015184306E-002   1.3454728534210349E-002   4.9690759622793235E-002  0.14517389030672442        4.0480310699191363E-002  0.69161237242520002       0.16784304751696172       0.13287370204400001        4.4410606477410748E-002   5.3130414466732626E-002
  0.65882566327526271       0.67310744918268606       0.60013202446586489       0.69731885310307762       0.56542782610259879       0.82255952695528278       0.68544652962572861       0.60801665714593267       0.67165704956482641       0.59460625407671153       0.55848802880133142       0.62647387998996451       0.71855930600895268     
  0.29430847002797028       0.54655061810185124        8.7240394926914225E-002   6.5046870529392870E-002   1.8367906165739543E-002   6.5795872292149671E-002  0.17637878020011824        5.7461992293286440E-002  0.71864151761006834       0.18792327882062931       0.14774973218852752        6.0833678559045840E-002   6.6082420339187833E-002
  0.61131000865468332       0.68388316761967782       0.58185534089286650       0.65703435467542493       0.64420451511544574       0.78958396170388612       0.63524037939742495       0.58511667295384473       0.67839822789324300       0.73287153780851411       0.47573811728282406       0.65257333138911100       0.53047158052545551     
  0.30516624845174223       0.57592446348399007       0.10896864345627580        7.9286068426918238E-002   2.8082005743248015E-002   8.1274373705702410E-002  0.20119394597796428        7.4294445350034599E-002  0.74117009511000265       0.20286827980381866       0.16123992608982349        7.7817923535756783E-002   8.0410564067163334E-002
  0.63948922398534835       0.56270094742852272       0.64317662606398918       0.73840240690792946       0.69348005450641514       0.60326464029717364       0.59747375122172697       0.63992517666667459       0.70030996926061939       0.63630785153906577       0.51416861890205312       0.71773466302622335       0.58546174286833486     
  0.31563392359207382       0.60280418305120531       0.13160057185975435        9.2715078668746134E-002   4.0161207995772483E-002   9.7743475102762656E-002  0.22440822548352715        9.1114064202564446E-002  0.75877462126924877       0.21624829207485824       0.17270818530889548        9.5712982092700696E-002   9.3678926027588622E-002
  0.56693716542093608       0.71595200729285757       0.76604893746843516       0.54487004764882840       0.59942822106434601       0.76997607807608515       0.64729299489665792       0.53641538340989614       0.65819343271410080       0.68737383872985025       0.54378022672532700       0.73165455490434261       0.52761281441298413     
  0.32912418991620762       0.62478558527345762       0.15277219586532129       0.10703985725278208        5.4020709610229145E-002  0.11484598242776771       0.24452843742673594       0.10559206545008967       0.77285110901585352       0.22657322300414476       0.18397543601214494       0.11294560805316621       0.10620689717888770     
  0.69631084466997006       0.75208820686351796       0.67667616626231308       0.56080698208493418       0.64347154169482623       0.60682574797006317       0.54737151793518313       0.69418956370820883       0.90410248057447973       0.61685167243334560       0.57802312212421347       0.60260971722674872       0.67399368882596045     
  0.34779963803896213       0.64382087992300485       0.17100808587860153       0.12361006855354183        6.5507274759934495E-002  0.13247060638261676       0.26448475558168028       0.11826109141085209       0.78651710262961594       0.23349443159220870       0.20212738666389285       0.13179440308771015       0.12113015114805194     
  0.60971948952565358       0.62654312693227920       0.66876657216909530       0.72094841367718621       0.66888954636768760       0.68860034431910544       0.58706560876464220       0.62115923854469035       0.65046908105438950       0.57826219553750779       0.56320103245656117       0.78792305919696681       0.64109205389990020     
  0.36560282424146767       0.66121459103380020       0.18773522589938563       0.14157831235933158        7.7300776872561011E-002  0.15012953791859676       0.28156948876637500       0.13248028551387003       0.79899747886903116       0.24016344754522098       0.22372559617889906       0.14820114702425100       0.13521768700433753     
  0.82340636651893695       0.65492748316646343       0.73856354022282078       0.59764968198879243       0.65690067961807852       0.69373505706505867       0.57674938457981706       0.59723911285896802       0.60497827052978859       0.53182736075549319       0.65597845718821257       0.77152873180984261       0.69575350284799597     
  0.38333111956037297       0.67513939495852449       0.20478577777881485       0.16039217417813073        8.9275606386642087E-002  0.16875204017873155       0.29753089866230170       0.14803510582303733       0.81006560468768429       0.24703596464380909       0.24357679797794982       0.16249314436936341       0.15005927220519844     
  0.71952905163908110       0.62406718761232638       0.64718855531217123       0.71563416871381413       0.61871138205542930       0.74527496348941547       0.52550372238159881       0.59809049915960288       0.74433711193534202       0.57098850358016229       0.65518230327321703       0.59988701164703573       0.56853769315491121     
  0.39966700931299981       0.68829127591402295       0.22226737422498810       0.17585868770513663       0.10256907153276915       0.18776247100198967       0.31365647463412272       0.16158652040406454       0.82036708246565848       0.25421115560247037       0.26085394051807526       0.17727945751632176       0.16568082572114448     
  0.67344739961712474       0.62305350136855731       0.54674813464865968       0.63837624095795964       0.70505361747655715       0.72395348445451246       0.61411071808358697       0.61629457339291982       0.72931733125983822       0.69872355238130823       0.68556374697343692       0.62924918240365713       0.70423246967791930     
  0.41841861634786282       0.70078691577600805       0.23898327387330162       0.18910691421616319       0.11552692695058586       0.20625878997150138       0.33112675548000503       0.17429064966696681       0.82920856796156894       0.26295488759141727       0.27616568018702864       0.19208617857857929       0.18048564618510229     
  0.61906397730644103       0.60444074757762423       0.69522585630326916       0.65595634374159151       0.51487963610561871       0.64302860296138409       0.70112017130192028       0.64027516945828733       0.60838366110183850       0.64775435192322051       0.60867500274276087       0.60991336287765441       0.53037786062521253     
  0.43386004547895068       0.71213729424057504       0.25460029754397856       0.20263890210197646       0.12783552677813792       0.22379678656920801       0.34879544586868599       0.18624830678358578       0.83754008116043888       0.27077536947125141       0.29098018363722694       0.20568449372291422       0.19353719803800828     
  0.78683843189054758       0.59322402733786317       0.72744525220472100       0.62434407063246267       0.57937887963566015       0.65335827088199017       0.74491877886695734       0.50783279134984083       0.64316760285780816       0.60893495921650498       0.67036787113650409       0.62655935295879672       0.58656225420353025     
  0.44701046461595062       0.72221411291607884       0.26914303959246205       0.21682330661098664       0.13974095275056930       0.23984678483904831       0.36620743083913848       0.19947794716135223       0.84402379936747918       0.27757975512757521       0.30247169317355255       0.22053558392239542       0.20611658524438164     
  0.64745446785507210       0.76059701134107538       0.63455585806975801       0.62934056564930940       0.63765393218906241       0.69120775327449469       0.81955004118712083       0.57926499202179105       0.55197955672505628       0.58121766350380111       0.59377657874714562       0.69030647987325511       0.61507361599022070     
  0.45931378100287101       0.73212864958016466       0.28274693089552172       0.23319318668613126       0.15231127073718886       0.25531267195898788       0.38301833112158157       0.21751718944618714       0.85087598995380020       0.28382156529722835       0.31328455837976954       0.23348962777232043       0.21990824263001393     
  0.75664683065851213       0.54313506140347123       0.62785349510208044       0.64486729994139058       0.71615582467049044       0.60017721425099557       0.53628117541859743       0.67524499110338621       0.58048646128955694       0.62207665964634162       0.70560863529907236       0.71733055053849792       0.67835032261790440     
  0.47107165109643212       0.74240164341696968       0.29599298505671351       0.25057578510935613       0.16600839576296486       0.27007888420187537       0.40201098433752208       0.23627129619418374       0.85744814200378860       0.29051789422999491       0.32503806366331739       0.24856794606958030       0.23633167202276337     
  0.65673564631841386       0.57388078503771334       0.73009269374703012       0.64014505215964346       0.63220476336803089       0.70520596855189877       0.61384384867209307       0.65412978184967896       0.63842011055050485       0.65990667188996843       0.59636741570167029       0.66027328474663127       0.56985609673149162     
  0.48312113079671665       0.75328525285106496       0.30972951706221735       0.26744339988711452       0.17952855399607159       0.28379017068078516       0.41758356231344701       0.25442766126145056       0.86348217002330308       0.29759191148635716       0.33739873246259217       0.26472551426778723       0.25507625601614081     
  0.64291004789213280       0.54808741958995588       0.63141326711482659       0.56814519162904575       0.65389421500592082       0.62046355180887613       0.68151925992918150       0.50730915352307648       0.71513260801666589       0.85628275940307896       0.68301697197600331       0.76299238712200224       0.64898102560730753     
  0.49604687749712800       0.76149105258432326       0.32322705278220387       0.28214249823694154       0.19244036409254744       0.29715708595748586       0.43271019979649433       0.27169449278272645       0.86914364389348442       0.30490847700992962       0.34885767644909504       0.28169602354925716       0.27412494462301096     
  0.70714138117384673       0.70313571143355358       0.62023175735139924       0.62917729586733728       0.66890150074704491       0.64172054016243707       0.58875276370940655       0.62901619070460368       0.61928749579457620       0.74144392624446787       0.74357277474203110       0.68118397130759811       0.60973344463447543     
  0.50950661400450414       0.76923098282387581       0.33559760936713118       0.29559714418762323       0.20521649363419583       0.31075338647035872       0.44955800337727952       0.28848949342349367       0.87436365031640939       0.31155261430170605       0.36075285073256963       0.29883631365778307       0.29256975436575827     
  0.74681434710912564       0.68096048066722437       0.71572151953706542       0.60860653124126229       0.71005772102590514       0.60856031848761694       0.62599980723787740       0.74019049338446297       0.61320300680851425       0.57774408362562935       0.53924349679809391       0.70898764318488761       0.72946907738894795     
  0.52321262286260306       0.77677142276455557       0.34781669033312973       0.31165738161227613       0.21914755345172401       0.32314935245708420       0.46583715814158888       0.30512948582869115       0.87950908509345771       0.31835868138797840       0.37480695561381266       0.31562065971803682       0.31039898253540171     
  0.67593283294934359       0.59268703566320158       0.70222805895257245       0.62740926580029333       0.67208109235107449       0.56065682262358096       0.57265012174093333       0.75755431877588186       0.67938196929401351       0.58295510133430517       0.63793256088418959       0.73407959789372046       0.82592886441798585     
  0.53541318456175735       0.78338272269734321       0.36046432721458221       0.32515320038796425       0.23461027814112501       0.33660622524838807       0.48054243346825254       0.32133051685917674       0.88464331696202958       0.32527163833545064       0.38970647544793174       0.33249966539106346       0.32703539439400747     
  0.74197645128832468       0.53767821295277307       0.68763390197263008       0.62200145557676656       0.72766975338993545       0.61849426259597240       0.60136872952659493       0.59943275772230986       0.66767769466550531       0.68812133023344302       0.69827057106473212       0.64920161421199929       0.76740169901768962     
  0.54730131154301287       0.79097431884483171       0.37329590781306271       0.33852324181720239       0.25138823685905964       0.35215224971873066       0.49486455892934672       0.33664496257309717       0.88955609052762608       0.33210298849278064       0.40429798818722923       0.35096572799546644       0.34292501276719833     
  0.60165242999205326       0.56894689360282136       0.58546174286833486       0.59603251527926737       0.63230394195471151       0.65656629210573225       0.59382404997236360       0.76110449597618590       0.68108188299824612       0.61043805861649014       0.64788435042550108       0.76134311875337812       0.60511343705918130     
  0.55921835167960676       0.79905204029688459       0.38569127638236222       0.35281776149423133       0.26678215946481854       0.36998116366835843       0.51166330610932842       0.35289966501027425       0.89439037575558378       0.33859034489964956       0.41806943102630639       0.36902515891043741       0.35885899006674438     
  0.77745563477861435       0.54201413832473688       0.64854438592825681       0.61617359899962054       0.62362278959802298       0.68994046492559857       0.65849984139528828       0.71982129611735868       0.56676864781434766       0.58977424525326083       0.70392813124172593       0.63091266552835557       0.58044748766564069     
  0.57097815173285338       0.80757952621996942       0.39739368187903984       0.36837568196841863       0.28083190080397730       0.38748792769005608       0.52897654485991052       0.36896055357235324       0.89893180989932064       0.34468459816051522       0.43156723310457323       0.38394010361916875       0.37516121909612632     
  0.60970062367500111       0.66544798585006648       0.62540121504051516       0.56899754345163311       0.58084615964886466       0.70753166946000012       0.74208990024691646       0.81124960016459091       0.69454818068554980       0.64003294680391010       0.62884787112582041       0.57677988337277031       0.70503275330230875     
  0.58178948282506038       0.81562654447154448       0.40952963745430337       0.38457314287741212       0.29439688944122128       0.40383507844809508       0.54641351799406535       0.38680417408866880       0.90327657772137127       0.34844197260257509       0.44497977563563884       0.39432685473827778       0.39181017451883510     
  0.59662815763314136       0.57820612511901981       0.62345194504642265       0.64626857955712835       0.60872230606534605       0.64522602088293290       0.69111445658726633       0.65750497825884557       0.63184387423954358       0.55856273442257609       0.67847974818733747       0.59765342847171254       0.70281692794469730     
  0.59277759467312141       0.82339094225630483       0.42161297782288232       0.40067139250012629       0.30851587583396267       0.41778161039142064       0.56360008467031142       0.40281452868399609       0.90747006250895335       0.35215387006117033       0.45782808796268432       0.40133149126330409       0.40809312436081924     
  0.61605555498339926       0.66944679568366516       0.58345125859456104       0.65447655551817530       0.62135604237535080       0.65703349910547337       0.67214016412159061       0.65877649280322492       0.56029880794875120       0.53349334805816773       0.63180113710586572       0.54251588391142025       0.54397231861175621     
  0.60422504196895133       0.83086395430272741       0.43472024590530806       0.41779765083595766       0.32205101927442015       0.43120009730559483       0.58022630743132964       0.41708991202770240       0.91151519298305772       0.35559151650582860       0.47362812381912872       0.40898326274471458       0.42418647215444011     
  0.57580003258628609       0.71036473774118214       0.64195042938004798       0.63657199982757495       0.59665043060634004       0.60733301788598693       0.60239580926591696       0.57158023996254892       0.52642113090860987       0.61108940274984624       0.68840305680740488       0.51350140532845612       0.66184701256695411     
  0.61583986644336841       0.83819707348159622       0.44664196876760465       0.43573976075413745       0.33810773785027926       0.44360134044454153       0.59616919926929246       0.43121958685502404       0.91554091014111516       0.35898175822179801       0.48644567832153457       0.41750949516163843       0.44008070820444478     
  0.63245442410103070       0.70130571777773654       0.70664423596739678       0.73152028798230573       0.63818638171209841       0.75373169457481382       0.60480113172875616       0.66748241417862952       0.62179330244796627       0.54802558833573867       0.68028026548139375       0.48779958708903681       0.73971594024893994     
  0.62741230103368772       0.84598016681546095       0.45827037824070410       0.45299995163285711       0.35562156998093203       0.45536136949614309       0.61151732136470782       0.44614463678737892       0.91947616094340701       0.36266777659383309       0.50266368620441260       0.42650911004723885       0.45572413902025816     
  0.66886553478109778       0.55156832714578419       0.64115576330265145       0.64374090690723484       0.66667946829197067       0.74166499773417516       0.76146482434951568       0.59779838650648043       0.65001785662403433       0.61340775630456135       0.74315914155117102       0.59673279918307931       0.68001384631860573     
  0.63854896147337226       0.85373983045103097       0.47003123057530771       0.46907764807519708       0.37301897752524515       0.46876170704892250       0.62667197771372274       0.46267035792982231       0.92324477669286709       0.36703137945797992       0.51744640508956408       0.43536536732456421       0.47134340535719876     
  0.62260410634599261       0.56612962869986250       0.51467368102335020       0.66033987240592051       0.68049473610518507       0.60288564502024022       0.74809110553594260       0.60471550352418746       0.56622154876620123       0.53550468299037146       0.71998593268336908       0.52578995086366809       0.61321736743461408     
  0.64855376115494623       0.86068339095798152       0.48297295094586862       0.48330724172676476       0.39159778810193852       0.48086797451966268       0.64176180043964781       0.48053505285570552       0.92683623721385089       0.37429433928493400       0.53237467745843003       0.45048884495402119       0.48613576408740677     
  0.59654160037148329       0.56859790172709290       0.58340491516433268       0.65084712434660175       0.62424828574555569       0.53129684148440615       0.64569447684052506       0.77065183305327023       0.55731245938301066       0.62668579415417791       0.71538237300875696       0.67051920807884957       0.63966476038796138     
  0.65823731413824194       0.86712460812255632       0.49560769437629731       0.49678634119597931       0.41147177354577363       0.48849741202315677       0.65547634538116217       0.49670249301098218       0.93034201614436274       0.38211320453923714       0.54744018948302731       0.46729633725519354       0.50114124197945398     
  0.80062739743063072       0.64802391223060374       0.67226449493569540       0.64838407160417166       0.71757041899160234       0.50837014129047486       0.73452243861362365       0.80727185692251813       0.72824286006520322       0.65652625937239417       0.64423462381798513       0.55404235438935223       0.58222053114421390     
  0.66809110725542076       0.87362217788808039       0.50639789273819358       0.51102237352646906       0.43004169560443706       0.49669929886757086       0.66932801703771261       0.51278306837087417       0.93376751791266899       0.39008354408586587       0.56270995230424581       0.48371801052602670       0.51569041690499695     
  0.62361779395647443       0.55920947562723733       0.56169551916715410       0.57472851132177127       0.70063397677976380       0.47678575931067130       0.53361514470035998       0.65133980208302034       0.66018794386382906       0.68624785052932191       0.67959357293565603       0.65694449269104438       0.61794585203539576     
  0.67876378213149335       0.87965315964442903       0.51706635223701369       0.52592823022117119       0.44863085165826927       0.50592434928519092       0.68327786159723203       0.52930287210916183       0.93711142375688550       0.39824179026034345       0.57706648612062916       0.49955846879772559       0.52912762425564863     
  0.74242342093962255       0.63200389663353995       0.59675820855148320       0.70300182120059085       0.66930109810354177       0.54653281457091607       0.66005780563892757       0.68497857892558078       0.65658863524744981       0.69864647491999254       0.69672755348343307       0.58501188162218776       0.60899703431974717     
  0.68950116685573770       0.88544567677970965       0.52760950011738494       0.53559322312739166       0.46794598166079493       0.51635768161489026       0.69758293225045642       0.54626007731699222       0.94040888335810191       0.40629943658443274       0.59083416392474974       0.51575049212751434       0.54126052535421387     
  0.60142026111430213       0.70633152845403269       0.59146451708838610       0.61286480021675849       0.65246787305033649       0.56220629303518022       0.64111436877521133       0.66506480740219165       0.58921492515073137       0.74807571144064600       0.60269684272797808       0.59915126465785340       0.61234314936873779     
  0.69846487822443926       0.89143412535559807       0.53885991827047508       0.54476624812075303       0.48724384494411144       0.52714308159679435       0.71168788553034679       0.56436144187302051       0.94371357072326778       0.41429501913741867       0.60599776309628184       0.53220704097884297       0.55388422169209717     
  0.64382100157756139       0.66349050330225334       0.60908391236289727       0.57868337956508953       0.64131617430235832       0.54480209981732353       0.67909202855602391       0.70121623761374507       0.74811758606151835       0.58420411595671806       0.72711305331408738       0.69310225309304496       0.57818275745039160     
  0.70643627454123259       0.89768094431426926       0.55226332408110890       0.55334272493879011       0.50551400168791893       0.54446631904651699       0.72530815165460460       0.58286258433942706       0.94702451582889358       0.42197158311303418       0.62109965531712708       0.54692037761280909       0.56801303741934683     
  0.54446670342621117       0.67434587596571827       0.54666953337523072       0.54064381655743776       0.62695058742055698       0.64071092403966168       0.64118012921570611       0.72791360445830544       0.70813101704445980       0.69728765320986719       0.71210213457688254       0.55987053212369053       0.63150598390686130     
  0.71398632681514818       0.90384340777570382       0.56723716188673157       0.56258752097568288       0.52306921985188115       0.56328296891356844       0.73897532087362694       0.60164117673077655       0.95024119837636356       0.42995382774423940       0.63392804832275684       0.56099644750592925       0.58315712851791368     
  0.58905035489607283       0.70694453243345612       0.73787333737341998       0.60959576539867999       0.67584533875206321       0.71155133389857306       0.67071745033035179       0.78119654935491767       0.69042019550411382       0.66892204855624549       0.64861548451309659       0.69944885528349809       0.66661894229945517     
  0.72179320638702749       0.90943600267917324       0.58208725526965011       0.57205255021004786       0.54008789783536648       0.58180852089079527       0.75355203480921595       0.62046479641599495       0.95327719578224490       0.43749947590569099       0.64637726752696500       0.57505761139955602       0.59933929668551855     
  0.59487445323014543       0.73589782192814934       0.65179822271103416       0.52192728958042545       0.70851816439754522       0.53395162113297223       0.58953300359187699       0.79455372608618791       0.65634720575548133       0.62667686012113655       0.64688225442164693       0.61849252891134621       0.82676111361258031     
  0.73117511446213002       0.91468457066531494       0.59705050374060731       0.58789654569510508       0.55687975612979790       0.60028032312206570       0.76822596913897112       0.63980721416558761       0.95605460300614942       0.44574070364863899       0.65856588251534198       0.59027346165850725       0.61610236328147883     
  0.52734898901206340       0.70142965569548787       0.72246721110022549       0.56495636111372294       0.63374517394916907       0.72699578557829947       0.66451366204058815       0.73213540285128553       0.72551510351736259       0.54722506246089009       0.49988445499169809       0.65315910785585329       0.70475291175948229     
  0.74110090479502699       0.91937268315506548       0.61234051260064226       0.60639311146665820       0.57414539132116238       0.61767528767287205       0.78225849624019406       0.65812049662548111       0.95859792971998337       0.45399640720954276       0.66895808972555915       0.60550921667724822       0.63309354464322676     
  0.65464071183260641       0.64900726118668961       0.71275932891757698       0.62033266874277837       0.65160997286286026       0.61071324863878140       0.70290485693335814       0.54863613536107469       0.65357810913585612       0.66390780550873518       0.62619133422664008       0.61932986139424684       0.72371408689649575     
  0.75107111632918766       0.92387981405168051       0.62809482619963286       0.62083404527429431       0.59253746954044628       0.63493707325703497       0.79539081340127926       0.67177119108399119       0.96103424650632074       0.46224978973234437       0.68126208032495716       0.62112686064013789       0.65071988433976358     
  0.68572365049400252       0.64834936478436211       0.63826129876517790       0.57537890520831403       0.66288056594747891       0.55887171099212574       0.66455920300754001       0.64085690598745615       0.73325404895810908       0.77655575114562447       0.60536757850264100       0.61650917309686326       0.70603061108887810     
  0.76092334691473718       0.92841416242838826       0.64424230116611492       0.63384439437165208       0.61231348987625367       0.65087995818146815       0.80716938584170428       0.68266139616338839       0.96341461713122500       0.47054534041073487       0.69565192271875975       0.63682505558594205       0.66933381871506570     
  0.60715830387610836       0.59361919376044880       0.56354723561230746       0.61713371448810994       0.61737338306957923       0.61686838985275683       0.61081330154302571       0.64606046129572747       0.66100568415219574       0.69521275272045246       0.63187060494950786       0.64626886421141905       0.75157993193308836     
  0.76994796210601402       0.93302664869067042       0.66067325123261922       0.64703074746939415       0.63272357939631918       0.66525604328962507       0.81832861133292500       0.69387313750347723       0.96571248687763012       0.47890174718233502       0.70980113822198831       0.65235859628013504       0.68878348113247356     
  0.54118152444937440       0.61881274967387356       0.59652808706131322       0.77455831364712213       0.63210268154834182       0.54071657816620022       0.61982118983353651       0.54342817909080110       0.57553305122324061       0.61111036038580535       0.55782961477435289       0.74533126176021958       0.65331012749563488     
  0.77773818828688979       0.93771755777662491       0.67798537362231248       0.65986701497564793       0.65191050889582280       0.68141221221992465       0.82874958333885929       0.70533062565514870       0.96815739193742789       0.48741879854240810       0.72341420247245725       0.66791462559046877       0.70988625427354524     
  0.55210644246452167       0.60661962896957167       0.61046194199956749       0.59635654722224563       0.71925748617839225       0.73434004734725167       0.60840826509039125       0.57391901820942182       0.65730447558496186       0.65616132052184972       0.65914774575368951       0.57986495448776354       0.70253689101451300     
  0.78532418373041213       0.94244468893987310       0.69586486605302433       0.67345717878308364       0.66932342555737590       0.69934522548044731       0.83691772976559675       0.71661781084472109       0.97047796337718273       0.49631754090908731       0.73756803588443198       0.68297218084628741       0.72988852826123818     
  0.64777662259950608       0.67958028553349936       0.66792793591500799       0.55090282138724334       0.56241453225112215       0.76117358361583776       0.59101904898803492       0.53830679141416349       0.61192550344976859       0.60643352195447520       0.63913244788582158       0.64240478000110834       0.68150118772565360     
  0.79291329759314366       0.94708012128838492       0.71366421607662578       0.68998727724922337       0.68587618738866962       0.71749576535104853       0.84298750009462620       0.72908652755432490       0.97261775865624700       0.50591579429644729       0.75283399339336587       0.69898639933359574       0.74232529935391711     
  0.60213178332483031       0.65090413319462681       0.62613060420622246       0.62252181871537171       0.62724938616616865       0.61969206373483254       0.54018767465456907       0.61197253521896555       0.57820699694423294       0.68524617456848280       0.57664452541050804       0.61191599610526293       0.52248211208294992     
  0.80143860639147702       0.95176701271417530       0.73027419272597827       0.70917498089226227       0.70308340627652099       0.73523922523352081       0.84943562382703763       0.74641104741116027       0.97471964875301531       0.51600091553540495       0.77058427057045098       0.71580115334016092       0.75414163984767979     
  0.53037573617652511       0.69389662079940162       0.70387799975545928       0.76471936164747900       0.61922119907175899       0.64403651563362541       0.53413795277341680       0.65854776027599560       0.63886964706370908       0.65543541812176687       0.62369502781998398       0.71351561863701807       0.62902590902482103     
  0.81167801759457092       0.95601162897064607       0.74074577383164741       0.72987650042717866       0.72139415770090332       0.75192924551368368       0.85698627100083857       0.76569226078567076       0.97682819091896500       0.52638757042975926       0.78806330231656785       0.73357944669126585       0.76608156837791674     
  0.56354238744137553       0.79042475068584772       0.62235532817200301       0.62543176143150747       0.66678420246654180       0.69959536476814999       0.52836195449430234       0.77962449139834145       0.68995100443693624       0.61237948076288062       0.67812444446262277       0.69636757091611257       0.52736338297886309     
  0.82220289417502879       0.96031168436735337       0.75028528390275051       0.75046183631688490       0.74078985554241594       0.76657168668740072       0.86482395207626128       0.78388969542746179       0.97899161835398474       0.53730399510141136       0.80410552025895354       0.75211733444861328       0.77776662917086103     
  0.58530035127844515       0.70932155751111348       0.58358237963746118       0.62841291875887428       0.60205431079990290       0.59870910182326942       0.52804189371098276       0.64955128001096674       0.56313175746528410       0.66513445097690393       0.59103139987890285       0.62573635107556513       0.59718243128654747     
  0.83241637581986949       0.96419326446213693       0.76136534815728052       0.76852114601060317       0.76063962370584726       0.77963598921407118       0.87237198386393833       0.80189966245893496       0.98100115804709642       0.54863267050463238       0.81998805921474427       0.77089314381181417       0.78892608185829538     
  0.65507001400849829       0.63217259260148295       0.67781760077200193       0.66169005134983627       0.60787108387225552       0.65906473264038967       0.59559608462487967       0.58198415560802752       0.75075370594109614       0.62021515679183647       0.56725261319674292       0.63856808388241504       0.59757727085136136     
  0.84296926270558437       0.96790468308022637       0.77247999095188413       0.78683398909669233       0.78016651703741546       0.79289904798793542       0.88167994212683187       0.81788129146128630       0.98277289558878989       0.55998477256258239       0.83576625517475989       0.78740696840681568       0.80154039246071074     
  0.85335574725417485       0.65956087095236771       0.57954030156274250       0.65135765597834272       0.69438555917856049       0.54755909244125045       0.67009593733863404       0.62907350261722805       0.58039087912704634       0.77997101618443210       0.70450569518028461       0.66881969877502079       0.62424432794572027     
  0.85408355815985615       0.97147381112028730       0.78265894148134330       0.80538689337663483       0.79672976945855445       0.80804766181640941       0.89370714753627023       0.83300479378660086       0.98461469135363500       0.57156951836650172       0.85179749907320179       0.80255933693109427       0.81905336349118485     
  0.63501415800955474       0.67968044134199723       0.58576709976035057       0.64706736311535951       0.73089322468378848       0.58230951685588095       0.72987625508254395       0.51889681183399994       0.59623515095052171       0.65233080404329835       0.64729673024015455       0.69918587043654412       0.74363345889290433     
  0.86508073975693234       0.97492918309031440       0.79584674948565615       0.82477806275046317       0.81254726851773529       0.82472261828920801       0.90588404701385394       0.84788770736804775       0.98646609447119926       0.58310201112917492       0.86754097612067149       0.81713546231458456       0.83675944719006934     
  0.80273302541892466       0.69297686400113767       0.64892781292916157       0.65219798306340615       0.60591931833673152       0.65650380510984097       0.74735621942157515       0.60878632025602697       0.60636730270044048       0.73563326149695207       0.58301580037153200       0.61211375598425799       0.70481053700055674     
  0.87596707030032672       0.97828132109315524       0.81212827413053679       0.84381086461976629       0.82903694004738238       0.84055152582944526       0.91656508178854001       0.86351928041503578       0.98822958957409779       0.59566130645765791       0.88278628107343426       0.83265773383343666       0.85430907786252841     
  0.66204309942290829       0.73271811482984350       0.69599357246600957       0.78328803009639592       0.58335461256760124       0.66992225333435107       0.61543982723280322       0.60811881619763342       0.67494808571388221       0.56564712691727548       0.66095992940657056       0.62406718761232638       0.63375043812265874     
  0.88700276483407281       0.98148662490772254       0.82686376660719407       0.86156022356196704       0.84595040462050741       0.85639859605341562       0.92710909723681045       0.87791331609690471       0.98956690205235287       0.60881932304229258       0.89764523728528889       0.84929948964778168       0.87160810322862858     
  0.72954144742116867       0.62623234931553406       0.52871060901990086       0.66616306559866556       0.56407054830561743       0.63813463623184907       0.66135655592754017       0.73350908826767713       0.62804271467783790       0.72947134660371304       0.62548454839101719       0.58932816015433998       0.70611979107025291     
  0.89814634344122291       0.98474172244868663       0.84185169944147986       0.87824137845836714       0.86428880382437434       0.87333568491530400       0.93719928428614208       0.89339985797934163       0.99019783321551480       0.62331537762751055       0.91195565809605161       0.86663516067165336       0.88731352764556559     
  0.61999121794633383       0.85735571517839670       0.61148027332439137       0.59627477927789208       0.56738388629504333       0.57325314179629927       0.76606416688316981       0.60799276092299448       0.52624285734596088       0.73176246165352421       0.69532347855945198       0.69843060779257260       0.58965674462863615     
  0.90860488392773531       0.98790760756075569       0.85913631490029496       0.89457232458010572       0.88112647065919936       0.89148120064030101       0.94668389793354479       0.90802001633772167       0.99095577261996515       0.63850404395826732       0.92601011789046439       0.88532880690097226       0.90422330707704524     
  0.61492266192670497       0.57943573130224546       0.54681845982202615       0.70442131237242955       0.62360449115146344       0.68981864695883510       0.71878248287467306       0.65868674098618862       0.59368585239002425       0.61665051628941514       0.64013304911777713       0.63091892833103658       0.56683794242812369     
  0.91823488082763427       0.99013073715952793       0.88102414199929935       0.91149387361180079       0.89961191603635549       0.91017908565715910       0.95625788528131817       0.92389309221650495       0.99183185283350728       0.65516729831934906       0.93974396006721539       0.90488000895785847       0.92077508210829773     
  0.57570999357164399       0.63474376096484342       0.62352846433758358       0.63501580564005244       0.79766074426501954       0.62757893859499747       0.64487039216310338       0.57694991658355821       0.53093804933096511       0.66570570432580800       0.83184834167959876       0.55728936366087023       0.68819859228347013     
  0.92825574327460503       0.99210316760674100       0.90468153964145637       0.92923521568067735       0.92030486745445572       0.92809968818472910       0.96674449057575029       0.93991743037775766       0.99274003452901671       0.67427155041317499       0.95274362446687189       0.92440854333624889       0.93766280342214303     
  0.58929924755219887       0.61474840168744316       0.60815236448552989       0.76874343999219241       0.58884960057667757       0.66043298451076160       0.58656319709058047       0.58206011895544107       0.57126610897676344       0.69313885275885190       0.62106006948810832       0.67766198030508162       0.61668188047594841     
  0.93967917843702353       0.99405661922048594       0.92897457359177504       0.94677508052691928       0.93983166968851195       0.94492638588400379       0.97644006878926792       0.95594429524554836       0.99366383939739955       0.69790909195920747       0.96527904688064636       0.94353099984596511       0.95440482851359187     
  0.55982249678681173       0.63921810774072696       0.73613864832905251       0.65941287082000088       0.66180664024971103       0.64089292154271893       0.63827471579371486       0.60246928317194182       0.56660741486358279       0.68661976358775634       0.69976320594526586       0.58362868916995569       0.62196776307277568     
  0.95368940895825682       0.99612540220224433       0.95439134981725227       0.96423829574893061       0.95935763361270221       0.96213587142560286       0.98480051449076245       0.97013022629055490       0.99518258602656673       0.72816928367101785       0.97793648952736056       0.96222487387459787       0.97002030053442190     
  0.52703714097213394       0.62538897044164332       0.66274265761282725       0.69376917964523410       0.69117932187671904       0.67174638065069625       0.71131790069802514       0.65112719975787037       0.74929930290837732       0.61504840820730911       0.62979150492679226       0.64106232207348024       0.60544106840502210     
  0.97268524793231825       0.99806954113088342       0.97694041314984403       0.98196187573422644       0.97986396622640803       0.98103000966758536       0.99291251659435897       0.98521376771960822       0.99740064510583115       0.77242621520996646       0.98944209565722840       0.98139384132834417       0.98494875268437965     
  0.68775879195160106       0.60543018637922918       0.65324348884431482       0.69940992547292224       0.58263665723416136       0.70922597961338896       0.69656812352143249       0.60258126066370121       0.65039962831850862       0.71991492179519279       0.74209086718128314       0.67604731784735217       0.61455611389381892     
   1.0000000000000000        1.0000000000000000        1.0000000000000000        1.0000000000000000        1.0000000000000000        1.0000000000000000        1.0000000000000000        1.0000000000000000        1.0000000000000000        1.0000000000000000        1.0000000000000000        1.0000000000000000        1.0000000000000000     
  0.62797698606796826       0.64572563967847052       0.70703726156017532       0.82787663624475871       0.57900923732372422       0.63442922915128708       0.63356243872155105       0.79190636486819710       0.62569531653141430       0.70394744251990593       0.58790303335585326       0.60431207662482689       0.60216149081516857     
   0.0000000000000000       -21.451304625736444        9.5430424252981307        2.1069696538180498       -17.360025712318670        12.605366210066263        4.0875138863229710        13.495009756094825        0.0000000000000000       -3.5950730166169720        7.1147941689388103        5.0394187872119502        6.2378257192921041     
   0.0000000000000000        19.137931693874084        5.8914700495166148        8.2188344802891482        10.164080749825796        9.3570051303210118        13.136222206647735        7.7997945444244730        0.0000000000000000       -17.704651677390864        5.1786834556331112        9.3161921506267831       -4.9536116147683593     
   4.8848812396349457       -1.7563374532489147        9.9508308750497303      -0.27483109079251877        5.0406670332725847        1.6197111471448471        10.566541072748947        2.7499602367809759        0.0000000000000000        9.0121695565052651        11.427972073753134        5.0093998799907302        9.0510278163607882     
   7.3842931297103176        7.6360043186352264        7.0146563106210360      -0.76699156754692221        5.8264677849420936        7.5189544283657179        2.4494071604172709        1.8655351977428161        7.0263850754029571        5.3641509685292768       0.48477719113439588       -4.0344633003930284        2.5467337108736228     
   4.5026590121466405        8.4743811098428985        1.2255182088546663        5.3850445615170042        9.0968844322444156       -3.5864508500487822       -2.2931116357080130        2.4053073872628246        11.407686270287668        6.7184445377817585        6.7180940409875758        6.0876107615083503        4.6995366206650555     
  -1.5249787434100743        13.169433216962938        2.3726654585441138        5.8810092809092733        3.8888523341428516        4.4986330585195615        4.2724698972213284        7.5745555892239125        8.7347373472972052        11.221842613884606        4.6207895814673536        8.1231230653102742        8.3623605903159905     
   7.6208011948545185        8.1906084344294250       -3.9369886622529324        5.1073325677561421        8.1068763284486920        3.7674897312121538        1.3185227590643789        2.8910926919169921        8.0669951770160786        15.190612523348348        9.5928613302492547        3.3778432829606047        7.5861987304933125     
   9.1425803291336916       0.34690207016049829        7.5663662683113042        13.240915739689630        4.5184133104073148        3.4246597763220419        11.816057787233264        5.8273793352578132        1.5331092614060344       0.99654374559622383       0.33884169457097835        6.4474522975360582       -1.9786352719340534     
   1.3403144242458661E-004
           1           1           1           1           1           1           1           1           1           1           1           1           1
   5.4326445062423962E-005   3.1944562936940313E-005   3.4822389191716109E-007   1.4304533795329204        1.9606942544365915E-006   1.2304393536951491E-009
   1.8720576145443705E-006   2.6767413460425312E-006   3.7798850758285549E-007   2.9539248745608613        3.7795440268987006E-007   2.0171653062550837E-010
   5.0000000000000001E-003   6.1913149753698828     
