   0.0000000000000000        0.0000000000000000        0.0000000000000000        0.0000000000000000        0.0000000000000000        0.0000000000000000        0.0000000000000000        0.0000000000000000        0.0000000000000000        0.0000000000000000     
   6.7475568462331125E-004   1.2089788788146410E-002   1.2847334669667606E-002   4.8351986892328606E-002   8.4239167484348870E-003   2.5888763767323266E-002  0.16653716318844358        8.3427025210745728E-002   2.9358153754859374E-002   1.4160511818786775E-002
   1.0779971813988589        1.4724679308317432        1.6044574829257090        1.8109124014422597        1.3652292504357657        1.7109448642662068        1.0779971813988589        1.2184231813306117        2.8926258221148560        1.5915202040199632     
   1.2962969987883196E-003   2.3818136936662904E-002   2.5403105047805775E-002   8.6987612536882974E-002   1.7444057732481189E-002   4.7689216210787033E-002  0.26717566403166187       0.14845325465720255        5.8778601587335208E-002   2.8654640689333075E-002
   2.2556257279701466        1.3454656857946858        1.4517137009792449        3.0936623149818780        1.2884668881696291        2.3756499771313249        3.0369834625807410        1.9060630840581079        2.9015358776600988        1.6861374741924096     
   1.8586065758687386E-003   3.5666713900783444E-002   3.9412765355588811E-002  0.10969336160507477        2.9136301487377302E-002   6.5074117464871573E-002  0.28464209198307455       0.19708952564889134        8.8461045641197347E-002   4.3073830627331666E-002
   2.4445126534060448        1.5490069147843366        1.4444625557211388        1.8763591532586976        1.3941093128881916        1.5615315174932898        1.4949553917254261        2.0115961461945711        3.1481820426164959        1.4026469413432632     
   2.3955905840097507E-003   4.7540692689723857E-002   5.4752700144323839E-002  0.12870201076276422        4.3017000164961933E-002   8.2774556051573425E-002  0.30086978858065611       0.23373464949310679       0.11922313564089429        5.8886897889948796E-002
   1.9978149221063972        1.3704374244181223        1.4926891389910262        2.1294337193870079        1.3962300629088151        1.4819334999221805        1.8411036876433386        2.0445255434791427        2.8874063825230118        1.9832137886383829     
   2.9317808009302793E-003   6.0403098483458095E-002   7.0442023376027507E-002  0.14261388866527913        5.7340388029568631E-002  0.10072983022336265       0.31529372003953388       0.26200504770017180       0.14706317388186618        7.7393185050581084E-002
   1.9630359659664376        1.4664706969028352        1.5725605311897635        2.0209487229531433        1.4508536745552842        1.4605273851728813        1.6616253530413527        2.2920293705591681        2.1383026398449418        1.7729658144116969     
   3.5476496429488083E-003   7.3798074749904782E-002   8.5716961051663751E-002  0.15422654533367314        7.2356532376584348E-002  0.11935114787945669       0.32758391450874075       0.28765984480772022       0.17116309614741632        9.4680129888350270E-002
   1.6642801018498721        1.3204793993706014        1.6000348392139863        1.5148015591728370        1.5050063487653476        1.4438089548801885        1.4922206838836063        1.8325291591931789        1.6254859737166878        1.8501984354099019     
   4.2165589107610972E-003   8.7899040718599414E-002  0.10063034359740103       0.16650342614871455        8.7742969580434690E-002  0.13839620626288246       0.33767574930850747       0.30993550306503465       0.19541607976906678       0.11122560009035373     
   2.2700082861073918        1.5865056608789967        1.9857082321180994        1.5384759277622202        1.3690863689201889        1.5634809237218605        1.4167950778673268        1.8961187653618614        2.1066370051677241        1.5477883188120465     
   4.9511998681775610E-003  0.10242704117040374       0.11548566722631792       0.17824602391465366       0.10401781274212324       0.15688841501593684       0.34714692295212496       0.32891029387647275       0.21947837226113648       0.12796909989430877     
   2.0637317557598678        1.7332907978400405        1.5432559370929368        1.7207931690384772        1.6757349510574175        1.5705378713651168        1.4911373931915723        1.5932253599845572        1.6492491967808391        1.6406151469096555     
   5.7347577350368795E-003  0.11772777806357056       0.13103319291306981       0.18925292493157328       0.12056299087105973       0.17459121415433865       0.35607841926168077       0.34660505634598321       0.24092570400676155       0.14468476576452288     
   1.6813148491016958        1.4980081237879912        1.4429554733321794        1.6083257436823328        1.6764568541526577        1.8551798306155598        1.6669239175206112        1.4896094118652252        1.6351819360092494        1.5578784468100901     
   6.5763946315244484E-003  0.13340091263013501       0.14658213534987752       0.19991916245601968       0.13720881680046312       0.19191715565811110       0.36503350220474762       0.36429313396704760       0.26173007417328825       0.16150040858430409     
   1.5618475377878152        1.4881936626439782        1.5256769861210697        1.7357024422671168        2.0253909843104450        1.6143677613312017        1.7016341502399142        1.7998776023068115        1.9310744791197723        1.3836547929370573     
   7.5329276207996782E-003  0.15000187822528405       0.16336141170138813       0.21064278098753542       0.15386159608381350       0.20910768470768418       0.37400485216040424       0.38269421072915727       0.28323049375277715       0.17779028886347278     
   2.0220806339133834        1.5558471585761440        1.4479112802053744        1.8423440176079608        1.7056174179415233        1.8390790694981620        1.5558760383152472        1.6866288353909953        1.4604216372109431        1.6179113736110580     
   8.5852649236885757E-003  0.16693284752865681       0.18078849210078024       0.22251511302630511       0.17026934555869996       0.22639982216335916       0.38263476989939843       0.40050559992826956       0.30555597242225857       0.19422658734904977     
   1.6462465936298512        1.6354724270576695        1.6937843524165355        1.6395970466358092        1.5682733869382040        1.4387653142219652        1.5058953758629794        1.5923927291960853        1.7135269141368388        1.5027534522993602     
   9.7492550794940937E-003  0.18331220813115243       0.19825877204067058       0.23391281215942561       0.18692527040930695       0.24334394975493473       0.39131424515672580       0.41653961074526352       0.32754321746942483       0.20999304317263953     
   1.4974748588185929        1.6892934557527890        1.3953368465652438        1.2644299257254348        1.4149903458626789        1.7386543922612330        1.4871552550162173        1.7470374735648564        1.5921653217671334        1.7500692431411324     
   1.1064961750580504E-002  0.19976059846831537       0.21598002414278669       0.24428903688053483       0.20341702265334791       0.26134887166458692       0.39967920638185106       0.43156684288169284       0.34772225160714731       0.22553675869522619     
   1.6153598526672319        1.4614387248445664        1.6965579307506011        1.7033571744530267        1.4797128551936383        1.8295277755316441        2.0459875101942493        1.7685127610227831        1.5660941442747389        1.5224619750140065     
   1.2402609614612597E-002  0.21612734791111859       0.23090178471503275       0.25478699066184662       0.22042970247852003       0.27772153955400397       0.40794977202966093       0.44583632710646781       0.36736401683731951       0.24105676220780120     
   1.4252960476729868        1.4709141388691693        1.2258957717733889        1.5139036303940583        1.9122463401103249        1.4169814453292402        1.6626810956184610        1.6695705751731118        1.9232754559336425        1.7539612007660550     
   1.3977289639266321E-002  0.23282352577717122       0.24438413362009562       0.26471767417925451       0.23709842724852465       0.29468122401379293       0.41610321718984877       0.46069663834405622       0.38588156688951830       0.25735223413398245     
   1.6381050699351263        1.6301197688736415        1.2405527439937798        1.3092421140731183        1.8913456485677356        1.7818065657942734        1.3933405481166286        1.7487421859957677        1.5542409990634438        1.2795635020799787     
   1.5572043339185092E-002  0.24997246412122820       0.25795685986793165       0.27521135702856847       0.25329269865310028       0.31153484238143148       0.42424762430622981       0.47815922165018343       0.40420160846328124       0.27377880190989812     
   1.8003157732458235        1.5538827062614531        1.5706391131004647        1.8093713569444685        1.4699050908198619        2.0686904227744494        1.3567244588168874        2.0523252315061540        1.6107331344599221        1.7141519396742686     
   1.7458631286551989E-002  0.26706006804261884       0.26894511593104947       0.28531936256636670       0.26959265495144308       0.32859097753783545       0.43251316616179752       0.49458525983900758       0.42170359003047769       0.28992596420173711     
   1.6766079037933275        1.4411413285863726        1.4637275984609739        1.6792487028974112        1.7037458245807635        2.0032429207114784        1.5366770303870192        1.6916861160126753        1.7944380912885292        1.4648404993970854     
   1.9484613869505490E-002  0.28455635664755924       0.28299374062573601       0.29529177567198489       0.28660048402547034       0.34528792187165253       0.44066941129734244       0.50983072373268468       0.43886434117799084       0.30607529361778163     
   1.5346967598721499        1.6928160183405390        1.4238012159817262        1.3503277333409209        1.3753117534016286        1.5525584297809050        1.4193494295506734        1.6225378162178572        1.2841500618917769        1.5842300132170055     
   2.1667950163429608E-002  0.30191450606441000       0.29769184422238570       0.30496555484929638       0.30237501213671009       0.36124618211826315       0.44858622734637593       0.52337820283934988       0.45561756809847626       0.32238743140913922     
   1.8561960978708645        2.1604193576431920        1.5984654896477211        1.5701194540002978        1.5352723537551480        1.4831567948613680        1.3864209845567943        1.9740705652789468        1.5367471903296139        1.4855912154882793     
   2.4007557925405206E-002  0.31959766801483458       0.31275927892399558       0.31484456654867216       0.31652079350121326       0.37632847079774612       0.45641782977897932       0.53608333473448677       0.47140599003657979       0.33920762122399234     
   1.4797702485801778        1.5081014052018527        1.5035016225275812        1.5890568008733543        1.7629279602510723        1.6277326715844689        1.8876278143143816        1.6085917138888473        1.7158500033853128        1.4664414632009961     
   2.6887903907260924E-002  0.33777293975498374       0.32735918364683614       0.32499615064520787       0.33073760666495655       0.39167167204623304       0.46417248745883344       0.54889332036554939       0.48634948149167373       0.35559261033090350     
   1.3116185301639101        1.7125741224832385        1.5908964288848266        1.5159258007057268        1.5663061335750390        1.3356365850322154        1.4951779115409709        1.5159833534315597        1.5602605960991680        1.6903431935466555     
   2.9754145096545333E-002  0.35436711399972171       0.34153636350662936       0.33558197799449019       0.34537239501782580       0.40771706616109932       0.47191378240495385       0.56234570475515200       0.50267667776136371       0.37096554370054030     
   1.6003877937870632        1.4735762310737222        1.4844584973841208        1.5973033110816302        1.6115089556903606        1.8428456371836890        1.4930929960605106        1.7761004803762328        1.5501332314859080        1.3935515921044244     
   3.2578739644678251E-002  0.36819321210809236       0.35481988135267351       0.34637252634564131       0.36017433770143908       0.42393155395861870       0.47985502790114132       0.57590567174257179       0.51927053898342990       0.38636046789351225     
   1.2997780386385134        1.5544283307740039        1.6012716567199574        1.3968741805897686        1.5462416052787051        1.5774465718137518        1.6162835841665901        1.4640887818545822        1.4666425719036953        1.5590668569772053     
   3.5528288640921238E-002  0.38162729144204555       0.36951511636614537       0.35668863933427419       0.37445646517712750       0.44023509117927373       0.48763555726694086       0.58921605414109413       0.53486178572440413       0.40314163464706887     
   1.3221101714998873        1.3053635080888724        1.7823075343315222        1.5493839221796228        1.8515525791424876        1.7005486129164435        1.9188174462631402        1.5951328826486937        1.4843630815509088        1.8123027498639761     
   3.8678710785044541E-002  0.39525359371054419       0.38488628611542430       0.36694923800606427       0.38873583234337689       0.45647773540765407       0.49510068728015794       0.60209005539770821       0.55019422453240840       0.42072505480839767     
   1.5120470173987095        1.5377669688606932        1.5877686213472719        1.3847629906183487        1.3667270852001885        1.7590243481558772        1.8523138646698005        1.7279219276327917        1.7082320676668676        2.0834586147560406     
   4.2131251423420273E-002  0.40958797730733154       0.39988335244690926       0.37725644123813512       0.40279898330072439       0.47235493513122367       0.50247872556826145       0.61434867071109800       0.56488750102027052       0.43831866610901199     
   1.4911240540698032        1.5128458005884249        1.4244141524543532        1.4642146327955257        1.5467108492499317        1.7442073530149906        1.3694023601502290        1.4411901841974792        1.5382420238468446        2.1184610650506372     
   4.6074279975122590E-002  0.42684240121817546       0.41510552661803629       0.38750994236643382       0.41817727912675684       0.48779335153290421       0.50972269291512540       0.62642436966116544       0.57936424635203387       0.45579925589374359     
   1.2671704787233746        1.4627554151475253        1.5698425788191657        1.4276271393076239        1.6798665544193780        1.5637723876248599        1.4194102073053285        1.4004779633147308        1.4072263918058892        1.7234170448228128     
   5.0605703435235537E-002  0.44452635940018026       0.43031064820776804       0.39766036367276131       0.43606373932209480       0.50275940068877389       0.51694535073210679       0.63841674552548922       0.59265141904627672       0.47201097898707306     
   1.5425442837711654        1.6343173884490765        1.2736490110857812        1.3608251341049871        1.7293507403982413        1.8041579061132678        1.6529551643766220        1.7949643700042242        1.4783893610261167        1.4828646251062765     
   5.5113575779937571E-002  0.46227204989642401       0.44566162511163127       0.40840388037894987       0.45356696107364897       0.51793862134892354       0.52428381554357528       0.65073407260946670       0.60593172341959944       0.48684726337525897     
   1.4854551877040214        1.5860965294343690        1.6002486482419880        1.3962580729270455        1.6889198110776849        1.6141176088838811        1.7907496737477351        1.6599840946170523        1.4247349241926104        1.5898815470394771     
   6.0974502131738863E-002  0.47962599954364732       0.46161891777345776       0.42007984368575746       0.47065041161630444       0.53313251849731746       0.53138875696776067       0.66264174399681430       0.61952365024800971       0.50197864235818068     
   1.5591870965948651        1.8024657051903361        1.7065701362437724        1.8610944024284781        1.6940996880487846        1.4580601175566232        1.9021871579774539        1.4888260051707300        1.2386865308240920        1.3689321817905153     
   6.6735310124589345E-002  0.49730008101646916       0.47782113518329622       0.43237799269127863       0.48694312261434120       0.54822167399099264       0.53865075823191011       0.67380478299120816       0.63299320070301979       0.51783930614577922     
   1.6371764547814047        1.4040194123134537        1.7005200562811198        1.3506893460109672        1.3315390687974256        1.4644442581707595        1.2971079231862686        1.3699345052347893        1.2924489417760228        1.8163625864647048     
   7.3481625654938945E-002  0.51542289861416524       0.49414106131946239       0.44507828202096283       0.50122952589430514       0.56296225224527929       0.54608556669631936       0.68501035477798355       0.64614112655761724       0.53302203861956354     
   1.7918929689503320        1.6420644137407918        1.6331794723658766        1.5111135838826082        1.4143344319736204        1.4421174163265731        1.2809885443997999        1.8990001595313324        1.5073051761365321        1.6278608877576572     
   8.0351584336897805E-002  0.53305882681303940       0.51091157855122071       0.45759610429414888       0.51614996087327558       0.57769726031434954       0.55374247906857743       0.69564797278425583       0.65868491851755939       0.54724632590170652     
   1.5016647757717867        1.8424534394355703        1.8230402704163906        1.5327309236583113        1.6507066538436144        1.4012832484503031        1.5939551375062337        1.5414614140757226        1.3298602521864691        1.6585503516453188     
   8.7772694166773080E-002  0.55089838623186504       0.52845761379423362       0.46983231020575167       0.53210434316592592       0.59244648902239860       0.56149607274458568       0.70550846944239809       0.67093294285862282       0.56168685318434963     
   1.4028489019521619        1.8628930882240990        1.3585237970518993        1.2754390104512447        1.4642000700715776        1.3637863255064466        1.4438542828023140        1.5298998540230491        1.5719195062731908        1.3977436818994018     
   9.5706585247058745E-002  0.56828721112221614       0.54596317819523077       0.48220989646171197       0.54788652741399868       0.60726532222685725       0.56890710708836179       0.71532682672865311       0.68294729857377434       0.57648806948974107     
   1.6136130538177926        1.7178290715314568        1.4840585186203459        1.5191178267253889        1.3847125648736309        1.4781230464465793        1.7202520826720500        1.4813118859884415        1.3794151745661847        1.5975482148909328     
  0.10451223336535249       0.58598109093925288       0.56324094058381957       0.49464936005764942       0.56312272853478584       0.62310177126566857       0.57615408046434380       0.72530178870323014       0.69506636711405922       0.59111654730966257     
   1.6927347957026129        2.1309307789275445        1.9422174545367403        1.5661503801865917        1.5797932954902414        1.8164432198449227        1.4855535713795243        1.3080763371299691        1.4617729226139391        1.4779519203972364     
  0.11409516130687508       0.60276016488184303       0.58010036281040855       0.50710910469857884       0.57862645963767922       0.63676510326027225       0.58366927805163793       0.73562743980180689       0.70765200600666067       0.60535448552460902     
   1.5451994058364178        1.7355705844484313        1.9415764990041660        1.1263227878856412        1.6236477905578666        1.3710569674520456        1.5570940193480904        1.7531611145012795        1.5514203796774666        1.5658066988563613     
  0.12430724952992520       0.62006731924904357       0.59648942582236153       0.52001640989849662       0.59362057038528881       0.64930419800456185       0.59116735595192893       0.74449868460963464       0.72058347119298061       0.62040244586459026     
   1.5723015027980147        1.5394414655287783        1.5671257936120091        1.5887493080017818        1.4225853737369725        1.5682196889916260        1.5020517102853772        1.3464950744915782        1.7114245166412989        1.5665800496293378     
  0.13553177125599963       0.63599524490640602       0.61299225031417404       0.53290230562297047       0.60859422731965496       0.66117347910695889       0.59866100930783162       0.75453421185632852       0.73321464480042775       0.63628667568906971     
   1.7255163348147164        1.5035425531084834        1.8923379422277324        1.7639443767928307        1.7165087694575654        1.2577146996860586        1.3036821240391485        1.3388727885925422        1.3505752725934541        1.6933823004572202     
  0.14765056700583326       0.65100896800227170       0.62930996424520669       0.54625625712506276       0.62425214943893459       0.67235696148517288       0.60552207514205358       0.76591941347203585       0.74621104275681105       0.65315224238684155     
   1.8368176915345977        1.6517025018668465        1.8489086818356950        1.5217911814798379        1.6229082431973643        1.2609740954182331        1.3891977297527938        1.3355570895273263        1.5362246180774985        1.8099621124105258     
  0.16093822322151691       0.66751555983613131       0.64556189771783645       0.56011663929310596       0.63974723027692249       0.68685959822095954       0.61268687620265894       0.77687707633470626       0.75897562435279120       0.66948571784025968     
   1.6382405067228873        1.7591982028761501        1.7206463105795424        1.5951992458783610        1.4869871181659364        1.7908166209545189        1.5398030851329740        1.5796395463874258        1.8315373703360396        1.4459840119638565     
  0.17453008434068817       0.68365467075398145       0.66096334455381733       0.57396900449468913       0.65556907623179816       0.70215015137545533       0.62019914751402849       0.78764266680484663       0.77182346959320403       0.68478642276821411     
   1.8285947404698788        2.0651612832469586        1.5040740942598587        1.4138019774816155        1.5132078294854410        1.4904623540564361        1.7224243769901175        1.3269403491972886        1.5262282962594680        1.6987461618897288     
  0.18864042900479530       0.70026477981138036       0.67639750361405615       0.58805711296018226       0.67221922087697539       0.71764309486308331       0.62752847483179652       0.79840019472759061       0.78540155322385508       0.69987359998542775     
   1.7101590231957844        2.0585689414877075        1.3295045160367986        1.6941556617592561        1.7264531607746147        1.6886311602710256        1.7782751483350718        1.3444564541651158        1.6940546464984712        1.7078633839161246     
  0.20354610965615008       0.71638888539639323       0.69200802893541458       0.60141698122145493       0.69026086430925959       0.73313262968198212       0.63455738488056779       0.80949034005401710       0.79776298970205550       0.71524326183960174     
   1.4605032130844657        1.8499892802448252        1.5707179708843200        1.3928218862159958        1.5833389190543312        1.3961818140259283        1.3757396834891531        1.5866645608153289        1.5629918593588779        1.5427262769956069     
  0.22114482902776708       0.73294073159982109       0.70824092702954788       0.61427659914722843       0.70628375213857109       0.74870584522487438       0.64154492918267070       0.82035108970007720       0.81010099005333491       0.73068680744764103     
   1.8723165959348984        1.3376468185485251        1.5133117677624353        1.6696844815342284        1.7291847958306206        1.7283300105178254        1.5096767421686028        1.8265815784561810        1.4168642371604225        1.3158035655647440     
  0.24456130927423730       0.74868840967338646       0.72411113278624550       0.62781103696068552       0.72126087736498934       0.76506125739582065       0.64829809238508496       0.83114969929869309       0.82257628624298040       0.74483837176968937     
   1.7487092641549131        1.6018684048645035        1.9582248970430975        1.2999754248709825        1.7142421939391337        1.6673622111158402        1.7491678187340984        1.6049921036944925        1.5403702940870589        1.6825419531203674     
  0.28039328366844590       0.76392862207613965       0.73983642556621454       0.64208654586894220       0.73617822827782442       0.78098212417499357       0.65480755954664582       0.84142269007526860       0.83474381088417515       0.75700157722794581     
   1.4329419741791629        1.8304219423126236        1.6216238824129365        1.3402026077596483        1.4237031451384417        1.7969969317340202        1.7024028498757975        1.4510962629860527        1.6639607668825889        1.4010790571811969     
  0.32974309940074370       0.77936004077932097       0.75445099548820826       0.65549120493981561       0.75289107516672793       0.79694820296318603       0.66124084791155480       0.85153013192065552       0.84672013593149176       0.76878683761039124     
   1.2387958686136147        1.3858654516640583        1.4843318008571336        1.3873032292046630        1.5797679669592493        1.5048111089360614        1.4031344464538105        1.6587179114698745        1.4339586851273511        1.3431446921610184     
  0.37859125575294578       0.79586481241929286       0.76909389669545747       0.66877254406076991       0.76966919985574467       0.81284119401627031       0.66844208951578532       0.86131211694649401       0.85848034810387730       0.78050528294977473     
   1.2573029652265528        1.4623023096802306        1.6350254280356022        1.7294927917924074        1.5606692908313917        1.4995364363977999        1.5808276944952036        1.5736547743623264        1.2625167695760806        1.3794195824895097     
  0.42522395013110587       0.81177008952030960       0.78420425741442767       0.68317655052100579       0.78736628274230980       0.82797125199770072       0.67560963391875495       0.87134526009751823       0.86926064086756771       0.79581726128255514     
   1.4815389342528325        1.5789499089289531        1.3704870512079275        1.4932211496006140        1.7043607556322782        1.4755460849623694        1.2301311714846730        1.4753825879197606        1.3270502986974160        1.6778195248259622     
  0.46934287510533534       0.82740047544862305       0.79963781229285713       0.69781870403801238       0.80462154343881065       0.84320396479323079       0.68272693426141784       0.88173269788612918       0.87950440480864556       0.81304951857998498     
   1.6417170571186639        1.6262199375484405        1.6774960106974424        1.3536746900462149        1.7461875441108454        1.7705050256318151        1.6191148237463244        1.4855185453079627        1.2578610332455629        1.8154396765139160     
  0.51159059556924058       0.84291591963766455       0.81713521378421661       0.71260712532223658       0.82123366283274746       0.85749625384945316       0.68996505828705113       0.89216408221442178       0.88949213032851127       0.83071599980941091     
   1.6653772795526049        1.6752519357706928        2.0214258025126370        1.4960743935460894        1.4500980581995602        1.4836251408157373        1.3964080335527300        1.3037213872076510        1.3499135391842234        1.8239371970961036     
  0.55153741835239722       0.85803952816315887       0.83469912475449903       0.72814591988463884       0.83769610718550114       0.87116647876677122       0.69780650318630977       0.90253887852764481       0.89947960479247857       0.84799598263585985     
   1.2480816987941892        1.4458384098769894        1.6709565806293476        1.5877068498690803        1.6551817888594005        1.4237603259316443        1.4614877532725199        1.4199488167919831        1.2845613297253589        1.6559767863518366     
  0.58953431245450738       0.87255844617117839       0.85232788572259366       0.74441234464558370       0.85481368909579647       0.88486521847330457       0.70585461856027842       0.91282217438218527       0.90964827139201998       0.86411469596151291     
   1.4695407687644333        1.4752359837367501        1.8905488521194036        1.4859275887601420        1.9312571490504702        1.4673739469358649        1.9645536916613329        1.4975173126780519        1.5198183574958715        1.6247527426630515     
  0.62632595765272037       0.88671591693106555       0.86982398228799984       0.76193087182358488       0.87133981507717040       0.89866434470447232       0.71348036745445431       0.92281481954168232       0.91984836784204138       0.87915341153698690     
   1.4756890192414964        1.3783787614340055        1.6301272590114577        1.9977331604247699        1.8135065113179301        1.3098874964529486        1.3004511629740618        1.4312018951802845        1.3828328432178487        1.5485265404974475     
  0.65955959779040541       0.89957188164474955       0.88627273663460526       0.78029128700660078       0.88636591130968112       0.91326499678717676       0.72007589934322735       0.93249564853305222       0.93007925292752813       0.89391482639453390     
   1.6666496805512150        1.6681057935189940        1.3524691886787463        1.7592014451009150        1.5094175683059534        1.5947451589500454        1.5996104912292983        1.4168280402241447        1.4865630481546570        1.5171997688772005     
  0.69167515745318053       0.91246148078364953       0.90324650128573036       0.80014337880184960       0.90042633554421958       0.92770042631361882       0.72746387939254231       0.94218624916810823       0.94043471345092466       0.90655450940913485     
   1.3655325712132202        1.2194600893197780        1.9721321835606551        1.6712207949413576        1.9326592814538102        1.7361504092346278        1.5171881907391263        1.4517033155274355        1.3846357805297651        1.5467151026974926     
  0.72429373722325296       0.92604807482643292       0.91870926952382559       0.82092170124911734       0.91687140754077689       0.93998138251145535       0.73530301215970584       0.95178111178038416       0.95082033928688603       0.92126453584460455     
   1.6050368962418344        1.6815568849617064        1.4081302830364006        1.7939325586895007        1.3513908183863184        1.5506569633037086        1.6194704083019964        1.4964778422294684        1.5961615628460872        1.4448220698248311     
  0.75834815082030449       0.94032812038034153       0.93443717646457514       0.84198248995422575       0.93426586450084304       0.95224292211665273       0.74629360418321078       0.96180284543490402       0.96109215997987851       0.93630623322713391     
   1.5411745342250140        1.4820376904047821        1.6140286361666305        1.8423726940126597        1.3249590989461464        1.5833406649207638        1.6497908187193424        1.6200508986923141        1.4042260991943707        1.5508756671469908     
  0.79518279779281476       0.95614251883367318       0.95039398064859637       0.86533358531233406       0.95009461013952323       0.96563332846240391       0.76226461229046116       0.97116707398803459       0.97124093388849808       0.95270976714223232     
   1.5032451101154880        1.7212180610731080        1.4150676883726401        1.4323418892571576        1.8052229184693223        1.5715840357009503        1.9781851351182811        1.3405529530079787        1.5080932012685704        1.5405330937926427     
  0.83537652259342610       0.97110335912593282       0.96575740243399055       0.89512322085818685       0.96548527669067508       0.97832404458511635       0.79116386704532160       0.98092765758554945       0.98127753559168107       0.96901519408209758     
   1.5498209082703713        1.5734470923816080        1.3362289107536840        1.8881469851839789        1.7570406695951284        1.3800588643891001        2.2387019803450969        1.6139627268363441        1.8106457310779942        1.5726857835787327     
  0.90239067710022891       0.98527822546398314       0.98302968101053700       0.93777958718155308       0.98285009405054025       0.98930170088470526       0.88053522362677961       0.99039654620686668       0.99056643981747072       0.98449187834682561     
   1.4382541923466854        1.5026026741103098        2.3153810157577199        1.9915383392868378        1.9667543568263552        1.8076198437939754        3.6213325919981547        1.6193889674980133        1.2030197636927569        1.5020216288642565     
   1.0000000000000000        1.0000000000000000        1.0000000000000000        1.0000000000000000        1.0000000000000000        1.0000000000000000        1.0000000000000000        1.0000000000000000        1.0000000000000000        1.0000000000000000     
   1.2128277426896101        1.7969505351087787        1.7995747696183395        1.6539136458835895        1.6053958917363631        1.5064444322821111        1.0779971813988589        1.4449629690584032        1.3686096404806249        1.3547716094540885     
   5.5305269674578854        5.4223888917900007        5.6121573755077510        4.6033545704008274        5.4862892012065609        5.4222061015624581        5.2814163337888447        5.3732515897029218        5.3619161297632978        5.3979777357349565     
   5.3591478728837476        5.4623510385369851        5.4234795910764770        5.3686362761352280        5.4150747462787345        5.3764123807279436        5.5221568048472696        5.4793259197694830        5.4049015467950614        5.5223976551182519     
   5.2001467335312048        5.4544075163117984        5.4622797664277716        5.5694217463443474        5.4668817630920659        5.4376791342729751        5.4074708579263682        5.4614048151376497        5.3518896982752029        5.3558102395599514     
   5.1555399363254590        5.3479086170812726        5.4482001014877435        5.5591578930993109        5.4000992567438066        5.4404083707937234        5.3307727986795825        5.3201342096114557        5.4125892753174796        5.4865184583520881     
   5.2975747730288196        5.3548066188795103        5.4302352596300096        5.5411792282043546        5.3989141744674933        5.3554926079112288        5.4444396920025229        5.4178061843926653        5.4461735867440826        5.3371422449631449     
   5.3688160266131977        5.4489148159841667        5.4382047208043378        5.5565443715359732        5.4391273634564632        5.4452497830236357        5.5011613020989030        5.4351552083648889        5.4683625987907005        5.4470855113351870     
   5.3542021055687723        5.4138501068571294        5.3506567005576233        5.2465491735240946        5.3347201861205988        5.4135533184351683        5.4545165198176511        5.4346716312044663        5.4608164857128507        5.4946465376268305     
   5.4868972048876392        5.5083459914982598        5.2115401300167408        4.1895011199246079        5.4537265368618266        5.5339471954921065        5.2911505341232346        5.3999028097861794        5.4174188780612260        5.4401266131862398     
  0.25515265862791725     
           1           1           1           1           1           1           1           1           1           1
   2.1331318224792515        1.6778873264117404       -1.2291128597544042E-004   5.4457362070167559        2.3969183561041293E-003   1.2328400878354023E-004
   1.3637726719930809E-002   1.3272736696819262E-002   2.2559704785726203E-004   6.8486332107365981E-003   2.2554814749642618E-004   7.9194003232830627E-006
   5.0000000000000001E-003   5.4204337472624795     
