   0.0000000000000000        0.0000000000000000        0.0000000000000000        0.0000000000000000        0.0000000000000000        0.0000000000000000        0.0000000000000000        0.0000000000000000        0.0000000000000000        0.0000000000000000        0.0000000000000000        0.0000000000000000        0.0000000000000000     
  0.25150953338634829        5.4105578636900594E-003   3.5430456075506290E-003   1.7793022342255736E-002   1.3787788862066433E-002   1.4691738962821025E-002   2.0030930726385895E-002   1.3905192016558947E-002  0.42550385147654857       0.14487326195249486        8.0350896124306334E-002   1.8615673142022098E-002   1.1852123204539768E-002
  0.63644433757271868       0.95356487670333978        1.0005913499401748       0.90212931719081590       0.85253202514965709       0.91783016142337148       0.87618023292467895        1.1416174455013899       0.70806435833302750       0.70806435833302750       0.69033925803698892        1.1056677128666546       0.80883306308251934     
  0.28660107934218831        9.7988175911885057E-003   6.5196980485029976E-003   3.5633006324375098E-002   2.7180830016348440E-002   2.8443328790059903E-002   3.7347277669556034E-002   2.7337183001015848E-002  0.51533129057978444       0.19667456675085362       0.12283433414600274        3.6834822164722919E-002   2.4798034847602540E-002
   1.1941289830418389        1.1237787260079131        1.1190068130010966        1.1017520851264051       0.84207715047828580       0.81575835212524339        1.0305837423367428       0.78425233982100062       0.93383963938779591       0.76779605703993625       0.74036321919029402       0.98178683883097195       0.93100000603382749     
  0.31435831496975658        1.3850755915060405E-002   9.4796170332942138E-003   5.3609733532975080E-002   4.0016820952714707E-002   4.0908715831001155E-002   5.0011431466826045E-002   4.1699938472803878E-002  0.55935126857228379       0.22982506206890690       0.15265731466841509        5.1299977721038448E-002   3.9529321191669686E-002
  0.98505463792467607       0.75266439283166031        1.0806293193511618        1.0529647296091882       0.81839017660823121       0.94763814820807379       0.87809885761752737       0.68801805093026946       0.86665645210748987       0.92500005706779320       0.77641866775215540       0.85264406803155868        1.0002048646211223     
  0.34018799205025946        1.8008979259665797E-002   1.2253652992163935E-002   7.0486110962360335E-002   5.3582663493137783E-002   5.3676939998172850E-002   6.2304207748237118E-002   5.6420204374155278E-002  0.59429668783960865       0.25130139869501406       0.17972466269567633        6.3359805323584706E-002   5.5534013115437236E-002
  0.98355293554655132        1.0377867188184298        1.1170548174954100       0.89005013858580317       0.81350283993736006       0.72775437466905424       0.78774388574755494       0.80955626039410533       0.84091196784517208       0.73970886965436111       0.87767570059063160       0.75346993678472940       0.95746055036032052     
  0.36503403425673575        2.2306137510066642E-002   1.5032632832983006E-002   8.7087863099812632E-002   6.7865799828405529E-002   6.6523832149243997E-002   7.4009793056988626E-002   7.1467452645379653E-002  0.62248917385397651       0.26644473258208073       0.20908340625534294        7.2053237151248561E-002   7.1567324647330663E-002
  0.85306466961543737        1.1662807245757103       0.95211289005096511       0.72379022923829439       0.88839580267198315       0.74074618977585138       0.87057515756855530       0.90975851444643052       0.87051857752705353       0.67794023218138122        1.0025590285270842       0.75663703047442465       0.81858034543903979     
  0.38657163630140084        2.7030655029321150E-002   1.7822796329913678E-002  0.10423675478287636        8.1958307265046618E-002   8.1650684127387116E-002   8.5174520204207196E-002   8.6582053498115721E-002  0.64732848767276852       0.27920737704441451       0.23454514468483156        8.0768302378888407E-002   8.6727994473457692E-002
  0.75917060470098685       0.77503446714675350       0.88680944862713262       0.82649509657771170       0.81675957683389644       0.74702288331978239        1.0018311630732666       0.76030673086101452       0.76722615752832601       0.69095965974141149       0.95041124657614739       0.87909660636853015       0.98719674757155040     
  0.40146843954882011        3.1632839413185010E-002   2.0794419744038353E-002  0.12023710759654142        9.5182186408874450E-002   9.6234891086023511E-002   9.7105347077442533E-002  0.10223302803836852       0.66586371126192578       0.28983768894224049       0.25362697251980681        8.9933870262470100E-002  0.10097211433240594     
  0.77547507781411873       0.88188437109805451       0.89143021301467495       0.83778828300363573       0.83128628069683153       0.97440919092264611       0.91661169441268942       0.98388661527537069       0.88774730897019716       0.77094422919168470       0.90596113900229991       0.84006304865092774       0.93412528931662753     
  0.41484860263058532        3.6323117527197829E-002   2.4171859658624492E-002  0.13568344425135753       0.10744885926103798       0.11064614587690386       0.10980170783856286       0.11862135269532699       0.68319472597782194       0.30034798444879079       0.26746884675732113       0.10033681854363848       0.11527425845732917     
  0.91811996175731980       0.71600018232509155        1.0385248877634763       0.77275601554286877       0.77317289696083846       0.91964900681108341       0.77465937076244851       0.92495434760716755       0.88746606345160983       0.80813987706588719       0.89734117295359561       0.92537567868119408       0.85953562355368951     
  0.43029986202465653        4.1187399922823123E-002   2.7600877458635605E-002  0.15076339875499498       0.12017264055286858       0.12543427182695088       0.12228974821133835       0.13531016279047786       0.69695059201168064       0.31012604543870453       0.28230574189340779       0.11330482859989177       0.12996228571266791     
  0.82952798809236750       0.97429608596870765       0.83275917671421951       0.77984767275566602       0.80639380585585430       0.79098383113365478       0.79614252639417815       0.88630914946693307       0.77765014162536195       0.89639994768471720       0.94264113601636279       0.93221720758316251       0.95150862200280661     
  0.44550027315733687        4.6368838349354909E-002   3.1416135491578817E-002  0.16888849163002456       0.13364713887191595       0.14094775999987352       0.13458237633006831       0.15266278747932038       0.70837338806033701       0.31932447309119338       0.29704325273409610       0.12773052369853985       0.14528387552366259     
  0.82639653813959379       0.83451648324936056       0.86637263313650115       0.78496529229229894       0.90367773988825650       0.81950817471041748       0.89315869078086996       0.90840880160535875       0.84920956174315043       0.83054613827712787       0.92045782878074411       0.98427253424654371       0.70487054497543256     
  0.45990439975839498        5.1754028542118628E-002   3.5446680918977756E-002  0.18812495187966752       0.14841544992821701       0.15950055724810439       0.14644333460511533       0.16918324515230024       0.71947066697093798       0.32886447192885682       0.31085637733885907       0.14093243359560562       0.16070838667399259     
  0.84281681480155601        1.0576855204889390       0.87098694313629155       0.76807696723994534       0.84946171700518369       0.76380747907599911        1.0196182824385491       0.97013185814594782       0.72198892657824887       0.82249642170496529       0.86073242672467742       0.90365451839109201       0.77431373385173252     
  0.47427733845818176        5.6862348479090497E-002   3.9684023789503031E-002  0.20766926036368288       0.16389631221068043       0.17667714974795462       0.15815338982871702       0.18493050028429606       0.73082824483176034       0.33833571319953548       0.32373522404339899       0.15423665945795617       0.17550980306148742     
  0.82120731714451756       0.90071440036818506       0.85067625230967414       0.85250500215996361       0.81685498672591073        1.0399978643195755       0.80522414855773616       0.78294545224913403       0.76690975654578541       0.82848825948580773       0.88418250706224499        1.0424636603631205       0.78591392137131955     
  0.48886043612100383        6.1774607449269006E-002   4.4761123776923283E-002  0.22729183411196238       0.17863107102903722       0.19264109147117833       0.16951700703823722       0.20038511645196541       0.74336761542341590       0.34768265865472869       0.33624153961787601       0.16752265031269153       0.19058097475813554     
  0.68414630655070241       0.84210525402918945       0.80149858348356817       0.86790506244117227       0.85572662446633763       0.83902778387001742       0.93595320869608800       0.94206268367002921       0.90170378959710507       0.76606383113940324       0.88346644314467426       0.87966454740375410       0.78461521909297127     
  0.50319296463557106        6.6775690734756143E-002   5.0167980315694014E-002  0.24731679596764222       0.19379714676276877       0.20836620963524224       0.18023706599227607       0.21585327472485288       0.75413656565000819       0.35643849980353665       0.34905300744480983       0.18105872889772351       0.20585081707180974     
  0.87338283863658006       0.74444954397745899       0.75385225709129944       0.83417544685053713        1.0032420449725687       0.81065820108743736       0.97937088287186935       0.82594035333900451       0.82710941538181959       0.85466923848141907        1.0263540020303545       0.96383325211915272       0.96109637817467641     
  0.51741929455102253        7.1655788406128851E-002   5.5274698975670139E-002  0.26698563574019007       0.20938431908126087       0.22418114207780304       0.19064584723474293       0.23246508004831581       0.76418559622099180       0.36461293099490599       0.36190867358608264       0.19510256269694773       0.21934941469628347     
  0.82738216195876135       0.80402915065828329       0.90876655263508654       0.77800440793241943       0.94164583026119686       0.82234498754169805       0.74143503493878471       0.86702667883112194       0.93156528617948220       0.80257406897639427       0.76456573016199270       0.82617237352529282       0.67157474671184469     
  0.53233966808270283        7.7253628906688909E-002   6.0582571581901383E-002  0.28346782054408076       0.22488430211646337       0.24080432151757353       0.20087836776354204       0.24913078584764092       0.77328775526733085       0.37248158741892412       0.37497803736214330       0.20912340244455421       0.23381778936921041     
  0.70755843658948647       0.96987077299851232       0.89931242570631120       0.83630156299877056       0.77539372013400520       0.85603548922246409        1.0629994136242595       0.83191556822525592       0.80684846586799919       0.84831963229970642       0.91394367652075903        1.0485305115048897       0.80908219898998623     
  0.54592051632679739        8.3230688470682504E-002   6.6232686292772472E-002  0.30092400007253334       0.23932008210896760       0.25886548460940001       0.21098724040911751       0.26411523464164322       0.78209098320947601       0.38004541143415665       0.38745412767451287       0.22338441794518299       0.24871869296497107     
  0.87025826383088434       0.97364328618925378       0.85996640767946053       0.92491751400725553       0.77856553194567191       0.83514933488850907       0.82044242510445897       0.69313686129953989       0.91664366390120189       0.92948750858008944       0.77810293164447331       0.86488090922718641       0.81541033516126893     
  0.55927244857319525        8.9507310576465118E-002   7.1863127630581475E-002  0.31681377799754307       0.25402517292522619       0.27659834200830336       0.22097443943925024       0.27766087255928484       0.79035398712100424       0.38770835912982721       0.39793591201680478       0.23866301215836447       0.26512008536620546     
  0.95914756140095048       0.79443549925592649       0.77354200733211065       0.83503936633788867       0.81449491239984595       0.84197853852391258       0.67129989684053715       0.86047029018127041       0.88754295709917141       0.85985941434639968        1.0134568864667375       0.89625858382324031       0.75813829258181409     
  0.57244832984478444        9.5693175995807234E-002   7.7726378835938775E-002  0.33232987341360032       0.26908709367215761       0.29225722396846471       0.23071122371254305       0.29172944871440631       0.79837621584888396       0.39553607783951511       0.40846575152089254       0.25464103909943103       0.28194611517302903     
  0.79093730141455543       0.96386572178497942       0.81782926736306605       0.74380126456392737       0.86249432156693484       0.82109652227034713       0.86314902860067355       0.83939916012385352       0.79701919483467587       0.93938370539819460       0.85581103281051862       0.84952997300043032       0.79659700200001704     
  0.58610750507417364       0.10166902922552283        8.3607144350408003E-002  0.34707895862736338       0.28452049670158630       0.30725424311998339       0.24100592299410514       0.30543032881026744       0.80614150248967187       0.40330295528851345       0.41946727464065925       0.26987934666263219       0.29805361780959205     
  0.82226134253849859       0.81178840658191320       0.95857506727972108       0.75223318272898543       0.89603487805222914        1.0321386988157291       0.90393975871810317       0.84244465818508119       0.83100603151155905       0.89378414719978316       0.86680165726131131       0.88573392945787233       0.75631764592449446     
  0.59993004858918419       0.10798647927848233        8.9980758234335365E-002  0.36161114915531817       0.30106434195282133       0.32294886742605655       0.25129459560260703       0.31920054318760205       0.81355410251952454       0.41116320646549348       0.43007201062351835       0.28377263641999445       0.31436297379880263     
  0.80308665177335659       0.89845695877030329       0.90466120307027975       0.74862061816460590       0.82073325205398429       0.83823038152952867       0.79475793740375533       0.80133711954072495       0.84273439871976608       0.88030666184872819       0.70925406433709604       0.92518819671226138       0.94539240296996851     
  0.61232906223939754       0.11438000726417506        9.6479383838700306E-002  0.37678820152624487       0.31890135243043377       0.33926111462546804       0.26228726768854871       0.33305289081622852       0.82074592096926302       0.41934364087185710       0.44096060457907843       0.29714108008505269       0.33025772187177571     
  0.84004976648278518       0.69643997822760073       0.92364452858886559       0.87540091731732650       0.83490235880284469       0.74949517331389137       0.78004308190246252       0.89011906397149221       0.78150258934667238       0.87899155095906378       0.72662427646954686       0.85316563549334057       0.75655112461929264     
  0.62484321139773646       0.12073561914104328       0.10303369961215054       0.39254054261254051       0.33730785766933169       0.35529654047646320       0.27360011513253080       0.34690300803407259       0.82784174325214666       0.42692265512148259       0.45156887064808338       0.31072211062597060       0.34583870255308052     
  0.64923937083426386       0.93090232318976807       0.90220706518155946       0.78479273969758423       0.94324716398269370       0.91448481325557152       0.74542267250703964       0.94520339041652435       0.79902320958189943       0.96507031435173307       0.80799181301768608       0.84143193219424006       0.79247148061008887     
  0.63518374858575066       0.12704503313394178       0.11009785803514981       0.40823475194402814       0.35524783380045244       0.37038910589799168       0.28545648959956460       0.36123971544340483       0.83449689984623598       0.43362884227321541       0.46344835440115384       0.32419483494342904       0.36097228695007305     
  0.84051153628424646       0.82407141827376862       0.71568427230033693       0.72197574273177556       0.85482348914508677        1.0023940072074062        1.0686849395378513       0.83137169552220136       0.81670228035725689       0.87737442013566080       0.78452734293324655       0.74807674978812755       0.79341726278062763     
  0.64589535433761658       0.13375429880979514       0.11761624710843080       0.42352454227649855       0.37276904845483888       0.38446725761819650       0.29679998795356055       0.37655184943330666       0.84139595840610981       0.44016803648385289       0.47544192719990408       0.33588776255508745       0.37572244289141771     
  0.88617072311952716       0.77096968355141016       0.82835495763390932       0.79027688636194815       0.81617668208907967       0.81311858003803239       0.84327515058519020       0.78959981360534803       0.81580703787551123       0.75928368931529078       0.75578434178536225       0.69826323768652399       0.82680211172597384     
  0.65641620261801337       0.14080717885064187       0.12581260257426408       0.43809947085830125       0.38792385328908002       0.39827219813950854       0.30684254267235622       0.39158983856674834       0.84843166119325353       0.44673969965821081       0.48839664438358438       0.34891404908006290       0.39160999138462815     
  0.88148312501777637       0.85368972308512303       0.85958038054017760       0.79436157013102471       0.85045635702768163       0.85839501371886129       0.87653697254018015       0.84853336231269594       0.88402906125170100       0.71566461920246716       0.75612731309901537       0.72647545244359579       0.99276298680662456     
  0.66779962401061632       0.14774214851815645       0.13445391086257066       0.45212355578753621       0.40239416099078451       0.41261632855950836       0.31493751032036615       0.40555743315335846       0.85502655397986627       0.45460971899308950       0.50038466945545701       0.36242510803774619       0.40878788465998672     
  0.91518349432086410       0.74837161892518056       0.67777304050258513       0.76442230235838604       0.82746206417012913        1.0102998253284792       0.75291041446545459       0.72968671228381932       0.91075852149132386       0.81443984011183457        1.2284038963884873       0.77227427545143468        1.0186368387637219     
  0.67961769633755209       0.15480328856099870       0.14335343512259263       0.46778833173415668       0.41675895629769577       0.42752180188720573       0.32354465312445446       0.41902011440644776       0.86119465180258625       0.46266408954603366       0.51086743302595006       0.37828883143933695       0.42231084605704527     
  0.77883751577619575       0.77882898963513181       0.90536025042481627       0.84384674532473114       0.84676091468750347       0.74344893881486940       0.78369904140940316       0.93970104299672330       0.81419681351139750       0.89384033227934112       0.79338445039941807       0.82444662957665193       0.81070916230983292     
  0.69067259371479217       0.16304501367805321       0.15282492133802864       0.48210303874904092       0.43116498526737562       0.44204094311020975       0.33237841191814327       0.43206484423176394       0.86734218328911283       0.46926492942093312       0.52110103999251289       0.39303747168543024       0.43668353822633105     
  0.81709035222767312       0.71265639371735190       0.81187660860714539       0.80819610890108229       0.87210513547808211        1.0034462310299859       0.74618618437705497       0.84048563694402267       0.82286057890540554       0.80474734444851925       0.79184479215798931       0.86055947970916025       0.76916038925436458     
  0.70053139355903049       0.17171463412977567       0.16283807018101210       0.50338457173342654       0.44600149372122572       0.45474914640666991       0.34231443600399070       0.44375576211138507       0.87294830143470303       0.47537500613251349       0.53316466055589573       0.40850195517871801       0.45146437823548879     
  0.77718365224205466       0.79294158241007084       0.78923316731584692       0.74084155335920754       0.73678581515942243       0.80490325803617080       0.87274246330795902       0.69257374253474324       0.85171493855066038       0.79129321227032667       0.91184744601140100       0.76682385587368429       0.84719148261932042     
  0.71200892126861703       0.18069465143498084       0.17290297331306848       0.52532900298571938       0.46092521794260599       0.46683268742776840       0.35328689373764122       0.45477991349914104       0.87843305073077038       0.48169190068238960       0.54376942333057177       0.42504766597421006       0.46353131587997776     
  0.80033424602082215       0.79410595909032033       0.87151694511207478       0.88774405002160262       0.88557539865161183       0.85704353260035349       0.83292443697227048       0.74684226513542218       0.73431945309025526       0.86009402757399023       0.77987209569806781       0.73408174941803317       0.80096817425177125     
  0.72406077378636247       0.18972351493516496       0.18327447869818989       0.54271224663324447       0.47546714130586848       0.47936971672850093       0.36349078958731434       0.46665335502118627       0.88377387134724361       0.48780200712599098       0.55543842390740761       0.44296355002616544       0.47333859663849898     
  0.81929929076033903       0.75175807091660407       0.80531549212983555       0.77472249212456612       0.77371446733824656       0.82583727720601408       0.80896888101716924       0.87618277011182388       0.92162311882167891       0.83639491381560849       0.90182557159611343       0.92030315118275374       0.69963606372571008     
  0.73478873943962597       0.19911176173460768       0.19470383702905811       0.55917508311081821       0.49096359628397934       0.49317623597471805       0.37293589815683320       0.48143260618146116       0.88846034809728391       0.49460806223534820       0.56761830470983599       0.46000108624310038       0.48359121552191431     
  0.94036498122415113       0.85974644596896221       0.87757299327008020       0.82839010898390530       0.84756553002547053       0.73865599601782916       0.77141237975497245       0.81027058721124301       0.92093978212797112       0.80199418414521728       0.69798067694092913       0.77179926745167371       0.92950190350601314     
  0.74473679555904360       0.20863484638145155       0.20667636518238269       0.57630941613537368       0.50706710997298932       0.50712402413230329       0.38401606790772447       0.49905038192632362       0.89318589703577478       0.50141500060779975       0.58195879046781440       0.47566149989235013       0.49526997856243449     
  0.82732459514113887       0.81165826473534985       0.94435547260338781       0.90193480079483246       0.98610358315505975       0.81911543852892765       0.92049141934182710       0.85520985022258633       0.98303770342050767       0.93263136456075824       0.89904076633028118       0.83205457822634354       0.71977608845828078     
  0.75539563790767206       0.21820918888498234       0.22064003117431624       0.59384846197864138       0.52271828040966550       0.52033414073847184       0.39602378126726467       0.51742263996752114       0.89713909454443019       0.50831692711933241       0.59736692923870205       0.49187462725462477       0.51260046612725052     
  0.82980798682449397       0.73376580250850965       0.97717115172679403       0.76689073388670914       0.92438440710489012       0.85594930066406993       0.82107251416089411        1.0407097750484167       0.67971183317446515       0.95127033793692328       0.85314398196919872       0.88892585194772922       0.88403515332429017     
  0.76699092570283534       0.22823293238785680       0.23537854334556810       0.61100857297027089       0.53657818881334451       0.53497512055241336       0.40816898100138055       0.53503779426803799       0.90095246422752862       0.51546141628930309       0.61170649096363860       0.50740204716682735       0.52871115128769453     
  0.87535897507073046       0.94987152190908697       0.84359623932912120       0.83370362455831692       0.88607871764432200       0.83113406856334215       0.72993950122443818       0.86594452557720525       0.70596115502879409       0.94773663128662433       0.70450411601923124       0.77054145451060763       0.84292417308715284     
  0.77754195713749064       0.23829657672032040       0.25022731545566207       0.62733046791604830       0.54856649001725921       0.54947610046436257       0.42097701593993919       0.55208763502250180       0.90504398651341011       0.52303928000123923       0.62566838933393287       0.52284037320385224       0.54462425397342973     
  0.78047669984516410       0.80865264078146371       0.76336063988098601       0.99250073356836921       0.74264629816512773       0.90754420484401543       0.98451344044477174       0.95956709002295815       0.92388968403960825       0.81288493141187645       0.73616518872969872       0.78133777466073651       0.88452331074182156     
  0.78768218613150975       0.24818504701241012       0.26565528197361382       0.64353719506228513       0.56039938320885319       0.56411788127375340       0.43328995456377256       0.56879823711828625       0.90895372907709127       0.53076596439043267       0.63908548505132856       0.53859009644174494       0.56096096717055455     
  0.86280555929965752       0.80501889318890552       0.92587295280917448       0.76030536185307673       0.86476986745997775       0.89415005339647269       0.78789228979695802       0.77470317412160594       0.83027569506346655        1.1125939749119931       0.90057550721134660       0.84064595174564838       0.77757392236319689     
  0.79739815338677400       0.25829726320416868       0.28125892558727711       0.66053961946191475       0.57201474271601427       0.57865649217325710       0.44490811331788843       0.58556047838968839       0.91270460202842296       0.53816615669781609       0.65158765383301498       0.55485831156549614       0.57888053305816556     
  0.82753529281600613       0.86833864699356778       0.85828738478682887       0.87215448538934859       0.74006027526416795       0.81095979702829790       0.76442432605173305       0.90564065501434021       0.96560439746042448       0.86967292052019518       0.78962582823030070       0.86794722931879820       0.97014452327316325     
  0.80732827949694586       0.26985629508571934       0.29743902796009658       0.67671348291501587       0.58603655958062473       0.59384535523885540       0.45599448089299555       0.60329368385471682       0.91646224673708909       0.54544772768662142       0.66451283210712697       0.57158493999574855       0.59775538187990473     
  0.96822412686088299       0.92928973389230973       0.80301652367363907       0.93017407763660664       0.88748169923875897       0.76969159821795996       0.87517124733264529       0.87354092915988091       0.94290584448210457       0.87097637629922409       0.85707650856257611       0.75483044345198003       0.94207387357589478     
  0.81683033610631295       0.28338705340219900       0.31452634956122516       0.69095308399930522       0.60301187619754704       0.61053062440135308       0.46871284128017004       0.62189625854947095       0.92029353051523599       0.55274663993625373       0.67756612379036973       0.58792401994121035       0.61602561422882629     
  0.87242868932522588       0.87183611349382306       0.81023979516854006       0.81966851514967343       0.78731945952953131       0.90459881546401011       0.77901667596891488       0.93603974955595248       0.72062828756559405       0.85673875746938521       0.82913902134552975        1.0042733372735257        1.0337902256323759     
  0.82584515924868462       0.29764289668143284       0.33021843146029001       0.70564376991374400       0.62007447908223867       0.62844413627858109       0.48235305040266668       0.64061883039779022       0.92392296663044227       0.55922876580437397       0.69016273675249740       0.60361607536520656       0.63394710755638461     
  0.87872223887585443       0.87527184627633559       0.81483151822207434       0.75130851383960329       0.91407162112144169       0.83192731538718023       0.78394629355035383       0.81130982731066026       0.80874008746637238       0.75490789398598801       0.86497517008993541       0.94137175265341821       0.84283092813529137     
  0.83428361638892701       0.31117097892824092       0.34504544835327383       0.72152664718175197       0.63738685614125568       0.64798760178955517       0.49564903577634717       0.65839833905248024       0.92733865228979795       0.56558320945819918       0.70153709820613830       0.61930810758552723       0.65227169899485637     
  0.82964908184781827       0.84040701668540418       0.88264340342393077       0.75041336679664261       0.91238497948489961       0.95222633584157479       0.92880037256147552       0.90888333569256707        1.0360235677566147       0.77928140530309642       0.87922077875773696       0.80922958322749350       0.78732074776646643     
  0.84188880982251979       0.32646557195878168       0.35945661900395498       0.73780292597043184       0.65495464719519325       0.66683288084645553       0.50880717753712457       0.67719379987245976       0.93048805296048087       0.57235352671066719       0.71295685006932452       0.63439245952246770       0.67040631348935587     
  0.86131806393486343       0.89617164644150704       0.80839044040117858       0.88400643173576610       0.78316709953407249        1.0162967046404452       0.90288743115701586       0.91321332318982384       0.80591222027591125       0.80225839765148377       0.85682510347335905        1.0467603060481943       0.88746513861587262     
  0.85104388903818184       0.34367699551200004       0.37445202147766482       0.75197969904415563       0.67290583544350968       0.68534884698639142       0.52099483112329925       0.69328034629954316       0.93353649217847123       0.57890780194603819       0.72471297764043618       0.64911919569863308       0.68831358562074396     
  0.95656398433597323        1.0553709851974888       0.74073058835906880       0.75772191582237702       0.85495793659024999       0.89031553948823960       0.89253669779363021       0.72338064246010780       0.71911463078364735       0.74474184185459746       0.77304837253217029       0.80147986325955944       0.77786777791497852     
  0.86017609834047537       0.36198204880975787       0.39125839135300566       0.76528846229566538       0.69104496883620881       0.70297047112041489       0.53225799500585891       0.70981849117988161       0.93667526431126469       0.58561739062065399       0.73721785318885624       0.66384435382487772       0.70738701002649762     
  0.80319315956702753       0.82909527166554897       0.84642620033721760       0.82658740761322769       0.93257256311151382       0.96548498006533301       0.77881378524111888       0.84420708906735598       0.85956993545737470       0.85946079698756250       0.80235219535322000       0.81690670250600073       0.96552316712189035     
  0.86982360264676817       0.38169106958433618       0.41002154901075816       0.77780705638782788       0.70802757494741619       0.71956560389716051       0.54369383200055776       0.72637953457143789       0.94014922484485608       0.59291220319942728       0.75066392188361408       0.67861394520124385       0.72707041925762761     
   1.0943378927718144       0.90545380033884604       0.77627165049117164       0.92481047598369082       0.86653189523664353       0.92438630253515763       0.70573198608574439       0.85590608310086835       0.95081039057553374       0.87884781620445995       0.84101598480860007       0.77218984198877505       0.92532278888393504     
  0.87825586770068509       0.40264728359040569       0.43083460015048741       0.78883133999440214       0.72456706347743138       0.73688378002167343       0.55536184586347592       0.74379238942785741       0.94398195017778630       0.60055789377266322       0.76462727059849411       0.69377692239656108       0.74673680839768852     
  0.88703331390122397       0.80148849560853253       0.83761576099280866       0.79110611315154655       0.84345142227291581       0.82615548216361878       0.79079879552710619       0.77862237897411812       0.92165125766723222       0.97186634711103914       0.96946012747888977       0.76988406737494852        1.0493028494732408     
  0.88658414356827597       0.42570971801936619       0.45473821944097026       0.79997776868786530       0.74008066334576883       0.75347242096304912       0.56910042615277767       0.76071270680958603       0.94770931859474328       0.60709032078849934       0.77981002365791985       0.70984321820025253       0.76617667462374783     
  0.78927150715116867       0.76743931042962543       0.88895239179677699       0.81664845658787999       0.73937470316728360       0.81221715382268400       0.87997293200354720       0.80433328758102252       0.88071546708548132       0.94467184786707348       0.80600458420090693       0.95210170062686850       0.86567375249918943     
  0.89626298981694308       0.44829905291754246       0.48224118674781663       0.81317148625645663       0.75463988214230837       0.77071046822151279       0.58335667609492881       0.77682277189535365       0.95119141749256120       0.61389187837454795       0.79535071537389257       0.72776846163508591       0.78475607175546913     
  0.94896799137020649       0.88434475379812627       0.90502567337045026       0.75232698011929033       0.81459812642384199       0.93969783673104346        1.0002924147791921       0.78203781160519670       0.79122275690034549       0.86436846126728639       0.84974668099667250       0.82145670000004323       0.82080011361255434     
  0.90657094884598155       0.46962307053904762       0.51103079054089640       0.82763170623272497       0.77025342047147272       0.78847524858853157       0.59909047206409893       0.79349618698246061       0.95455605983841585       0.62168102843075701       0.81098770284958399       0.74710748060786558       0.80265205250513971     
   1.0583619342835571       0.84310223048722399        1.0128498954039635        1.3919431662683250       0.78552358431203462       0.68310622728397918       0.95275625902238026        1.0005711804577095       0.75168413246316312       0.90100892198136573       0.76585478764911075       0.81341406835256025       0.96054141766965817     
  0.91496808217920633       0.49177298969015015       0.53926434515484811       0.84224699739117703       0.78668867999230307       0.80617352347697324       0.61490543110977169       0.81049830418097557       0.95748641682079383       0.63009878759340565       0.82558092986585718       0.76600609535410069       0.81950302537182707     
  0.89187392673428834       0.79557023161225993       0.83514832557229401       0.85687713746160121       0.76883094405108354       0.84896422354260537       0.84536572377521479       0.91637927576939615       0.82480394423747250       0.76567936490593425       0.89930044621765282       0.83664193753565497       0.83895738624669813     
  0.92236423058210260       0.51626433707721719       0.56846390433060401       0.85447575952740362       0.80241419775392042       0.82413604102060201       0.63224764619809937       0.82625608484391300       0.96021838994791475       0.63890959716466411       0.84000050699464290       0.78440027565015424       0.83576155302757049     
  0.80189974104249540       0.89526099341419696       0.86493270474171846       0.74764432787681101       0.97428179549390204       0.82328714976506223       0.84952829583602607       0.88832038423668025       0.71134208935176546       0.96653971469731925       0.84248730053124987       0.77226304409705027       0.69856995513841913     
  0.92925070116097042       0.54378800895174362       0.59841679648009505       0.86764232288285903       0.81750551578528041       0.84143740995929384       0.65054848767867812       0.84044807877715955       0.96327730427456870       0.64793028546300391       0.85323172401023062       0.80346561747464862       0.85253381530431582     
  0.84877065799754858       0.82613146825776085       0.86194387495650493       0.92967113514344346       0.97235711948584758       0.89241726525687670       0.94613883383601283       0.75842161031155175       0.98396164810317599       0.83562669351260677       0.95938662815306808       0.86525829782568664       0.93682976676649032     
  0.93578055966343054       0.57393160542540955       0.62947728221693078       0.88316182454509673       0.83419931357917476       0.85783572559674204       0.66817339182315283       0.85461726845014685       0.96661841800447112       0.65763000067568256       0.86696710552279488       0.82236356694519785       0.86858087334166501     
  0.84534903140417128       0.84410327556562870       0.87763047472138556        1.0146416370759661       0.85345074343273841       0.90687646719162840       0.88408382563605969       0.95253390427105200       0.90218400690509148       0.95229173597171657       0.93893096474492355       0.72300753133605689       0.80499821341916811     
  0.94225399622427508       0.60735225075654831       0.66289986758008812       0.89801633951739412       0.85177224828402975       0.87396578942391423       0.68544256102919199       0.87075656585610584       0.96986825164280854       0.66744302219020424       0.88087994645562828       0.84213799752373852       0.88408083544380645     
  0.94166812041512304       0.80207025740269144       0.79120980076734448        1.0743246855949860        1.1535279473274487       0.89431229425739711       0.84301237629757364       0.86495034622440614       0.84335972211748833       0.86186368585901196       0.94238845886753053       0.82408307795521607       0.81697609540702798     
  0.94883353686660910       0.64415537629555919       0.69664856090432703       0.91202879581081098       0.87026338123364289       0.89083009692811865       0.70378875011431741       0.88674079062114142       0.97285262494033076       0.67766383698438692       0.89433384195365406       0.86124485593144051       0.89910575003984738     
  0.94416620232172366       0.97353527320068844       0.68750279727830477        1.0695592396471487        1.0554822406402002       0.92429348169253978       0.82793828701298999       0.96527432089582221       0.94800845325865601        1.0370793605778952       0.88050030900892817       0.75408208896210760       0.84716639083051648     
  0.95590271133814897       0.68233469592164786       0.73084664168695157       0.92602251311065265       0.88799465762316732       0.90774252391520960       0.72225666528739951       0.90296294370576147       0.97565198463544889       0.68795731556440920       0.90755065730978102       0.88049567579561472       0.91377515186286584     
  0.78219251670776346       0.95447043871133486       0.84473367122431409        1.0473808929270683       0.79305310981927524       0.86019786520090757       0.84188120938457855       0.93098356097380808       0.91727237900386294       0.86577789909148561        1.0233050469145275       0.84381418868941271       0.79360448257860605     
  0.96329773100595828       0.71803534248378531       0.76469597243211829       0.93929441269820690       0.90546374693925047       0.92302293147595715       0.74369972679334295       0.91988776275282358       0.97858204235251967       0.70178402262015060       0.92029201293774165       0.90050741034396897       0.92830044094578323     
  0.83074510375670996       0.79961674560604690       0.79306958993273713        1.0472879548878795       0.90406884514108043       0.81604863029623864       0.87286012776250577       0.88484066230734526       0.75071363121453061        1.0613416493976700       0.87255064069366550       0.99457882279753707       0.85839064731370207     
  0.97023156463774030       0.75742847436307137       0.80525410382927876       0.95199173349568744       0.92305698470220121       0.93784079222394234       0.76858705026513419       0.93712004718618835       0.98199376129404303       0.71762171750578740       0.93363811360867011       0.92102203867771204       0.94276442376867076     
  0.76888519973808489       0.74462694313094624       0.75071824454193947       0.86798953083289976       0.83219306612695310       0.72049853744369252       0.79181651946098042       0.91942541085417318        1.1311996388339323       0.88493940234851898       0.83777142286893491       0.81639917431624331       0.86515503345903633     
  0.97663440427484405       0.80244675698976486       0.85484619289689812       0.96407497095552230       0.94130113194659659       0.95318854474792181       0.79486671565473510       0.95301163047548221       0.98591276744803380       0.74016774205161040       0.94830471584013942       0.94237761774548578       0.95598087870805848     
  0.77294383691997270       0.92989151174558082       0.75976718850030134       0.87534918107436233       0.80890327563458386       0.86102209474196412       0.95055456800332738       0.83130003654563600       0.99199206856339994        1.0811384050501895       0.82684141245701448       0.90599467700993785       0.90765241714714706     
  0.98359674041863421       0.86420654603509750       0.90172572274268326       0.97612177060944905       0.96063208494148888       0.96901036327259327       0.82408070025875435       0.96901884454019460       0.99006338403098848       0.77829498005013287       0.96436155280042379       0.96355338076964803       0.96936503126992468     
  0.78882226976178460       0.78632868586098215       0.71432727712108579       0.83804332992945363       0.88795673026270250       0.85588558873136711       0.96717543414838936       0.88081490654750261        1.0074949129353425        1.1726112301081992       0.91162101129586226       0.92264859708585367       0.92462080739057195     
  0.99195043840961561       0.92972745291099179       0.94870214971314049       0.98830465615376317       0.98048188259878855       0.98427589731492215       0.87385434493149983       0.98407482841627192       0.99503143169120367       0.83600071621133620       0.98116993509051964       0.98126261926425684       0.98413495450042376     
   1.0412821976215798       0.72832914885433842       0.79182361497643838        1.0426447323666062       0.86003712564694024       0.78644281151214257       0.94211145874689672       0.74009991082099735        1.1612240439776806       0.78596549743341038       0.97818349042533059       0.95899560666122441       0.92666683555418594     
   1.0000000000000000        1.0000000000000000        1.0000000000000000        1.0000000000000000        1.0000000000000000        1.0000000000000000        1.0000000000000000        1.0000000000000000        1.0000000000000000        1.0000000000000000        1.0000000000000000        1.0000000000000000        1.0000000000000000     
   1.0690218409990806       0.93654033670155390       0.77331690410231979       0.92450467750099408       0.85272792352817228       0.82481638166712856       0.77417424332380769       0.74896155917919849       0.82850810952614851       0.63644433757271868       0.86308267449887188       0.80638060774440512       0.92354050057273807     
   0.0000000000000000        8.6456282798105377        5.4939182997427674        10.780759747569148        10.081386480728026        6.7298724588393162       -13.869211611425383        3.3555559475832064        0.0000000000000000        14.958156118594697       0.30437985559772507        9.5482499606718960        8.1713882545767369     
   0.0000000000000000        7.0796380854833849        10.008490406783713        5.5369085450308599        6.5851414341066130        9.4260164784683482        6.7993193199245052        4.5471791741960965        0.0000000000000000        6.2553766509685049        6.3512220419741023        10.455977704187470        9.0680352884021733     
   7.1896725572472562        6.9814355084730977        6.5367496614788028        6.2972811055446751        9.7652572059886502        8.1722740510558953        7.0897979353751781        8.9826998023147393        6.9624426308076837        8.7057849419488669        5.9076690181501377        2.0415907943128229        8.3280682601706992     
   9.1939847869731146        9.3447826197719621        5.9262374499192978       -1.9893555062113579      -0.51293423240910163        9.0577098300786325        11.172932633751302        9.7543944656714903        8.2054889547301233        9.4478277903969961        8.0933777904902939        7.1286403725676477        7.1611269017376689     
   10.030892511279642        5.1619697673636749        9.0836919538909786        7.9170272262442092        8.9724622917384931        7.1422750608263925        11.533469313566838        9.3982597363451195        10.581101214413026        9.3597053444434319        8.9679433888739517        7.7023769447103634        9.6188189387824821     
   3.2398430095649653        5.9698472817789918        9.1524259965933652        7.8835954497022218        8.6014227726465968        8.7087144799860496        11.042475279066668        11.086543660494536        8.2276573214349344       0.25582540909982920        4.6785978234507359        8.3696679064458639        6.3399177513747738     
   7.9148011104563230        8.3011575223608176        8.2555506119158473        10.770080872548988        8.1407203421878727        3.7942694240796619        10.676624040768383        6.0488728249948380        9.9303891296217923        6.6028812234793337        9.2985926589525256        8.6689078945825830        7.2126544790424960     
   6.7541141233934328        3.1805970264799490        12.460791787168816        11.423849956247492        7.4715369105091360        6.5750026416451748        5.2508910156024342        6.2017941366050264        5.8687962365347452        11.779808127622209        8.8896801062096387        10.244626858634023        5.4070190538751071     
   2.5611453215121887E-003
           1           1           1           1           1           1           1           1           1           1           1           1           1
   2.7908461264929763E-003   1.1083035360665045E-003  -9.6213653111629827E-006   7.7318721038327993        6.8790772207230028E-005   8.5611143318502719E-008
   5.3812704243066836E-005   4.8526304870849827E-005   1.2898297475135044E-005  0.47956660629232378        1.2893442681061350E-005   1.5297794529737293E-008
   5.0000000000000001E-003   6.2062963399392048     
