   0.0000000000000000        0.0000000000000000        0.0000000000000000        0.0000000000000000        0.0000000000000000        0.0000000000000000        0.0000000000000000        0.0000000000000000        0.0000000000000000        0.0000000000000000        0.0000000000000000        0.0000000000000000        0.0000000000000000     
   3.0659271070841465E-004  0.22901184740783589        1.0030173597914600E-002   1.4049630688280031E-002   1.6803928050037241E-002   1.4342739839092119E-002   1.0258799765237941E-002   1.4107203808387774E-002  0.53271397056374115       0.20719206280133698        1.1757616312834616E-002   9.5493042518352139E-003   1.2595308853935653E-002
   1.1382861364596850       0.63612386926490394       0.97872534301901948       0.84840590006095074       0.96827342428747121       0.91128017322123944       0.85577582183075473       0.74538829601992307       0.63612386926490394       0.71555734875895871        1.4328867281622140       0.82018966933400428       0.92971528742659038     
   5.9954436037288619E-004  0.27728401860202984        2.1211849458701353E-002   2.9759605152278490E-002   3.3464092178839257E-002   3.0131258032824248E-002   2.1290652169621643E-002   2.8036570950848067E-002  0.65185549081971572       0.26584989588878477        2.4840318762590716E-002   1.8930768575367664E-002   2.7198262874666285E-002
   1.1814635466063577       0.97456140093931798       0.80470321466564076       0.78039527852154522       0.82005311987538387       0.78788472105328955       0.98951125951028085       0.95486477528426272       0.99733885656636401       0.89956622746351744       0.90700011856983398       0.96129476153371707       0.87114943764846287     
   9.1044318791077736E-004  0.29920698555445102        3.2243236064102239E-002   4.5750682179067886E-002   5.3068469182102937E-002   4.5661075165511794E-002   3.3239701829296614E-002   4.2261817124015416E-002  0.68163069923876018       0.29761118469761016        4.9652482177859815E-002   2.9415237032245873E-002   4.0818099130796620E-002
   1.0492119483350406       0.91801279155463944       0.87074260062087661       0.83951752188454976       0.81454331226069110       0.92126032668294533       0.99393766643442316       0.78200057631023878       0.89956498324943357       0.86653937892014887       0.78952994303708524        1.0535657619106071       0.79700967612534268     
   1.2371692960522639E-003  0.31849807069818425        4.4453838646068340E-002   5.9808779568344635E-002   7.2700431421320974E-002   5.8963220818789977E-002   4.5605740243351928E-002   5.7315626189193045E-002  0.70532652566609755       0.31974756090192269        7.7639649004252811E-002   4.0686500691209063E-002   5.3560219769557826E-002
   1.1980164515742278        1.0587225258980866       0.86490792759280422       0.77548000089936875       0.86302795928447007       0.89754054023193197       0.98959346487670208       0.92888894915321862       0.82026833751572781        1.0025518274678347       0.69966702205847087        1.0517797186335101       0.75652173560026570     
   1.5896845508061334E-003  0.33687291552102483        5.6913157182485255E-002   7.1963297676245652E-002   9.3618808621974373E-002   7.2084021443249310E-002   5.7920478791676396E-002   7.1811912135684663E-002  0.72707490858679580       0.33606744033328378       0.10710284657897091        5.2223107594395968E-002   6.5514417374601008E-002
   1.0032114719776022       0.89987806290736194       0.86556253918603587       0.78279489873908081       0.93647746297809409       0.97752348944949397       0.96200645931207773       0.83521941667451927       0.98310720508122718       0.71186143572163629       0.87370177316280795       0.87742371426263588       0.78996263092073871     
   2.0168146747165097E-003  0.35409106152801212        6.8098700466977982E-002   8.3739212479519404E-002  0.11244093591815124        8.4264629315296879E-002   6.9319582189692322E-002   8.6254255023195628E-002  0.74642469285450574       0.35146517130543026       0.13481618533611198        6.4523606563362437E-002   7.7203455511097516E-002
  0.92511888489266669        1.0044225798977737       0.89255860519691710       0.89822684909118478        1.0299648086362991       0.76403810083510992        1.0060147163654616       0.89509367054379285       0.92630702494808959       0.91291405439364215       0.72140821697802671       0.93138240094076574       0.82403118616608462     
   2.5102121950138596E-003  0.36898874433718587        7.8879882108166974E-002   9.7094659624794050E-002  0.13045745538930106        9.6803381423509138E-002   8.0346722125035575E-002  0.10117719664709056       0.76240582793314438       0.36718964838895801       0.15832252426751114        7.7470707095811872E-002   8.9771649172632056E-002
  0.99681538553786764       0.82383344439242012       0.75318997949702904       0.82458641334639637       0.74664356901144124       0.95176444867737109       0.97877056251857364        1.0587819835962220       0.95858310003326652       0.85095216670809359       0.79245141870722247       0.88913804436694666       0.71451315523294856     
   3.0790770317771555E-003  0.39002847389833167        9.0009915045058397E-002  0.11352704120278115       0.14602204206993433       0.10973045884527081        9.1034295146870309E-002  0.11668492378524133       0.77483331377066256       0.38190010507016542       0.18010697620115129        9.0700633350582788E-002  0.10379956147050033     
  0.96145799723330094       0.92750835965979217       0.83048589269786233       0.94874322162270963       0.73965589900948403       0.77391544641821963       0.91432012871158830       0.80831581395611607       0.90903193517302727       0.88684647567615182       0.64271084566305969       0.76022729178582371       0.94641129451772399     
   3.7271458681779361E-003  0.40728933931226918       0.10282492033467661       0.13072437836971687       0.15998309286697798       0.12428111848179056       0.10253844680575001       0.13245131719280720       0.78511047528671707       0.39564006608475744       0.20038440127607757       0.10596958781908529       0.11824971353771449     
   1.0159740016158012       0.93162291558298538       0.86340259888999837       0.93547345803282722       0.80939637667072595       0.98418810110407740       0.95068578797408443       0.82231497237211915       0.86594027044043664       0.97305069024239865       0.71418039871444150       0.98198062770830241       0.81164586208039857     
   4.4048837003023899E-003  0.42426621386551122       0.11642558739322054       0.14790344747558548       0.17472553049404427       0.14014835348624177       0.11333597738528686       0.14791882137939330       0.79475909717444548       0.40927091783834352       0.21951221061315410       0.12181453241192196       0.13340184992923848     
   1.0073556589890547       0.84832726741600895       0.85513407804319763       0.88775593163244337       0.71226223183755621       0.86874101112548063       0.84343584020787410       0.80174390334460788       0.98883969240564407        1.0945250801145530       0.83239521807405348        1.1060871353610973       0.82138711360177108     
   5.2040066299670210E-003  0.44006415147486921       0.13007936646525095       0.16548448331620791       0.19131601132259179       0.15652352686421439       0.12360718320160685       0.16323766228066725       0.80299093572165037       0.42135026286035848       0.23776772550641029       0.13688591163921029       0.15054363517507419     
  0.96505509598817074       0.81037578187845638       0.85032483814680759       0.98537197876174032       0.73817940261455883       0.87750395723206720       0.78051700784144085       0.83825190458274546       0.77007625669773794       0.83696155477422773       0.89501250656165610       0.92332002500864885       0.89079451573851565     
   6.1540813419447378E-003  0.45437382518866193       0.14299377535405616       0.18297522537631103       0.20752172037647582       0.17313777931753965       0.13444002948150016       0.17827237552996458       0.81057413823616631       0.43268383485038936       0.25510331500693467       0.15237045740984634       0.16830314118058948     
  0.99673576294692467       0.84879775590458895       0.87266495793526300       0.88971425967331408       0.89849948024644066        1.0972048883487668        1.0124534808353702       0.97020649037405282       0.84016593296548148       0.80959023973825950        1.0485153931515030       0.90180983778809698       0.87435001565218140     
   7.2211923076446376E-003  0.46838860035207286       0.15515504079930476       0.20049496579456194       0.22343019310300594       0.18910473213289627       0.14512917540032769       0.19367184998573916       0.81761693492784471       0.44128431018506081       0.27039490148871831       0.16859223569129386       0.18496270005228951     
  0.95193857478594301       0.76434847346484669       0.96338589374487915       0.95292620383059945       0.74113975645297470       0.89643270488297000       0.86317393132134490       0.85025144814490572       0.82130639031033814       0.74675937042168383       0.90102845727468150       0.95957007843116271       0.99521663426967899     
   8.4827072235546253E-003  0.48231407263992199       0.16685511290086791       0.21816333459366605       0.23974635064535185       0.20534487079214703       0.15550564166956618       0.20853988914348140       0.82383328288055957       0.44966896062740941       0.28535909213893929       0.18470341233960502       0.20165238465722715     
  0.85513367564162834       0.79293307892445397       0.99039411682126344       0.98356000811235045       0.80340738907204579       0.91009878419777090       0.87133749115710069       0.80547586567178264       0.89028494738760289       0.94941764759175151       0.82755723557087790       0.93270694191127412       0.78026862828515520     
   1.0052923590179383E-002  0.49632667159407445       0.17764541536403586       0.23609214889998811       0.25695119504837455       0.22353882990774993       0.16616780917823537       0.22277784424921987       0.82902656143303499       0.45771657389973464       0.29920359704089478       0.19992587356187741       0.21866065603210266     
  0.99173790316046151       0.92203352627815582       0.75182402623607802       0.99127780485166284       0.89742170957496503       0.98176773465620037       0.79163288436347323       0.96464621337377854       0.73987433379421319       0.82293567685339120        1.0496326130090599       0.83750897744112229       0.78613185410878084     
   1.1841160446624518E-002  0.50967680070464483       0.18704907938435575       0.25297965030494141       0.27431938501719466       0.24280455674138554       0.17747229435917625       0.23837360323387441       0.83349171448520254       0.46627360030543175       0.31418584807185551       0.21488400778694122       0.23586775258447487     
  0.98272603917938239       0.81579185899961892       0.86836179414361825       0.87200898499076451       0.99614565749051442       0.93272119424948718       0.73799121847933069       0.87281573576900462       0.72259899949092044       0.82540811131037395       0.80989394605296472       0.84769866340195343       0.83740580957059108     
   1.3802304850585041E-002  0.52191324314005161       0.19684216084357289       0.26809081272811197       0.29130101727775204       0.26079182470764811       0.18893455393293465       0.25457078916855080       0.83781433641477709       0.47567121330944828       0.32719289048598399       0.22911832365661092       0.25306716794506784     
  0.89691433875370863       0.90557499042905021       0.84784093787570403       0.91651617168278021        1.0121879594143344       0.87991614092918280       0.80101032820751528       0.93569719237141158       0.79796755541208109       0.85513067640680307       0.91944808586921145       0.90837403316266885        1.1519641011099384     
   1.6102733820876392E-002  0.53345002248299056       0.20641534225751201       0.28239418387418430       0.30810235475201248       0.27783178404755537       0.20081785958462153       0.27107736289574591       0.84198564897261308       0.48559804573961896       0.33974738849386066       0.24303309963376371       0.27064878877299231     
  0.88471229479927116       0.85967534235995291       0.81324659258364362       0.78148811896386383       0.88159157278574130       0.81915746972639825       0.87902588785566538       0.92712855450342446       0.89968299337285829       0.82316210124628209       0.85127676199105740       0.75801917621381976       0.93824091150626865     
   1.8555610578383088E-002  0.54699303499970120       0.21934933053929140       0.29647407036471379       0.32559670547648389       0.29480811048703220       0.21320209073538490       0.28657327247850528       0.84649839848536301       0.49509639276450595       0.35275723607404963       0.25673256400926447       0.29005282871531329     
  0.76092245997576358       0.95553092911935378       0.75959425177527462       0.89732165665254049       0.93898504283099671       0.84345784919053890       0.95279735231102192       0.85843175581650422       0.74586127216048681       0.84400488496590220       0.86162908475041511       0.83691105957343281       0.87735038747365557     
   2.1018262369889705E-002  0.55962762978254244       0.23391906884547664       0.31186094757895910       0.34270037821250565       0.31208678741554247       0.22472809273634539       0.30131267125671973       0.85190969476072242       0.50384399662358781       0.36686224175686211       0.27131044807621041       0.31022818804515606     
  0.74508681080998007       0.92178529180823343       0.84292501457857305       0.79791232060630457        1.0029841394129826       0.73018826820704152       0.93515169791585340       0.94411827141077709        1.0335177736732732       0.79604898314815731       0.87794392576459901       0.87372442639389403       0.83733438593549570     
   2.3796827723400599E-002  0.57080460492795260       0.24746797245704918       0.32896060839909125       0.35890335453764005       0.32888759511670684       0.23590465294344162       0.31538741717514385       0.85748827050939580       0.51258071029723362       0.38131844909380080       0.28656963155510073       0.33083145561674449     
  0.82424789854200753       0.81532120679359932       0.84710574643077374       0.79920399442174495       0.90895653064295945       0.90506378804997101       0.84455438830859775       0.86123666026059020       0.82294750384465187       0.85589004253702183       0.88169729201446756       0.77748963726934250        1.0911332364165829     
   2.6856917566708653E-002  0.58120405287555232       0.26224261890154099       0.34586374950098020       0.37412331522848591       0.34364874115608052       0.24707627165457327       0.32917480753352391       0.86284649628757937       0.52140489873335505       0.39515729526718024       0.30193369765911821       0.35107423241429508     
  0.76086759117516367       0.74649853892051377       0.80571610289781270        1.1295754645186784       0.86744594377438455       0.82257408969583323       0.90617424028073812       0.88841888584385142       0.97311198585345082       0.92236385104460528       0.94623740350333907       0.97076195086257833       0.96788668950231638     
   3.0516679698320136E-002  0.59186687493388335       0.27515518287376423       0.36232790646577429       0.38754354446295325       0.35702921185836251       0.25848335104902648       0.34226203440069097       0.86758126656090218       0.53003937850336680       0.40850215219576325       0.31807833976071781       0.36907642785921180     
  0.88416251972713389       0.84520105319054795       0.75685933037452702       0.72954523551129669       0.75321080507767557       0.71490643962173661       0.89575701213461967       0.73826897092231603       0.95660625227649920       0.85316117508077804       0.86987597831362140       0.85038154350402717       0.72205766605606758     
   3.4541246734118645E-002  0.60274060842126709       0.29066269050086962       0.37919211030604899       0.40051943174410987       0.37168020982435468       0.27008236610027853       0.35592556767656086       0.87200036863199060       0.53859355628119021       0.42054048920303488       0.33461205284986906       0.38648648416747394     
   1.1099749256310802       0.74658852955291310       0.95783790629879462        1.0288096635628414       0.77576693700403032       0.73317452236061853       0.83357956722922499       0.78761539197347508       0.92695290177150280       0.82253631212916167       0.93472160203582599       0.96510820392030550       0.86533179555501805     
   3.9031389878422362E-002  0.61431156559109290       0.30771036526331219       0.39567054611874553       0.41431569386893624       0.38477663983148896       0.28198254298107245       0.36890489082348993       0.87646519742373774       0.54724462106632832       0.43144684676178452       0.35157014855976848       0.40351183176013516     
  0.81719411494052563       0.84563511030453087       0.96260920669256400       0.78350935914798547       0.94585198531304060       0.84129620626953261       0.89427528774038423       0.82275189958600214       0.76927176941277331       0.89705383372959857       0.88708051150698009       0.89266830142828091       0.90956859320790595     
   4.3726588291260797E-002  0.62464585624682034       0.32753893206268409       0.41209450722565549       0.42890301800522873       0.39603384426888816       0.29357551253802577       0.38204480480771497       0.88088259965467730       0.55552725700857797       0.44298835789885216       0.36663704783399825       0.41766906924824437     
  0.76909259973099975       0.82914952576101852       0.92975436307259485       0.87941705641474133       0.91779921209603299       0.81083455778475144        1.0258712477040575       0.74220826265781792       0.93010224830878396       0.83659045139233168       0.82406354189425945       0.83896226579274447       0.94949070999743757     
   4.8696157156531965E-002  0.63383200203905976       0.34522418010468314       0.42734433256961063       0.44232379909028502       0.40859155717016193       0.30504365151030943       0.39658589457961940       0.88519148805499903       0.56314114506885993       0.45595834026243015       0.38031074824498906       0.43079838028151796     
  0.90332419461590863       0.71907579260664345       0.91242747960970172       0.92757819380472295       0.86828932253606694       0.76892519112498703       0.92720758593824026       0.75516305785977866       0.87130686727192552       0.92641131773465868       0.80765928438083323       0.82784594107274068       0.83345642491140270     
   5.4141383451296217E-002  0.64339935862249076       0.36157648984251733       0.44131458816056052       0.45539978097209666       0.42057732252622138       0.31719276025923993       0.41285880348935938       0.88930963763440862       0.57099640068641155       0.47014603596288701       0.39576896587044846       0.44491427522593202     
  0.92867890707619982       0.74414846175581295       0.99219069796334902       0.88480074808267450       0.71294640173033552       0.78859842135927805       0.94204203692479360        1.0145985904010799       0.87835775634928070       0.72591321590621816       0.69952222119160856       0.81165553487475539       0.93739716112866278     
   6.0458049563281095E-002  0.65414650090958359       0.37735221969024296       0.45423088841536147       0.46864139952187406       0.43671933534372254       0.33006835181295519       0.42999896656157677       0.89312452979044554       0.57672531192091014       0.48631109301126202       0.41119173455356717       0.45870554413982123     
  0.92393159112686984       0.81254122214275148       0.78998289114064724       0.99697963652309363       0.96646702575667642       0.87532417711077792       0.77859106895156216       0.78558011525911187       0.80229091072312997       0.77645080772391206       0.85686801629588250       0.87312591349328783       0.78020507119313742     
   6.6820914307153062E-002  0.66630857313087721       0.39200582100675413       0.46572703328997750       0.48278909767780764       0.45359486634565410       0.34377606847919978       0.44867896220886994       0.89670254356153933       0.58252337410505206       0.50492560657184149       0.42773025547116217       0.47689875848816998     
  0.86462744799184110       0.98861367802883748       0.87674640146226923       0.69811410046970701       0.91115898146620034       0.95006013365935693       0.89277438297851741       0.81717521593300269       0.92590991651907373       0.89510120131293214        1.0340147245510998       0.91479094009055584       0.84839253720606678     
   7.3017421130182544E-002  0.67905970443717290       0.40787638866788484       0.47763072993801109       0.49743390889889227       0.46751804751009712       0.35670048285697920       0.46787172220161233       0.90026769007510365       0.58864740342915645       0.52236844664512416       0.44475251541557065       0.49158551903379144     
  0.83919831755385199       0.97567567049220172       0.85405860296124869       0.81357637695984764       0.82440367329499809       0.87665072940156186       0.84451529705032824       0.78025440636717025       0.82226866288469957       0.83966020965591714       0.95477671537117503       0.83309436950289928       0.67919901745634925     
   7.9209280628589618E-002  0.69266023971403434       0.42217717599161991       0.48965015835708431       0.51113189811437543       0.48120330118259602       0.36924068622938827       0.48646609059119483       0.90388917931642687       0.59511180348039283       0.53816923307532016       0.46133629563183592       0.50545808642917911     
  0.75756268924978232       0.95011117661306366       0.80758259586297998       0.73963272450190520        1.0020977293145352       0.83352756572653108       0.87766130219028149       0.93257527395824791       0.92061810228866003       0.86202331138286892       0.76160157707767351       0.94541147019578731       0.86152298651266057     
   8.6079815937443294E-002  0.70508067984799072       0.43669336653476898       0.50327877002053811       0.52392822960619845       0.49646380824206909       0.38214463634342805       0.50256878171898922       0.90753122556238319       0.60249240795502479       0.55308986622098955       0.47739124888124834       0.51909039301659288     
  0.78242167012190789       0.96633860836466423        1.0298581639762827       0.87655386558576132       0.91494205308908316       0.98387192737160623       0.88518295082657616       0.72870361060270938        1.1032211502309162        1.0397999361521688       0.77008026678453112       0.78056470317107662       0.76142500130969415     
   9.4130606656097071E-002  0.71610820860845292       0.45295288866019084       0.51802157488526124       0.53639982322422697       0.51218926423528977       0.39657215579155325       0.51608714089402608       0.91107218718407035       0.60950987200043016       0.56829790788563717       0.49234469085704774       0.53550190145025700     
  0.72432644727443551       0.83023452209778170       0.91879225105983775       0.89725189965553531       0.74757969364853416       0.81066080210719182        1.1657996266894521       0.89269784808812724       0.84650391282612425       0.88799042863460043       0.93996545050410518       0.92990221675346940       0.79428230131882005     
  0.10273228166293814       0.72529451227444719       0.46880486722221920       0.53258036065420367       0.54990658164137418       0.53014118271219202       0.41122576642298642       0.52806774278110713       0.91433857269146457       0.61631778377883017       0.58510887887836172       0.50697723377632642       0.55123710581184004     
  0.72332192537862483       0.82580909925641388       0.94178254807954187       0.74675700179941795       0.80897246972714287       0.99458013232448006       0.89043077502911450       0.85187359233244409       0.74289761153265366       0.82491602796674057       0.78365739077803775       0.80357472849728984       0.90862783232684319     
  0.11128035720016140       0.73421354543199224       0.48705145304478475       0.54923188168102333       0.56379811946515235       0.54820975959190721       0.42514799084384303       0.53949169592552615       0.91747581785251442       0.62332730982189399       0.60309805032234554       0.52200877972323989       0.56653444471283254     
  0.71560887353282565       0.79729712180716350       0.93228769930904987       0.89640114701196583       0.76502943102512122       0.88651216202908356        1.0338233760891198       0.98114636217775542       0.86788624326110320       0.80293103382566966       0.91238965116617587       0.86634748506320480       0.80521538132272497     
  0.12266180195529958       0.74626256063489682       0.50763617547944206       0.56543780287340595       0.57816438258378688       0.56497124113607089       0.43759340944598352       0.55309808332197263       0.92057374273333303       0.63099219519155481       0.62156832436308196       0.53745143193100775       0.58203866880862243     
  0.78473398365706670       0.86447150480450552       0.82189365646971946       0.93492787528890142       0.93867029171709182       0.91340491757326514       0.86948236649865129       0.92841857474002276       0.84525803051663795        1.2466344092015575       0.91611460077781437       0.86220827684167956       0.93561181823013773     
  0.13631243106514224       0.75744132132770425       0.52950110865478872       0.58253515674283418       0.59115029233587002       0.58179661991368581       0.45024204540180646       0.56632279315430833       0.92368095801134542       0.63810682076020431       0.64023640071460219       0.55392505575814910       0.59678546460260229     
  0.77321896163642556       0.89402880639372684       0.96926844817152102       0.99724808088104877       0.73326874534505115       0.94763553408820123       0.87116849942487129       0.87330019572223139       0.93133018411735746       0.86407664781949090       0.94571202236122032       0.82489122074413967       0.81712637058857496     
  0.15121597392137506       0.77013297968318917       0.55087171274851476       0.59969433120965820       0.60401537206569833       0.59873756967008196       0.46384426515945903       0.58000582650786991       0.92686087505692294       0.64476307155322454       0.65890943927185708       0.57086288235893667       0.61138005594053191     
  0.91662090982119049       0.84575137415966550       0.81193512428064873       0.97904286110352357       0.97023432414418298       0.82933389732019114       0.87575778784284763       0.75290387868358499       0.91993071439963270       0.83055385933262471       0.94684030279976483       0.92767343789338097       0.96677936375355100     
  0.16740669090029006       0.78231083107046173       0.57048550502793449       0.61896269940292070       0.61721420313994957       0.61484762192023712       0.47726240690808147       0.59486380469148969       0.92999614602231262       0.65089323652243780       0.67925070913866981       0.58755005376988823       0.62632887143509786     
  0.75392884481658617       0.98444192779821749       0.88167886960866970       0.81540847754290136       0.98259386920420022       0.93910372085638472       0.80076304953561384        1.0785921996315300       0.77801138781105250       0.76645421010979997        1.0632940393781904        1.0250316585928914       0.93093450820692003     
  0.18459030697561413       0.79234397382718347       0.58894832023121413       0.63614673969131885       0.63010384808394682       0.62963963084025587       0.48909009628586142       0.61049617136849843       0.93319787079847416       0.65684709514103601       0.69769117866569086       0.60389798996973376       0.64145714696018930     
  0.74199642408334399       0.90717410177909064       0.88567506176209165       0.89939533179982178       0.88029478599853683       0.79316447768102571       0.81448698961896104       0.91977863030732876       0.92856762673990367       0.94212827760011053       0.86007441946684027       0.86964329585894051       0.84297083097470171     
  0.20173852026439001       0.80144220744342265       0.60768353050690582       0.65265690265608700       0.64498037195248559       0.64359533402174418       0.50285899283254420       0.62876103265481109       0.93623152737748405       0.66321336186147284       0.71541187980134591       0.61971918275701166       0.65703262922872141     
  0.78628257126818857       0.79990073502377645       0.91538248133011979       0.89728753373345849       0.84714201489686725       0.91979775633614724       0.77591256107584572       0.86003544487147332       0.98266885113479785       0.82489416563991080       0.89519513689280550       0.80854925004393075       0.80008463473429337     
  0.22610439631705778       0.81120335930651188       0.62784130418956519       0.66383937850666652       0.66246174630682564       0.65780788637230381       0.51879128706800492       0.64663605975902427       0.93889838341296528       0.67005931167485400       0.73186265152339536       0.63479015223168522       0.67280672534424080     
  0.87069645680106855       0.94096168128599789       0.78708666880688027       0.73013404132600057       0.99035891530740072        1.0242684196777245       0.81221252651281350       0.93552657281735563       0.83425911969090027       0.91486524565365068       0.85365860899266621       0.88909367507472981       0.83266910482134260     
  0.26282566863003382       0.82004043292042317       0.64894634775026483       0.67653363241106690       0.67947413634454679       0.67274237054318076       0.53510204116988402       0.66425107218208579       0.94157404338222728       0.67661096407873589       0.74716001791737630       0.64936379195879923       0.68895875471735168     
  0.81496492983779745       0.93683013915309410       0.81927861375270972       0.86373015295993127       0.78172316427453759       0.82399810419837682       0.90787203233712177        1.0204023910764228       0.80835921667873745       0.81641373798322447       0.77965549603634943       0.89358827106571215       0.76730146588581349     
  0.32994768724713264       0.82894840605859466       0.66959239609693566       0.68824181515423544       0.69566277813298305       0.68781383443165633       0.55105267431754246       0.68159821166564327       0.94434041882371322       0.68266018185719302       0.76673285450645590       0.66374853251378696       0.70589522559162765     
  0.98030739302491199       0.98777905411021183       0.91263072444422821       0.76087856201312065        1.0024891640636151       0.78388801457079205       0.93189878412629690       0.80694528336338234       0.96155970742164931       0.87228063520411847       0.89359926265797840       0.86924634459684491       0.84537367294269938     
  0.40014401925627935       0.83897007808343782       0.68981354353544622       0.70143218094085369       0.70954665650228310       0.70188802526362881       0.56707061355099608       0.69981335570381686       0.94720314601767552       0.68838646957765104       0.78454657561336927       0.67834512939508251       0.72082795955018408     
  0.85846032749005097       0.95270584488467591       0.94100710978853630       0.86324415732432946       0.73496878232501250       0.87748976030572423       0.79722115847901498       0.94443740891127881       0.85263956043089395       0.96735261634231950       0.84829808444016330       0.99487129014844211       0.79197929826655888     
  0.46281677917172431       0.84881821772382471       0.70926185400477093       0.71638176708624235       0.72236626323245912       0.71603181032317020       0.58415339315184189       0.71813818627923576       0.95017641724596669       0.69400103705551563       0.79932338913933543       0.69374784250384158       0.73633550027510175     
  0.89466561548295853       0.95945514452517056       0.89926621476616742       0.76743537291270825       0.90952933857389240       0.81212505453001760       0.72707451318692007        1.0800176616790254       0.79207454351776185       0.83227400169085730       0.92720507331956248       0.91195413803536707       0.90049917587609585     
  0.51937924372574962       0.85751554857249390       0.72776518320977379       0.73150196175325843       0.73266630266906396       0.72927267292201825       0.60179231375904907       0.73547548082761260       0.95303826609249476       0.70078556796295088       0.81446085746572916       0.71021534446250523       0.75391388585847618     
  0.79026139576247767        1.0555238532751465       0.79796688852244702       0.92851712454737689       0.74848093626042900       0.83096786845440096       0.83978234948788166       0.88116510838826956       0.79662838919251688       0.88667037765507029       0.88632598954502506       0.91745686771270307        1.0112296394628308     
  0.57401866783849398       0.86602715713812817       0.74622207124817463       0.74661445254476899       0.74493768263969318       0.74402452302070210       0.61567953064647951       0.75233619848329558       0.95583120840184854       0.70725274610905220       0.83013516792502429       0.72801823918289976       0.77275921932073233     
  0.84622519854546496       0.77208673486513280       0.77386290378886724       0.81242827985206711       0.84595832951249750        1.1054033830572945       0.83540184151360264       0.84208683630550807       0.86672458650110207       0.93423006647666551       0.82345336337203101       0.83389538434576349        1.0201528923081151     
  0.62432511672554503       0.87357262093979260       0.76420525631651293       0.76132465793786608       0.75565148214014832       0.75963843805759435       0.62911719332180371       0.76936101611890162       0.95856914971747809       0.71455461058632941       0.84458080917155465       0.74450551734647419       0.79219620931252466     
  0.86261380759770778       0.86108165246718738       0.91590716897614644       0.73090366751543323       0.77126887243863640       0.83546984568747940       0.70770782725349224       0.75780489044016430       0.84419500446791740       0.90584437527285344       0.86519065730770883       0.70973422533967501        1.0278421128633910     
  0.66970979454487423       0.88139951915592252       0.78057935887764496       0.77670293671220703       0.76713734390077237       0.77509464157473029       0.64352250678311440       0.78654258681818312       0.96129582245994150       0.72198596871546439       0.86101038523037743       0.75902112572636737       0.81091511732818344     
  0.90395327324787711       0.92894643039375191       0.88175414995916579        1.0026634606666749       0.78166213586252220       0.93846088241649062       0.83393303548156672        1.0331746887594351       0.95707965139638762       0.84586427455154944       0.85475812414741037       0.89784000673666287       0.92674409914275058     
  0.70902157461464566       0.88947796113733024       0.79599645299857791       0.79328840323765548       0.78351935876599876       0.78961821142523392       0.65837076323145394       0.80427607165081272       0.96401330695459853       0.72940805169454070       0.87726915199673050       0.77384869529558198       0.82766869199321103     
  0.74817211783875448       0.79470975221419193       0.79725371876674933       0.80020437230483465       0.95610101690207816       0.91184770003558691       0.74163512261156372       0.90399173180945092       0.79758372973252922       0.83891549951229194       0.90832259910520385       0.74465487911231421       0.92570791654877282     
  0.74455783411225751       0.89825704717268862       0.81216328549964589       0.81046127643748611       0.80115218105048647       0.80424594465751931       0.67802731174367792       0.82240652504474954       0.96665927423803200       0.73694683304604702       0.89249343852649188       0.79049556317008185       0.84353792098389657     
  0.72301401570451007        1.1643869005952165       0.99400669341018277       0.82243430987544819       0.97629822889094853       0.72164399297247150        1.1175400499280455        1.0611602974971046        1.0115102079780565       0.86292349723433048       0.86104395249492993       0.78628209457143217       0.86962867676168965     
  0.77767510849657284       0.90716385766434005       0.82964599717401366       0.82304131515196144       0.81781493693864005       0.81970882814115797       0.69869037152725511       0.84000924413323219       0.96936168079781726       0.74482819030759784       0.90495655460302038       0.80955517460763438       0.85890485527070282     
  0.95568080099801267       0.77193174446562296        1.0446376603909531       0.74263490111129871       0.99574796748501149       0.94971049868984436       0.92404956479864109       0.82411167480029435       0.80046975588026104       0.97702920688304906        1.0791349663437255       0.88497189300250456       0.84723034905744865     
  0.80868139679772955       0.91547900352308409       0.84666128803374296       0.84060924430145689       0.83569075014979399       0.83604347112364430       0.71761195104027753       0.85727947617697586       0.97213183798330394       0.75279920026453628       0.91716009146246902       0.82933644925740657       0.87490307960165559     
  0.89205871542233661       0.80313527417861741        1.0682503190417219       0.79877304072885691       0.80207209400058044       0.85812088318246749       0.78166658989230975       0.78709359433373449       0.87507106381654798        1.0239554031988050       0.84079651472175210       0.78692787107387385       0.98874069191876568     
  0.83766624397638312       0.92447551355325863       0.86116747190496745       0.85825916387095758       0.85521659890918911       0.85332122168550339       0.73666557844967340       0.87544269134852393       0.97508359932674293       0.76106982917425514       0.92743618208483591       0.84925519786310555       0.89026364044080530     
  0.80427616179822570       0.94558363996603145       0.65749106782430711       0.91976888523347555        1.0055635050168150        1.0037803616888887       0.75727797960260179        1.0821684296571090        1.0800163571777932       0.86161472479945178       0.91874402326223636       0.81303107178906231       0.79577211591680042     
  0.86343448061339623       0.93376238109845622       0.88000198129486784       0.87622765473526298       0.87654501036894472       0.87201072241961353       0.75867141465531074       0.89319692825266195       0.97810276270614449       0.76993826092093354       0.93613179514718603       0.86983768973276399       0.90461940158391874     
  0.84172779199533243       0.89713645060972669       0.83620959035304387        1.0849019608907295        1.0920658489617099       0.90194696585472323       0.66746199751927204       0.87529437241967256       0.99426502357995694        1.0728244529551378       0.82723046989896598       0.85753999121348623        1.2003301641122937     
  0.88774421346939580       0.94243948599691341       0.89921085902628561       0.89441996461306328       0.89630281179530746       0.89032374294354610       0.78249280098752760       0.90980639630079430       0.98108916408637181       0.77982936689850546       0.94513622121080809       0.89096199940226506       0.91846448080146958     
  0.83748264387770022       0.75319901968490122       0.95549805345644256       0.98397975674227889       0.90642959337553486       0.89671964849821595       0.81718368380418438       0.81428288489878020       0.88807174741606487       0.82631620609618583       0.77583671390189712       0.82598588464798861       0.81177494506683201     
  0.91102345230919557       0.95008039209506390       0.91780825981399428       0.91302814233938445       0.91456635856573665       0.90854175953988092       0.80351287155081408       0.92565726890613376       0.98388115977264534       0.78888246615206825       0.95385023995569651       0.90957646312877460       0.93061428906238020     
  0.77929158314387459       0.72424991956526419       0.86954529225284172        1.1767850978437886       0.89072889898500429       0.86328490281146009       0.74248864405815063       0.83505729701712583       0.90043756499987471       0.84088184322634540       0.96812625718770273       0.79954858675830087       0.77775156061032868     
  0.93187164080714435       0.95794235267839500       0.93699408960132624       0.93101648326291908       0.93366130100306377       0.92798607939142630       0.82955116158701558       0.94145813178987270       0.98661674698104929       0.80236179947048214       0.96262758665276837       0.92731130716233034       0.94334596066071408     
  0.78232306629306980       0.85057729920812397       0.88665813337679067       0.80193399229503715       0.96693973957653390       0.94239583869676091       0.94583773229564028       0.96548101868075387       0.85410640475377586       0.92140222744316436       0.72180655542873673       0.75661027059296293       0.97925020644168714     
  0.95208490892599285       0.96622338801619578       0.95594577242352463       0.94761273196225126       0.95192553970461569       0.94591193446904542       0.86360823529905772       0.95897319715670359       0.98884408680118818       0.81890489489979856       0.97200544363447039       0.94688032055434679       0.95631874187243870     
  0.91023987461184486       0.94478709236189551       0.84225376664807616       0.87730072598935538       0.87444048234682092       0.75182983340065845       0.90343624930479227       0.94462767209011600       0.82067642678834896       0.98022749432604095       0.91517106215354249        1.0167944120562191       0.94462035006210565     
  0.96866486905229499       0.97528955473808876       0.97326379931727525       0.96440691987522342       0.97078327244126505       0.96328263058651942       0.90621967898843026       0.97454987891144162       0.99176845557710958       0.83918839993422312       0.98131650034311424       0.96690296307079493       0.97073947444659592     
  0.78335119792847596       0.85419723763336453       0.81977628763152122       0.90706413984925083       0.91667480551586566       0.98414863603051983       0.89303615860735097       0.83079172583840766       0.97952780690144803       0.90062497458866397        1.0131030007031623       0.86575361920568306       0.99943763419895904     
  0.98453240211371085       0.98734476180971986       0.98736270788330582       0.98167816791824780       0.98575781138833396       0.98131245493071517       0.95067952372534315       0.98759574148805629       0.99543932247793931       0.89665707104921111       0.99052414952077961       0.98358580621892877       0.98515102414653410     
  0.99245694646564175        1.0651752586611227       0.87518415379913228        1.0253165165077811       0.86288150366050798       0.74542741966917536        1.0227628516878458       0.79896109185199238       0.75742872147789053       0.90621969474263442       0.95413441970031809       0.78258695294875480       0.82486795915403988     
   1.0000000000000000        1.0000000000000000        1.0000000000000000        1.0000000000000000        1.0000000000000000        1.0000000000000000        1.0000000000000000        1.0000000000000000        1.0000000000000000        1.0000000000000000        1.0000000000000000        1.0000000000000000        1.0000000000000000     
  0.84879252279831907       0.88421817064356978       0.97598285565833975       0.88284390016798053        1.0033128203397219       0.83067414622138602       0.74400490431264199       0.76011334300916367       0.89706032694546767       0.70661195451874437       0.84298862730135260       0.84736385847792983       0.88498956602800583     
  -16.091760800850242        0.0000000000000000        1.1087867374270834       0.58875641765679565       -1.3522416844467153        6.8967573412256931        9.2629426574973603       -15.176001207811021        0.0000000000000000        1.3144109518129514        4.4217851048172543        4.1439122904315644       -1.9065938618015079     
   9.8467773970916568        0.0000000000000000       -18.525400333885205        10.767969261297774        9.4904049477638779        8.1358800566740666       -19.406103571090487        8.3125689380515393        0.0000000000000000        6.7688213671201645       -12.359244149824224        8.4825779406497102        7.9682302194920966     
   8.8338870117325126       -4.0601609025561309        4.6415946397362839       -3.5993967127523265        4.6485443766074370       -17.571439249930233        7.5704733738049068        7.3515656970983683        42.701708381785593        6.7564881971300963        6.9080091061409892       -16.477966529874220        4.8923010580103563     
   6.8974777226433348        3.9801098088996287       0.96439017127241622        7.0522889833472915        4.6300393848535810        5.2123897852895675        5.4387839958784774        3.3207216426961681        5.4185535219740357        5.1039536078479024        5.1708318097713581        3.8829065145357982        5.7470214232719625     
   9.8858914702853049        2.0986003773915241        7.2407254291647769        4.7954512255152499       -16.592546102971724        5.4159848705817266       -5.1331568575574025        4.3370087395847667        1.5348698786288983       -9.0444611676374453       -2.7613346060691315        6.3338771470711253       -15.046731801475140     
   12.206798484590305       -9.4063418935635745        1.7169400707214171       -21.839420189968774       -2.7977268908447459       -1.7015701140675665        3.2673263343259240        3.5406640180297337       -19.138974944250062       -3.6445714925235744        2.6645495211759687      -0.10657411523438805       -9.0735189916492125     
   14.783171173915859        5.4915445722802811        5.2427910101454156        7.3974202685728034      -0.50611354148768783       0.80332122741116008       -11.574596059628364        5.6173038729793694        13.135862982790156        3.2402639897959502        3.3259033655358770        7.8917963652436915        10.585203056588631     
   15.750911275603150        1.8856113666563197        13.951543826675334        3.7134423758751556      -0.86515514559422269       -3.7498928876881634       -8.0211424661376611       -12.717573988986803      -0.46789433909832612        13.139729283008197       -15.518042871860288        2.8631913395115713        2.1786380388196736     
   1.3044905654393897E-002
           1           1           1           1           1           1           1           1           1           1           1           1           1
   2.6041850110780297E-003   6.3374125511374377E-004  -2.3605422034111714E-005  -3.3089596981064231        1.1637525947816908E-004   6.8121850803537519E-008
   5.4123661444516831E-005   5.8404311838926201E-005   2.1200548223755828E-005   1.3297945219588430        2.1194761130240730E-005   1.2544560426047140E-008
   5.0000000000000001E-003  -3.2296815324901855     
