   0.0000000000000000        0.0000000000000000        0.0000000000000000        0.0000000000000000        0.0000000000000000        0.0000000000000000        0.0000000000000000        0.0000000000000000        0.0000000000000000        0.0000000000000000        0.0000000000000000        0.0000000000000000        0.0000000000000000     
   1.2856993211151324E-002  0.28940060986832028        1.5675863085897076E-002   1.7722548396870260E-002   1.8679657503912393E-002   1.4321820566997693E-002   3.2471600574375046E-003   1.6431101231215651E-002  0.43033644379206010       0.22634633989087960        6.4980393928515623E-002   2.9543918417642669E-002   1.5175644376839756E-002
  0.77877791881635661       0.78612264265888077       0.85895441839573838       0.97017671902707481       0.91387395982204989       0.88603798799108857       0.91153515537369212       0.77176514272845653       0.70633199311025230       0.63623325387781127       0.73939909496811129       0.82537450985808070       0.72167730114826245     
   2.7475304180802216E-002  0.40185687414088900        2.9768523582309633E-002   3.4533089221033181E-002   3.5408136805366620E-002   2.7885507369652729E-002   6.3939185564515170E-003   3.3562764167653539E-002  0.55132658601707318       0.28550652745177252       0.10633107485482020        5.1715552522887898E-002   3.1085062039131528E-002
  0.74676981838424061       0.92751795408095228       0.76120941429297051       0.90034755538571076       0.70302304797231741       0.75890204762338354       0.74502980490908177       0.65226527233356713       0.91661381825939514       0.74592907207689096       0.74574056267890465       0.92119606223089867       0.94547062386284730     
   4.3467689279900579E-002  0.46113730404965436        4.2930612514469620E-002   5.1895061472529459E-002   5.2220725867487362E-002   4.2711818226354843E-002   9.0859210726308651E-003   4.9751636889293231E-002  0.59336282396826201       0.31034133630217858       0.14535527129428844        6.8470898617472048E-002   4.6412063255913780E-002
  0.81629678832850960        1.0061922180083818       0.67310519292839155       0.82203540053332014       0.63417688958604934       0.75537916232369595       0.79706469024060078       0.87191154347917565       0.99256559390730548       0.71209070121729490       0.78152602145666905       0.77697166666748740       0.72097317642747949     
   5.8333474512015093E-002  0.50030564129312904        5.6235750115648367E-002   6.7014743548158215E-002   6.9646342333791397E-002   5.8734906486828407E-002   1.1776217502746062E-002   6.5769872243084504E-002  0.62607837062817051       0.33029135938564103       0.17581418341181232        8.2797250290166116E-002   6.2021336082474704E-002
  0.70584513794060733       0.77761871332312227       0.75091194219429414       0.87108424245592775       0.74226551298201737       0.73854465857888174       0.78031933305323276       0.73424949389743055       0.84317619685533718       0.76181771932317444       0.75992378035140795       0.78562914566370856       0.77138915100961236     
   7.2454877300981851E-002  0.53158432619848628        7.0291237838263881E-002   8.3015012496686733E-002   8.7513725781476009E-002   7.5886564601448603E-002   1.4666327568224906E-002   8.1179781262649325E-002  0.65016272216175985       0.34729609834028202       0.19983629823704804        9.5772438105666075E-002   7.7706236088747299E-002
  0.74864319403227009       0.78111885205652709       0.74220268233979625       0.75125033266230401       0.83503611840415803       0.84406361577509836       0.69631560565123229       0.83256374295717528       0.73967153962364485       0.93037529581309053       0.76269828841498466       0.75206902420474586       0.77858025756366700     
   8.6340754329560634E-002  0.55736113573609736        8.6525372628579955E-002   9.9005675003901283E-002  0.10481154712455630        9.2541843516426359E-002   1.7790622767564088E-002   9.5388202612444906E-002  0.66986610454551820       0.36458924484886135       0.21976232902765216       0.10726082576327495        9.2701143829676147E-002
  0.84840136930902788       0.76744056002667238       0.64561868622704066       0.74329641841429583       0.79173827707726152       0.78287644872329420       0.73865938855978031       0.67326497397179808       0.84276260117207447       0.84367652990153053       0.84508016522611218       0.82392549543035143       0.79792151393719235     
  0.10115018851884212       0.57946599171218538       0.10319107147971480       0.11506865524854333       0.12209494572866531       0.10790104869994298        2.1572326736397970E-002  0.10902913673723108       0.68655040164079728       0.38103535686066070       0.23783876814498603       0.11846341626983596       0.10670317961896608     
  0.71537412498092123       0.73171579790617181       0.75818622792275636       0.69197381171147943       0.73951220689185193       0.77765213828774460       0.74707694526356905       0.77151007722712295       0.71104339242322279       0.85082164998344012       0.78066476356198944       0.73031133779675239       0.71654497063444678     
  0.11718487905236095       0.59871163553253859       0.12047625793218573       0.13304804411744373       0.13945485381748102       0.12387758418390797        2.5637474793513877E-002  0.12223084604668741       0.70115956121276102       0.39639856157606396       0.25266976505655603       0.13024027291544565       0.12028462107266558     
  0.93579453508205623       0.64257788733451715       0.78207543230151089       0.84099413262268552       0.76713311813738450       0.74794596076962816       0.93400947613323793       0.83208720527641233       0.71430356835405706       0.79850488649800033       0.68427901193389884       0.77666909134570516       0.76520640781755478     
  0.13169195618333843       0.61874402299455655       0.13819510869451854       0.15091754180367728       0.15683790137311993       0.14038741856437106        3.0066790427975991E-002  0.13665347876414405       0.71499696429043069       0.41064871835984934       0.26596985986478716       0.14242071226955724       0.13507494663899891     
  0.77714936356321140       0.67134364316490602       0.85792980700778221       0.74671563237200378       0.66311121262329165       0.85103707840752429       0.72877565513212050       0.83696494861175463       0.90327821703748756       0.83145124603017173       0.81679362005329215       0.72651907401582094       0.74273482577167838     
  0.14661952719821048       0.63770959555060935       0.15730004972028577       0.16661853898260992       0.17409097542133140       0.15876701368439447        3.4967962972218242E-002  0.15205635243546056       0.72836932882503136       0.42373765914054751       0.27896934295776726       0.15526569898641412       0.15144965267999408     
  0.76006807460436876       0.77696218412819307       0.94837780357738144       0.75304738872088595       0.77047954795845508       0.85401327742757560       0.81606218964858435       0.70272519287725133       0.82786748178415270       0.91191952814581123       0.69720026749010056       0.76151834425521325       0.76412501571334279     
  0.16242243704976797       0.65608800565823122       0.17544113123681632       0.18127651694346925       0.19121382995225367       0.17667018935054465        4.0293045683436612E-002  0.16798557409780618       0.74088554877118162       0.43570738729618358       0.29313175665053143       0.16766052235808737       0.16750973540677511     
  0.76133147195746642       0.68009577919395192       0.70804302211687231       0.91439413516843571       0.86763822733736740       0.76512141240933795       0.96388515988300494       0.68540594151001477       0.73834628289299498       0.68366111000010077       0.80893753569868621       0.75751798423632544       0.75626285111709379     
  0.17897371885788635       0.67234511952035825       0.19220598623732160       0.19744064296219113       0.20847582351758245       0.19510445359027220        4.6292957311236532E-002  0.18323173531842130       0.75243683500366310       0.44557929691824538       0.30778283561507042       0.17989530796108857       0.18155199959023888     
  0.74314639588027731       0.93148299284089753       0.91944300149371339       0.81497594471615831       0.63569303626444684       0.78995286551078492       0.76691865086801658       0.72100178798952153       0.93538377770471226       0.77437362602289816       0.84777731514132582       0.63443571694484491       0.68599968982606052     
  0.19581211853816563       0.68693469738342772       0.20756716579211254       0.21395270739673655       0.22559823424622552       0.21273090960961966        5.2370124636960287E-002  0.19833465160925715       0.76333057733795207       0.45458806344718755       0.32142712929612915       0.19261095060802474       0.19555644332683680     
  0.78023379577834406       0.76584342632630764       0.69802342937181783       0.81357343426622886       0.72858192328516147       0.93797442725645797       0.89542528064848825       0.77330998882727997       0.74936107253961337       0.68286022734087815        1.0367996668040844       0.71368581602221293       0.81400794200135762     
  0.21193567647296449       0.70033811016265524       0.22313104535856640       0.23021814811408400       0.24273532004805348       0.22824082075202498        5.8190877562716882E-002  0.21317456829591672       0.77368918861097857       0.46289758190199937       0.33374618824250923       0.20406008042451049       0.20744057326006529     
  0.84571077574410813       0.73684944497840665       0.78504997330127568       0.87561736833389325       0.79992826078488666       0.70741929632104816       0.69037295256791298       0.77297801697224344       0.80756889299043888       0.64971406206701909       0.70489941014562807       0.82995239019621880       0.72359389718705736     
  0.22616374298294536       0.71295648075433826       0.23910061398315918       0.24549188458474439       0.25987107197155329       0.24247204599737829        6.4507424706151062E-002  0.22693256094898184       0.78316348615431652       0.47128471214218898       0.34511698671083491       0.21545325609301852       0.22032005536268071     
  0.62153004397130651       0.65871436476553602       0.71798292228547622       0.71664081554605363       0.75516761895624041       0.74488656056026237       0.74545220390194455       0.78764949050017508       0.82564154279635027       0.72562036080863901       0.71902681655457745       0.68622943607419740       0.75599059229799448     
  0.23967974991155444       0.72488197218417560       0.25457541242031284       0.26013005381559345       0.27820895813526791       0.25629550651894006        7.1250168035117675E-002  0.24078573015756047       0.79213550402463884       0.48034124175171294       0.35633555939750600       0.22688974115053970       0.23440096970703694     
  0.82688840890634641       0.86157560028593405       0.85275574454613123       0.75894732742115234       0.74671473117086162       0.74014464764362953       0.85589882639372161       0.82363164570622005       0.80496045708685382        1.1610680576332135       0.79034391904870516       0.83810958881827780       0.80011465977518781     
  0.25371719075534888       0.73609210423968707       0.27036233628960082       0.27371411747626540       0.29720357845874834       0.27031388677559215        7.8289418571024852E-002  0.25575629577100167       0.80062096635080537       0.48935227597202735       0.36683045632247147       0.23838699629731763       0.25035508735939538     
  0.84529953148618031       0.83741034508839829       0.86794801907126207       0.69199595938664704       0.83018540976811706       0.79509626051537241       0.66328105838231166       0.77548102066412194       0.77884871128537669       0.78028154330913346       0.65965458069971727       0.87303177377597774       0.72019594214175375     
  0.26969618181778598       0.74625079530564009       0.28547954379350515       0.28592311417586708       0.31638424198954701       0.28504105215909697        8.5749608674344849E-002  0.26931110906079603       0.80848617792445787       0.49768512722120983       0.37669653609393644       0.24960027634326873       0.26499542345760746     
  0.96540931061857793       0.88390476248052707       0.90314730804577759       0.79330991244124227       0.88998083114698767       0.88177858473467707       0.81244453497908842       0.72389390005285215       0.64554197610828656       0.74123596135738212       0.61202383211034117       0.71818576756199515       0.66384158511199709     
  0.28644150321056383       0.75526516396684518       0.30054413316349099       0.29820857646613286       0.33544257816687384       0.30079588306355676        9.3233334339709970E-002  0.28128550570468891       0.81581011536219716       0.50569684947324600       0.38721934776176387       0.26083664757427072       0.27999493731094199     
  0.74865657790936890       0.73743971466434310       0.79501990142493972       0.66593979578512741       0.77744417158412105       0.68462766636440309       0.83887714786273881       0.71731003499864554       0.73018194428539018       0.78583893554970508       0.67889378492279695       0.83049658631477985       0.66291595306496565     
  0.30202801588905442       0.76423760288803300       0.31542857439949906       0.31150457220939870       0.35369344410042269       0.31663341761010005       0.10104691175499174       0.29342211646675515       0.82303229961545388       0.51297290350316527       0.39768188027578166       0.27189865214120185       0.29549522995730065     
  0.78705109026963482       0.76029861164560997       0.81890545422695937       0.72236960786325555       0.73955083705236213       0.72867497502023559       0.84176669302041085       0.71506937298602524       0.81275340198973944       0.63964434338112919       0.80813053197296192       0.70440000969887517       0.77463152083760034     
  0.31624855639129501       0.77324938091342776       0.33029293803016402       0.32712261537798742       0.37177334513671617       0.33328877384488415       0.10914083784465178       0.30884667431571078       0.82925694870403266       0.52006483229363765       0.40985806580593781       0.28604787623764899       0.31164263397890113     
  0.75346055108031662       0.73823285308952236       0.62367280143879444       0.76208784196131918       0.71008675294183565       0.90372573588131266       0.69380647427148956       0.70439548597607515       0.74317325030516102       0.74548226734735712       0.66499948334456060       0.79978764495812915       0.75124830719891378     
  0.32883646083595736       0.78245947720001197       0.34557091835887194       0.34441110847737577       0.39034621483555854       0.34918851741939266       0.11772533347152954       0.32487043887535233       0.83524245424412347       0.52681538887132084       0.42214282555818206       0.30210821791208531       0.32774508711727157     
  0.72114829469942676       0.84138663698603733       0.77144245446708437       0.88718010858355356       0.75474872914375701       0.89144236111272346       0.74720683969025936       0.79900427209723490       0.66869579184040528       0.74081350191971163       0.70346410065691611       0.95613154206848716       0.79772118416818127     
  0.34090305517166763       0.79112596094180343       0.36067857263681252       0.36280962718005205       0.41033965938613748       0.36490828603733000       0.12717421744484508       0.34135062384465742       0.84079606186289357       0.53455405228718622       0.43593833503836626       0.31742397302868158       0.34392310211178567     
  0.71761077373807491       0.70752435471108865       0.75531514968506630       0.81891849109863946       0.81972801845499121       0.77854278255967013       0.81790551884327622       0.78239341069975255       0.66414006979173457       0.66904180751802045       0.77499542875746297       0.76344842041006145       0.86130413057134214     
  0.35252731217232736       0.79943386575605246       0.37492225326531770       0.37830751901834775       0.43065685143495774       0.37978038840372624       0.13656471886579821       0.35875324964819560       0.84676709562377095       0.54293793182259020       0.45031115202679056       0.33123418100238394       0.36009201745562408     
  0.62671315482067913       0.83039520329142213       0.70179285320033324       0.77827054616040692       0.76433039835820327       0.76409250605887447       0.80028199922452825       0.75902350489228132       0.70837950627990975       0.73587373725281191       0.75372475629440183       0.82381606216505410       0.73336579676728153     
  0.36536137028442733       0.80744763564577826       0.38896552708223725       0.39282538835653430       0.45067022216587621       0.39294389392501622       0.14619293290194346       0.37607880405129551       0.85281431757309756       0.55152381716990206       0.46456605124567502       0.34263173208803360       0.37659942319962803     
  0.75751798423632544       0.79183042510553203       0.79829414323980907       0.65783342745533369       0.76776891724679397       0.69461643282657082       0.65901920887773358       0.71394682511571650       0.74411515399351791        1.0156906446351730       0.79117159183007857       0.70065711297460032       0.78810132560979984     
  0.37857022662172130       0.81525026240962972       0.40312780773207707       0.40697673249914756       0.46796326133604754       0.40544683841493068       0.15608059525520490       0.39277798329771274       0.85853310122775661       0.55974207632534756       0.47920990012063819       0.35339925853769566       0.39403696952922773     
  0.76487169862407933       0.71555525572077039       0.76725114591950583       0.69589833353387354       0.68045499558606548       0.73207641196351037       0.73262851690386932       0.76080483142002453       0.65357030425374552       0.75516406410678405       0.74087898399622087       0.78150926371792528       0.92665757513059521     
  0.39238923755555094       0.82289389808042812       0.41781925010764048       0.42258492997156327       0.48441926721087308       0.41837251689292043       0.16654977768326626       0.41053219445467309       0.86376372353081776       0.56749509251700003       0.49384339582926740       0.36591735998450914       0.41074825671278270     
  0.74746130893501173       0.81939998527153757       0.74372050635811149       0.73231513104258783       0.73019703017463355       0.77396745914040921       0.76925728789718084       0.77190381976090350       0.65023997655884591       0.78940832897111057       0.77377004081827783       0.69679913332070231       0.71235735255490251     
  0.40662104907743285       0.83055742313033010       0.43212424564682872       0.43921761561442529       0.50084077416437034       0.43346915903261107       0.17826414787322992       0.42802504827237353       0.86867126671666728       0.57533235762570678       0.50857214278382623       0.37837227526959755       0.42779019005484237     
  0.77389879962909847       0.89387162918144958       0.75447419383379521       0.69809909867858411       0.81295694333489965       0.70098083143650758       0.86339638860528711       0.72917885586939668       0.80929372390559484       0.76948510027999539       0.72149599852574153       0.77514908934321558       0.84486934956964721     
  0.42263491854796165       0.83802750354973921       0.44654547882781392       0.45524736420599515       0.51755762791924564       0.44997075988404928       0.19089442774870044       0.44521800039468934       0.87339285619926788       0.58351870846860998       0.52254982392078786       0.39241863045045333       0.44507999009173210     
  0.72455670992504684       0.75407435655296240       0.75750401193359063       0.75029996116246545       0.73626197785989156       0.75166081582513222       0.85251023915641100       0.77644900448086529       0.78535203210121041       0.78163610165411346       0.85453465839118292       0.65375420277751572       0.74387310516237726     
  0.44006875693369141       0.84524553341173159       0.46159932635294010       0.47075851180593353       0.53436124332335799       0.46741957206840490       0.20300448698960369       0.46091884841447506       0.87808275673781200       0.59101958212416839       0.53587940238362841       0.40785363976149158       0.46271697993562033     
  0.70972274772969723       0.69298673540980282       0.73665569653182739       0.79958248462843429       0.85106278805745572       0.77108770885472588       0.89160611484349828       0.75489494929415069       0.75045580995030370       0.67905861101135112       0.85962348768116448       0.82918055159244042       0.90191933340674257     
  0.45756985720653243       0.85209987247834784       0.47688479657622485       0.48701364063101221       0.55213027389969926       0.48542738369387017       0.21486345035124613       0.47619223496670593       0.88255824866083488       0.59789595118000616       0.54923641063316120       0.42202270913985468       0.47965591130634033     
  0.75248137056085140       0.74601651105823608       0.77216064710753896       0.77183426952616774       0.82594735043126677       0.77660841323773311       0.64756712330606592       0.79277836189300022       0.70625383914235262       0.69967852969491884       0.78592324715030493       0.74548146685611005       0.81649321903683136     
  0.47511044206425368       0.85874010656807809       0.49184209212533142       0.50344652092552988       0.57106537763185783       0.50313126275400444       0.22617685674449420       0.49136704173231571       0.88678592612343732       0.60511547533923160       0.56186765149217044       0.43664829329120208       0.49597619017670047     
  0.85650992982308560       0.75821482824113051       0.74486170910648986       0.78588633157954813       0.69367997318699559       0.89967947708647356       0.78510387132084103       0.84488337643967948       0.70152050413161504       0.68603644934103425       0.81590960205718388       0.78262784332620006       0.67308372077865564     
  0.49308036391080984       0.86519589338393132       0.50661511265538450       0.52008123564603226       0.58976209664260848       0.51992144554688779       0.23796764829831138       0.50681031429121637       0.89138380589611110       0.61174027818548105       0.57315376918018279       0.45207391517327639       0.51069521587099087     
  0.82635873577148489       0.83144612454661160       0.75751798423632544       0.79200480152501673       0.89482456206515693       0.77365839595778740       0.64995515009730553       0.68249799028776637       0.77744931063364664       0.85426172211830043       0.76654906972890102        1.1470333248108293       0.76245755374389701     
  0.51158150517278866       0.87114084153731131       0.52136747364301694       0.53693966169053964       0.60857866699643637       0.53647452833742704       0.25002961820792624       0.52236068508315670       0.89621902692709132       0.61872402144904182       0.58335834306102052       0.46754447188824289       0.52558751230384748     
   1.1277953658516899       0.70807200275150450       0.71466153962590961       0.84674604654882801       0.90827446528599232       0.80549545253124233       0.64554197610828656       0.74814245854372019       0.77597714965443521       0.73202872318229806       0.81021074142083171       0.64145797494875956       0.74654762566412392     
  0.52989663857547298       0.87679788265726144       0.53568679076115544       0.55443695964843587       0.62702066065242856       0.55239749915941394       0.26373603188059669       0.53970583821670415       0.90083803350096159       0.62542158753827171       0.59620632313371869       0.48231367248836787       0.54083606483238833     
  0.81461208941853891       0.65427283631115551       0.71407831820200607       0.68044748442355474       0.69780184347351648       0.79900427209723490       0.72060469647869774       0.83588348117244915       0.91553739837433235       0.75735179358797511       0.79762207602310009       0.71182032261558548       0.85033617216950441     
  0.54582826549727737       0.88234567983112366       0.54955764042585709       0.57190977322665426       0.64412277252502470       0.56839216316493169       0.27813796644164807       0.55581939279908132       0.90516894914768486       0.63275266967874899       0.61019902066882159       0.49562173787955249       0.55547322301706670     
  0.76149506928808730       0.76539094345907865       0.93518258680629107       0.83013963248073042       0.81926265110546981       0.82286031332874765       0.69957111458763388       0.66441089962859168       0.88918080074088701       0.76177239385926498       0.77543429459185909       0.74866462680522106       0.65828274561983136     
  0.55942069397036975       0.88730640447038478       0.56364527502376305       0.58808511616340864       0.66143259124574427       0.58482632986655281       0.29349311559917829       0.57161754028948497       0.90942560033560604       0.63984426818145346       0.62452716608572112       0.50990448307963054       0.56986327948929039     
  0.76132630490398079       0.88923090257894910       0.74973365566183170       0.97552071936110474       0.66293162349045276       0.78602914330268703       0.71537785602593817       0.65400409003363558       0.80785059354707389       0.91212641932115102       0.79022271838224845       0.69441020024898148       0.79404265736956514     
  0.57232458649181095       0.89198762831048317       0.57804175414548897       0.60320554220679345       0.67905448224960896       0.60205216788004123       0.30946780243995853       0.58609387840914984       0.91361025404056162       0.64568132366561781       0.63940317439288996       0.52725257112672896       0.58457906020603689     
  0.71126197854825801       0.75775187816548861       0.83795087008024727       0.71567127970292044       0.68409607931245386       0.80778147601075456       0.75811633032558734       0.67656771424502504       0.85862261720197153       0.76041161923471623       0.89780495812496985       0.78879956298549769       0.66224710734739933     
  0.58609450684560249       0.89654311283940136       0.59123138229517946       0.61872587006794155       0.69698272409914708       0.61900636101445228       0.32530484491979339       0.60018997784545347       0.91791117098344843       0.65122526330403774       0.65445831024619261       0.54446826569154205       0.59984189090950013     
  0.67828502959992509       0.84453853510645549       0.73731220946951426       0.72976414185417260       0.90064552727930069       0.72635780407412331       0.75241436032346909       0.71300776462935334       0.76328523275074911       0.76394415990709397       0.82222226579047786       0.82791121105734755       0.81151954725653108     
  0.60118558973503666       0.90081763439814733       0.60426811708299155       0.63475271430571600       0.71396187522436882       0.63664097872072345       0.34142217330039593       0.61515681000482469       0.92216998661508409       0.65665181751733992       0.66969355384913398       0.56163508566155163       0.61655987156715608     
  0.76474092556623330       0.70539522897666973       0.70240533278671724       0.74199576535185663       0.71435055866784847       0.79813262816684283       0.80570217657269305       0.77634229092880258       0.76241376214463863       0.70726145939573404       0.75665721672488251       0.72816698162896587       0.81167067826829087     
  0.61626841362004647       0.90551375884312579       0.61748454307542244       0.65217200657098795       0.72848903358927819       0.65144937080831422       0.35867464083202949       0.63129307871188201       0.92618402800187682       0.66275938138836243       0.68553799940508886       0.57892068406387909       0.63395784988194825     
  0.73741325312990358       0.70006695790003048       0.76333449913169216       0.85276921706862385       0.64873594494615194       0.66858627637206047       0.69578127391778655       0.83969617805873975       0.74121676976380624       0.71134741581463556       0.82881178123957155       0.83048421107169035       0.72852980245526233     
  0.63145485872529583       0.90973568639558855       0.63185707324553408       0.66943369573759615       0.74220453202265824       0.66525654200809814       0.37584297369372205       0.64918637491577968       0.92971113982111531       0.66935558123549022       0.70156305121771889       0.59580183620412974       0.65222731576505122     
  0.86994516127887178       0.65472830754312206       0.59998100348083316       0.75246048014394296       0.70622716370870653       0.65954612502253007       0.76591126470002602       0.81642445644059891       0.80229693203478591       0.73854465857888174       0.86212139382223330       0.79336027806328546       0.93842533474770307     
  0.64768604565360743       0.91430024527412512       0.64635790346813948       0.68661737979777071       0.75705497759538731       0.67901457764954698       0.39286847474571041       0.66750565298049280       0.93282924144899881       0.67592289136494554       0.71748844625617114       0.61132971376604617       0.67014302837491513     
  0.86726479067012219       0.68291257504854030       0.70679948829782968       0.99987500990557654       0.67732135034115004       0.74917157650249844       0.83532498569698066       0.76363552197470441       0.78691280085168702       0.75549234486657224       0.79984008720746835       0.68449143284542291       0.81585748894981147     
  0.66438206198974581       0.91921625773468285       0.66098538802788576       0.70316089463209053       0.77343507927050570       0.69440655031363974       0.41033963406189755       0.68580875659746598       0.93578686357457774       0.68339673525781530       0.73234539464417603       0.62686198836519313       0.68872388890010705     
  0.79210916680585941       0.83787564239110801       0.75751798423632544       0.64519933424048370       0.73914286651825967       0.81322542968967082       0.78889936948402439       0.78557370675551974       0.68089577734394635       0.92875620772458045       0.73470739817551745       0.81869289917040622       0.70505009671463836     
  0.67990989125038859       0.92433295788644854       0.67630250238936829       0.71722634203378233       0.79259591712815669       0.71055175984617447       0.42859991181731116       0.70330057473450436       0.93883635901427820       0.69056539265328909       0.74654886925718267       0.64283848766009222       0.70730688023823296     
  0.72563256503124873       0.71876688164385172       0.79592691146452887       0.75559947523451143       0.92175458470287741       0.79412153898735816       0.81812125440795291       0.75285407552415207       0.63493840840353655       0.79096640108713046       0.74924278832633395       0.88700434349749124       0.78404593885360008     
  0.69481512330608419       0.92925674435327599       0.69295328903456899       0.72994685309902096       0.81176800441136487       0.72685408246331440       0.44786339680394904       0.71930392882052330       0.94207165747448129       0.69754998044013095       0.76049062979853121       0.65890463567967206       0.72398818791196917     
  0.99726445051928270       0.78678294741448007       0.74122565339523316       0.86139433072905724       0.82230112904901365       0.74119295905165239       0.85289923634729459       0.82391320515750510       0.71183768317822516       0.77553524995555789       0.84186257844242851       0.84613859090866050       0.64888628572499862     
  0.70917183226860059       0.93363176181837937       0.71013024815195558       0.74242741079847596       0.82940333217557682       0.74395830676606822       0.46776870020431949       0.73494390699281975       0.94532080812487107       0.70443088844688251       0.77450112051654085       0.67513475717284543       0.73832797047445553     
  0.82814820172129133       0.85352533083070414       0.70704685751117047       0.69755536426187348       0.84753411715484150       0.76008440508555719       0.90145884842982860       0.74266854490381107       0.70485850095293812       0.72774216194994223       0.77093085291398922       0.92633076713357732       0.74124237092530110     
  0.72288347006131126       0.93740194638562668       0.72790034570358808       0.75551604993651245       0.84622993053524198       0.75966815191587278       0.48815464379495282       0.75055663762067781       0.94848384181678047       0.71152481397674194       0.78878640753688722       0.69205887105805963       0.75321047512991646     
  0.80098857172615823       0.79003808557299160       0.80891145469971182       0.73700241669067279       0.89275683540848083       0.66187790134683155       0.85580893078151798       0.72339032800284353       0.88570780674412641       0.72032011684239905       0.69507966408943622       0.92995196195523810       0.77800893474228650     
  0.73765115383146063       0.94132013556765193       0.74484080941380149       0.77121623093411762       0.86167553872482483       0.77585696760490386       0.50928098951432899       0.76491908886475513       0.95158054469561648       0.71904287883660878       0.80185426086075240       0.71029875197926939       0.76860516920498545     
  0.80671102883878820       0.75346491157047180       0.72249999533573217       0.75203707051585111       0.81796036148998308       0.75736176023982937       0.62181418707070946       0.71267817362508934       0.77391697469117637       0.78112298721943518       0.70897863711143294       0.81623276480080709       0.77895175314624543     
  0.75247213876122898       0.94556007425737254       0.76111823051625715       0.78821189073239029       0.87585836953561380       0.79004270166297808       0.53130366531795303       0.77991395424305399       0.95472965013272648       0.72701334444334842       0.81361697318198234       0.73004745998175014       0.78428987856869958     
  0.62561314786400002       0.71532592163688258       0.73721791790846924       0.68089577734394635       0.77500370597025448       0.73056907151921435       0.80918231489348558       0.80402206726896375       0.76428285948126706       0.81979985769849339       0.71034593238606469       0.67113688816342665       0.91548794104673725     
  0.76722571053839306       0.95004123560889409       0.77532945043379564       0.80497991610099873       0.88911809825237054       0.80338173405376412       0.55436969512183176       0.79400154831586178       0.95792077291639710       0.73458264187005751       0.82549437124415936       0.75067970335193179       0.79989886073211380     
  0.66851022578496677       0.78656636971755900       0.80856325131969398       0.66158701744580339       0.78525900150295680       0.64966900237361380       0.76319095010466964       0.76055883936308899       0.78671935813755989       0.81718134783039253       0.90177598712211093       0.71021819045872958       0.74314456532326123     
  0.78234427752252655       0.95383940562226832       0.78959224879334455       0.82115112863535755       0.90213033707361412       0.81474653141724673       0.57700700870207655       0.80930365547518979       0.96075757840326592       0.74200972812240051       0.83714030371400738       0.77136808369532683       0.81711964014136107     
  0.65345569004558068       0.72537250059669556       0.78035699801922476       0.70240250172954655       0.73549002127178542       0.77197280677669722       0.81711858971472928       0.82020583925053603       0.74073950512792175       0.70533980488347181       0.79906514130410811       0.68762476948839757       0.81450794768785573     
  0.79915617128928640       0.95765981481657025       0.80439433359614454       0.83688839702575812       0.91536536461742368       0.82710414293727041       0.59872939002662795       0.82417603568067155       0.96343812723594990       0.74920230417317224       0.84854000279078634       0.79072217575286818       0.83470184201974007     
  0.73016709376660649       0.78978651733165439       0.73857250752700532       0.76663052557977129       0.90319653978824843       0.87691579044456858       0.72027872723910569       0.72998368241373102       0.71707654532110554       0.71619631312952314       0.74535466120568805       0.74615479695880227       0.84172024459416273     
  0.81329933743863858       0.96147276127239734       0.81989111966361283       0.85090770183053055       0.92904449259855804       0.83980264200839116       0.62006005783952478       0.83986043708351699       0.96604537876521057       0.75668412317458156       0.86063332227524347       0.80938887301297102       0.85180969047095689     
  0.70692212838480684       0.79259555318952779       0.78086605717680990       0.71616049594235043       0.82045736034375683       0.68233403891540645       0.74278609919978933       0.93991964031262554       0.94266352029409461       0.70076197924969930       0.81752383179261501       0.67684035472837345       0.87812296430859693     
  0.83143064208332329       0.96520112562101623       0.83645751684196357       0.86391885692127124       0.94102569122721624       0.85325699836124402       0.64320438975782845       0.85595983385728602       0.96860312115274483       0.76511312293912337       0.87335561730916167       0.82750468168700553       0.86820034001230439     
  0.71278553598110883       0.80469949859091572       0.90336640793124945       0.78109181526322158       0.74808577930194409       0.77769941828659317       0.69166449823062059       0.80150945896264780       0.75858705727672837       0.81148549905286782       0.74459726707679119       0.80222260320507621       0.68555181876399429     
  0.84890219236176712       0.96830901722369023       0.85407776332226293       0.87759778432300228       0.94985652176971902       0.86748567286982747       0.66895979628966529       0.87177680815430847       0.97122874830643602       0.77418893165546054       0.88814011700813500       0.84565025335969779       0.88391985751534419     
  0.77664968035304616       0.68117879670027215       0.80797891336460459       0.77501377922680537       0.78429718488878442       0.65294341802724298       0.64180323086225677       0.79914233181915317       0.79842675065192525       0.89211770522534795       0.89598250786767542       0.77459137179895265       0.69213367385287083     
  0.86519816809866557       0.97174253103051000       0.87124724859598379       0.89396045060016416       0.95687340326673276       0.88182805818290189       0.69628113509284828       0.88841006634395636       0.97420161525259419       0.78337779329993373       0.90296766072698309       0.86404413622450693       0.89877127172891369     
  0.61463967331198510       0.64610023964586871       0.80582781434564799       0.82820315153127955       0.69011508114803144       0.74844561331523007       0.79880567993192420       0.78501182721159268       0.89954229595712876       0.72519192108478481       0.68244240201768547       0.72457624859909076       0.82009890401065777     
  0.88112881186388525       0.97536993339332545       0.88846821435499168       0.91080111186229884       0.96307085811644288       0.89794612003941854       0.72529934016006425       0.90570624162375624       0.97744529172054584       0.79299060856298864       0.91821733942886918       0.88259975619252773       0.91360111567422142     
  0.81164214904051479       0.74958136835629063       0.93554600519507192       0.81649729505588997       0.70843475665179889       0.78366025339632295       0.84276260117207447       0.95201589188513125       0.74126324633082530       0.93298681680040263       0.64610632912194366       0.67750225452903878       0.68755905981591736     
  0.89599638726820108       0.97911241892156875       0.90513069352728648       0.92781962794185624       0.96919120760580590       0.91398374394633408       0.75641154427971680       0.92247253534827722       0.98082920272226759       0.80350974821806587       0.93301675327264533       0.90179978319023424       0.92710122345834534     
  0.81259224886137538       0.86141089963408479       0.79242497369829767       0.85762000931532800       0.75709843025850099       0.73480958238443284       0.74116002253627278       0.78672308979102790       0.85472989227385798       0.73540564551238341       0.68364188300070006       0.65626355686949822       0.72643633522018347     
  0.91243922305795222       0.98307760536203537       0.92066718281244941       0.94405140341629012       0.97575489573883034       0.93076624224136340       0.79031076152020963       0.93898648765880510       0.98423336060152744       0.81600431824343933       0.94712656760157177       0.92138574125634320       0.94090985908660929     
  0.83438496167259157       0.88807397383626197       0.67144102533307226       0.82029770469089636       0.81574614154160141       0.78371861237448170       0.74105384191610868       0.91744215392472772       0.77813713716219468       0.94017648938335718       0.89973970127459857       0.81258236601651224       0.73991022921308480     
  0.93039260972091642       0.98692518394025941       0.93774491884526578       0.95959459158133820       0.98243365641323077       0.94912950450781641       0.82787428035943977       0.95503048114687794       0.98756419332952217       0.83148816702915362       0.96085113831352575       0.94167149854501520       0.95442875186394760     
  0.84741690358135835       0.82349249237711308       0.66379502764944676       0.69031100343356466       0.77869476730352594       0.70942012086211370       0.70311096666816186        1.0088431670963625       0.61696003706532654       0.75140822945674335       0.65756908323244623       0.79425084898855591       0.75718500888056384     
  0.94926284058354060       0.99077848388346790       0.95624925785303883       0.97343135150535320       0.98859577360492157       0.96785743194493057       0.87022393260545661       0.97002076017870154       0.99098549031157601       0.85093436596652017       0.97390903285441710       0.96228729194782370       0.96967509316823153     
  0.85983556700397512       0.78520155563433536       0.81582305335767458       0.67184749378577968       0.61800919293741918       0.95400864636964777       0.87381384180386612       0.77048348182970472       0.82704187517919603       0.74121676976380624       0.82798054183721259       0.77354026696867439       0.79247150849555503     
  0.97389948404833004       0.99516075693374584       0.97713664551667279       0.98643400297805761       0.99445784739743093       0.98304771563322313       0.92637197916331449       0.98555676970673223       0.99510851415270452       0.90436189446992066       0.98750695561568380       0.98106644767198736       0.98495604317891272     
  0.74655806873516217       0.80997422935815699       0.91135933602043429       0.73035872262623958       0.89900669919360832       0.74234923605477277       0.76984797733141974       0.74916480802246355       0.80607775178356134       0.82986599929792471       0.76601225108395177       0.62807046252960574       0.89951378994652598     
   1.0000000000000000        1.0000000000000000        1.0000000000000000        1.0000000000000000        1.0000000000000000        1.0000000000000000        1.0000000000000000        1.0000000000000000        1.0000000000000000        1.0000000000000000        1.0000000000000000        1.0000000000000000        1.0000000000000000     
  0.65562867089913768       0.71818576756199515       0.84257312196205891       0.68054323920164195       0.88932047799154357       0.73867000659032789       0.76348566110499716       0.77585310967168208       0.64554197610828656       0.61255736883913248       0.80306278914646201       0.86087234866992135       0.85434119123379604     
   6.6950053542658434      -0.66386309362022322        3.0232781482393332        8.3647977898034611        4.7052474663068695        7.5171854443365529        31.903181152725661        4.6444277073754217        0.0000000000000000        10.152180508870206        7.7140363688907065        9.4320186920298941        16.266235513962670     
   4.0322163794592480        16.934385239229638        2.5669527176585469       -1.5299016294240331        8.6622885332204760        4.0939925257200205        8.1558712889033025        8.7984967049875866        0.0000000000000000        3.9012003200436598        3.1520803671875219       -1.7172382655795790        6.7252698430389755     
   5.5973496554977453        10.107845456758154        3.2071539240701439        11.563428890769126        6.6268181308442085        8.7161999589884971       -1.0199403018177864        8.2661897503878095        8.7987769926710442        4.8817778756172157       0.91423854590612708        9.3333525021533355        2.3658993622605307     
   4.9271951903089830        9.3767397651980282        6.3754719840267136        3.5249955907583237        5.5020381806732672        5.3913292827898642        5.8098414465593944      -0.28220181780083653        5.9853716430887012        1.0921908943617351        1.7373334861989089        1.2988149011984151        4.5521492965384454     
   4.5668597393668966        7.0121021601799747        5.6192001502869475        5.5507640644301270        8.2642676333197738      -0.45237472016027636        4.2968676753729707        10.070046089678929        7.5035455724366251        7.3421909791361122        9.3103546723743094        5.4416262558578943        5.2078718062930811     
   11.696235992358126        3.5753050587584956        9.0722377835212971        6.0867205769988182        13.989393573839262        14.980067396105964        3.3776364347368260        12.070109618684061        6.3653628988141779        9.1337440643497629        4.2623595050878640        6.7939557144406155      -0.90566690636681979     
   8.7800852430966643        5.8297576657520294        7.0473111644828501        6.1739733868289655        6.0778669742205391        6.6126892796030923        3.1792179847740103        6.4294176657918518        8.4710687213939675        6.8248983218121708        7.5446761787064167        4.2507667915918379        5.4568952735750207     
   5.7627986223663568        3.3117866397200757        10.816829179999120        9.9160557372614875       -19.341592396186666        4.8521375081854874        9.9960444733880038      -0.60115590154292409        4.8908874246314999       -5.8695463396200633        9.4949806134845094        10.788523805783660        4.8232285865827569     
   6.9101929795654991E-004
           1           1           1           1           1           1           1           1           1           1           1           1           1
   7.7940600684388382E-004   5.4806513479006478E-004   4.5651210845090489E-007   6.8896571869005303        2.4486442332920525E-005   9.7471144746806198E-009
   2.8975521053205244E-005   2.9113639216948088E-005   3.9397468929107883E-006   6.8722753714477038        3.9385820106618534E-006   1.1682420713922819E-009
   5.0000000000000001E-003   8.7298082496777614     
