   0.0000000000000000        0.0000000000000000        0.0000000000000000        0.0000000000000000        0.0000000000000000        0.0000000000000000        0.0000000000000000        0.0000000000000000        0.0000000000000000        0.0000000000000000        0.0000000000000000        0.0000000000000000        0.0000000000000000     
   6.4023786973389622E-004   3.0108816488974038E-002   3.3665499069926849E-003   1.5573867541764375E-002   1.4555876082444680E-002   5.2181620535641911E-002   1.2756212525375224E-002   1.8287533185037803E-002  0.20854203992069303       0.17144531913451078        6.7113040923322737E-002   8.0353391476648672E-003   1.3377864823187638E-002
  0.97743365924034431        1.3931213578815396        2.1438634179088556        1.4444220901043967        1.3425184475990002        1.2713646338847953        1.4471627816546606        1.3092318933686942        1.0598076617298506        1.0600198450489737        1.3359843429772593        1.2782949473204122        1.4153369904423383     
   1.2537282483381636E-003   5.9098943802505126E-002   6.3307413180540405E-003   3.1786880229832899E-002   2.9203943130699607E-002   8.9719355678353901E-002   2.4046876319403797E-002   3.6034976190777106E-002  0.28154580369374338       0.24959709244262654       0.12431682129741045        1.6602838578997570E-002   2.7914898788634596E-002
   1.5732511066677775        2.4789289573472244        2.2759454120976339        1.5284612330785758        1.3320809013915973        1.5080225808613676        1.2977762530387862        1.5685676722398623        1.8251912794118450        1.5956196223785430        1.3882088692008607        2.0419329705775753        1.5777635938098487     
   1.8188634003206163E-003   7.6912166003310134E-002   9.0339977316564197E-003   4.6441365387602095E-002   4.4339247887794170E-002  0.11638467714040840        3.5544497471251088E-002   5.6042300656636360E-002  0.32050450780073320       0.27547942740598147       0.16875463676832705        2.5509061464251560E-002   4.4899004168798967E-002
   2.0231507650682721        1.7409799592358854        2.0123635965641937        1.4076264139516443        1.7068124826520865        1.6436019971162903        1.1759198735556178        2.0002230908620429        2.1370670291332434        1.4465041571002082        1.7083157230290522        1.6388549895341937        1.6809313760729894     
   2.3435251861277347E-003   9.5014470216592595E-002   1.1745475243094470E-002   6.1455442844946515E-002   5.9437389138021005E-002  0.13596786158237578        5.2214911396601588E-002   7.4274566599046771E-002  0.34657797135886248       0.29420364230288754       0.19900188884119896        3.4542232831435621E-002   6.1737571428827472E-002
   1.7671866452652520        1.3467708044846933        1.6521228834209962        1.4130409920377607        1.1948396351519632        1.4756114677568470        1.4845868444281876        1.6061657964932592        2.0199827159515316        1.4802797016049889        1.5670661846793827        1.2258490687541497        1.6548342377707597     
   2.8965503511466195E-003  0.11313891108101908        1.4498876086135103E-002   7.6296915987460454E-002   7.5431559568399226E-002  0.15242842352608788        7.0436757126201260E-002   9.2200642199573968E-002  0.36339826905084843       0.30856373495685491       0.22144934522896387        4.3750841978415597E-002   7.7462643880479840E-002
   1.7461988915328011        1.4236620709442653        1.7017265431616448        1.2542695728488471        1.7552844776313150        1.4153143346752262        1.4516474943533360        1.4358311826373318        1.3664648839505373        1.4182712131092410        1.2664280642296619        1.8095136062412684        1.3071919385569188     
   3.4411285666992061E-003  0.13193056714721005        1.7354184425761265E-002   9.0852158266472041E-002   9.2047544940957543E-002  0.16774518693032245        8.6769085231815854E-002  0.11050156512214571       0.37477622336239286       0.32122106607125694       0.23800886360641149        5.2946915957789033E-002   9.2338249578433854E-002
   1.6334528560745898        1.3400462417564252        1.8370971043831608        1.4370449165921995        1.3133556037633762        1.2716742626640116        1.3700554562922564        1.4757566940694991        1.4746144613776120        1.6646825579193074        1.3462972091013203        1.4659233417178348        1.4223020088507801     
   4.0139606147185352E-003  0.14958679644869394        2.0683215254180570E-002  0.10530507570762816       0.10928320427858081       0.18361924859322729       0.10288556155505940       0.12794978479617208       0.38797156076880152       0.33290812070437781       0.25409718656197239        6.4208205999761930E-002  0.10525607393671484     
   1.4579864127468838        1.3103362179789528        1.5336797345924496        1.5381723075946574        1.3356438890749609        1.5388878971878841        1.4199269384674447        1.3840081243129005        1.3793296840535230        1.4737021513763420        1.2088984692195253        1.8886227344729163        1.3065650150638313     
   4.7287275190146770E-003  0.16675867011520321        2.4561571510268759E-002  0.11970683353070805       0.12603430504962651       0.20061370935378395       0.12033819264875249       0.14448468677348195       0.40007399369081492       0.34463824036058349       0.26525196759064429        7.5598086375281398E-002  0.11989254764233409     
   1.6350826015731539        1.2641470120328535        1.5674375135186931        1.4809317679024772        1.3368502510626066        1.4803895625543952        1.5480646027309759        1.3706141957058393        1.8160730575760722        1.3740194900683804        1.3000173768850796        1.7253294779078183        1.3094667847450687     
   5.4617043966572265E-003  0.18422445278916474        2.8455689758560023E-002  0.13408615971738261       0.14211554361041162       0.21799419609891729       0.13790176712654728       0.16078616997538656       0.41123299718248252       0.35607002996160092       0.27693215475543076        8.7595972580953779E-002  0.13497243578847362     
   1.8506528541852074        1.5969180440828066        1.2445313422698530        1.5432333463231829        1.3105590509292557        1.4160929983471870        1.3465956904298266        1.3036274186157972        1.7236084821009261        1.3606204183515025        1.3328416273150461        1.6550671300855626        1.5306054293800253     
   6.2449010325566663E-003  0.20112719272201132        3.2000401168264775E-002  0.14918082263371429       0.16003986977855028       0.23470703196705883       0.15480758182809901       0.17753536980845724       0.42237966242828762       0.36644737591235976       0.28894240647287966        9.9514109475459203E-002  0.15112176616128667     
   1.9206675551110723        1.3978049359580236        1.7113918561165526        1.6186931466222074        1.6632099232433797        1.5503613242898322        1.6676089391436126        1.3327277905375143        1.2622801453971131        1.5444141620923393        1.2919798851842292        1.6757823842191977        1.4819130517268577     
   7.0828465889033760E-003  0.21794636499135342        3.5706478987333874E-002  0.16429940524344538       0.17814423438951077       0.25068197819637111       0.16929205360057051       0.19518957867702977       0.43244339329639903       0.37628361587257780       0.29991941772190495       0.11114915960613697       0.16344830844371253     
   1.7535317196522930        1.2591590616924291        1.4132411050204232        1.5938617961864359        1.5496221071879772        1.4902169077094756        1.4256035697315270        1.3303548606709621        1.3361172134009898        1.1838965096363696        1.3802599239784492        1.6069085973474695        1.3790287178699496     
   7.9623708428959421E-003  0.23404051473870563        4.0305521154470114E-002  0.17960686194987552       0.19359785572186045       0.26546295521531565       0.18183069778597563       0.21295127180537110       0.44214696422831606       0.38612261427487171       0.31239381446209080       0.12355588910697751       0.17580367069160430     
   1.3359304495354978        1.3685461259347016        1.2456493872825909        1.3727489762385234        1.5712719977099014        1.3189494666323287        1.1754386021124830        1.4121011172870643        1.2317452098033130        1.3006853477130500        1.4428927290586455        1.6034348325007128        1.3292129577682592     
   8.9310588878162671E-003  0.25005037049620349        4.4882950901616279E-002  0.19316150940096075       0.20582278732595036       0.27845752310041977       0.19486763481833724       0.22998447868846961       0.45037432669186395       0.39575657053574892       0.32440712258700466       0.13665108281719018       0.18885270839002524     
   1.3972298617121373        1.6128982675564210        1.3837894724241899        1.4467983932075625        1.1816284632756373        1.5138423050467904        1.1820810078478572        1.4057611025713384        1.2148035054794888        1.3922016842266625        1.3724796941190625        1.6075792981312531        1.2879589138315402     
   1.0100176786885360E-002  0.26668126717900092        5.1207228637854735E-002  0.20600173833391558       0.21702370761256046       0.29125690448462133       0.20940208549982817       0.24626808172982301       0.45868725474809530       0.40496936406418121       0.33588229473250703       0.14989735144274924       0.20240269064301794     
   1.2075283159094345        1.2859954740110258        1.6862153296583036        1.2086572699980307        1.3589906745133160        1.2503431230199806        1.2668623474921794        1.4732912091790547        1.1509068072594728        1.4252576758762385        1.6325721050931905        1.3385049209942770        1.2949544457930047     
   1.1447666540971225E-002  0.28235202749230209        5.7725234134170605E-002  0.21889482115717523       0.22770306337360591       0.30281137585603907       0.22536292538331876       0.26224727567250861       0.46683749918046458       0.41357772093587658       0.34751576332403689       0.16299182904139070       0.21830994834764975     
   1.5347446540095089        1.3373692938749282        1.4488766096957613        1.2599123084649693        1.4046019800700436        1.3210913015989911        1.4702447917475130        1.5240849774426970        1.4881835763898186        1.5857934154579398        1.3574584909067033        1.3021826978897846        1.3219793842347223     
   1.2731298645701270E-002  0.29696519287124779        6.4336197500364470E-002  0.23227329151653711       0.23834436817327612       0.31260809508931470       0.24183627288311313       0.27822927034299039       0.47512314139666689       0.42159242175218553       0.36002575975294321       0.17610983221284410       0.23538559762117325     
   1.5300811556657761        1.4255529724349680        1.2634998581255061        1.4998550249527129        1.3417473632332599        1.2411126546155755        1.4231695753505520        1.5076400696208381        1.1311270154999877        1.6231355853494114        1.2172038657273749        1.3102724448888265        1.6948224122017710     
   1.4266637131603508E-002  0.31296992193765338        7.0712809954488087E-002  0.24570300630136643       0.24915230174986350       0.32390667768857589       0.25777714810441371       0.29353395286100681       0.48302881776757672       0.42891237026963824       0.37225468452669325       0.18947141663828679       0.25190524735390674     
   1.7867206564813249        1.3968390293758071        1.6718656859702801        1.4133418528276476        1.1870630907179116        1.1929920570535595        1.3328212632211986        1.3993534088826283        1.1913747818011291        1.4609350123765661        1.5197833622557393        1.3854113403606412        1.3969362414573636     
   1.5837352840017121E-002  0.32998439334054819        7.7326349175997205E-002  0.25953747045844500       0.26558017768792641       0.33529673618966027       0.27292256358699357       0.30905097072563081       0.49122086813221572       0.43602368380668410       0.38457366314225977       0.20389622950825886       0.26878379976283567     
   1.4168417697769116        1.5409545157017055        1.3780098359765325        1.3861667185046231        1.2594106670504217        1.2408124786968759        1.1689974593925396        1.3730530011315301        1.2030208444418731        1.5528649329162711        1.2389463096275546        1.4424191988930095        1.3098214629629457     
   1.7548433702664450E-002  0.34763085604751126        8.4406545180869097E-002  0.27421600445644595       0.28362530472480257       0.34754745509405105       0.28973272215512441       0.32444406306481427       0.49957136608360525       0.44319408580684039       0.39710336967266291       0.22046824814944208       0.28532561546260571     
   1.3261390883117976        1.6591464169959638        1.3517800361047321        1.2524034933760022        1.3987177647215165        1.2130879455851178        1.3925247570347452        1.2635182020038276        1.3379486546846480        1.2672128402183314        1.3769778098638368        1.5968390409462996        1.4284556473529026     
   1.9360037729224962E-002  0.36509661306119900        9.2090496484265316E-002  0.28904105427096555       0.30117572704131157       0.36042205246006331       0.30741723181699276       0.34116153134877714       0.50835270879476657       0.45035598347603745       0.40903272355831494       0.23744524129555042       0.30100890478357378     
   1.4173359204414906        1.2255617404058945        1.2197457289598195        1.3986933118234950        1.5488123329460117        1.3637278432470812        1.7614472744015974        1.5210926850440278        1.4073939404311180        1.3919762103665381        1.2375657113822724        1.5910340224203698        1.2561881071434733     
   2.1643053775886743E-002  0.38290821519914348       0.10063793465190078       0.30502035500772623       0.31722536914207600       0.37425237644756243       0.32323220569480671       0.35920534537387300       0.51728936298366646       0.45761456203574818       0.42046919030079483       0.25329587699290812       0.31699479447091472     
   1.6412839442237634        1.3553174971444619        1.2758436807248439        1.5976054975131471        1.3647275194142368        1.3507916157823019        1.3046882160141056        1.5387355996578425        1.4446699799924050        1.1673880574268365        1.5276108253191774        1.2281538068959128        1.3446328400271204     
   2.4071830495099315E-002  0.40044612993092626       0.10982366022191305       0.31946548047326068       0.33258055511028106       0.38765357339119433       0.33819965572589455       0.37564049988932502       0.52663043703627077       0.46474735444205939       0.43264343848481362       0.26949738886157831       0.33280253431182760     
   1.4755951195953370        1.2874531636778088        1.4828184355008895        1.1857423541944514        1.1698282451249864        1.2949430597437666        1.1705799817427174        1.5843647966961514        1.3201697268054757        1.3703918488818068        1.4275323812557448        1.5231307465654118        1.2337664274943307     
   2.6684281560445666E-002  0.41807190381865128       0.11891788036926390       0.33768844335277198       0.34751504586795162       0.40150861681496114       0.35438925523098325       0.38949993389655729       0.53578706399959219       0.47181328936880906       0.44629986133438804       0.28519493308976013       0.34860388837786815     
   1.4678482139575555        1.2511067374810085        1.1656619052892603        1.4350528812119703        1.5599393676368596        1.3275907147806758        1.3057875772960856        1.2464597411197473        1.4984032268933332        1.3671012452701734        1.3787375979017642        1.3988360981198880        1.3369488084835346     
   2.9453129288035597E-002  0.43510676453167785       0.12755548886474677       0.35545013109830081       0.36425679192827681       0.41600059149152829       0.37038744230456738       0.40398390481400109       0.54477405757712416       0.47904831448103119       0.46027325317308315       0.30245574123040153       0.36508925706371731     
   1.4162665954871203        1.2256902823137223        1.1768706893535834        1.2983835104377797        1.3040279473750107        1.6281708949115392        1.2972609671830129        1.3440931518292685        1.1936349452910777        1.4002679954623030        1.2463361499864811        1.2910649610797980        1.3455016172415373     
   3.2463465338208007E-002  0.45060947668536100       0.13681522124828407       0.36752984161719210       0.38137942988568108       0.43038133990801136       0.38632883688464603       0.41811796172339682       0.55370001526920831       0.48650835505638074       0.47456566812399753       0.32041212605581820       0.38166595448763518     
   1.6218712449291206        1.3185965132039001        1.3598854973808687        1.1640970792499112        1.3398554377428673        1.4464589184662782        1.4298203089845472        1.3680413902003534        1.2911111115446292        1.4405652273705627        1.4179297503170307        1.6300914062744720        1.3811389576036996     
   3.5719208894239254E-002  0.46476047509881896       0.14755357068820363       0.37939715776328520       0.39839317197924673       0.44430865994611468       0.40151800271184163       0.43159716530152886       0.56247252661565683       0.49395348867671512       0.48789434367481327       0.33850058627566121       0.39790794137807201     
   1.7685295312679250        1.3072170269940637        1.2814329831189004        1.1252941850604647        1.7183013986829487        1.2217586130083788        1.3147004782128553        1.2823804562975218        1.2382741845544973        1.4399364392839893        1.6419007329743907        1.4614153238591054        1.3848894095616349     
   3.9508521291267563E-002  0.47839050413103262       0.15881079579276439       0.39108514363836333       0.41623791918214792       0.45812270136622146       0.41569328549754508       0.44453534084550594       0.57169846008141267       0.50120750724546737       0.50121786832922610       0.35582465796122520       0.41393632220990489     
   1.3131728941401775        1.2082603089464419        1.4339989727535307        1.1509150030530688        1.5228780265802113        1.5674548207530017        1.3256326606272180        1.2960846418254950        1.3066261418613951        1.4634344207296586        1.1061952473781729        1.3685787356284751        1.3782596973598595     
   4.2953394879569111E-002  0.49241924267137710       0.17023027516002903       0.40274066701321731       0.43443642805654581       0.47179793239086742       0.43043206176892479       0.45765792826409840       0.58092232396877541       0.50849814421027328       0.51696299796257794       0.37265209531965615       0.43103806772965930     
   1.3575928415267691        1.3447110112636442        1.5224149073971085        1.1795040203110381        1.3589616975190142        1.4637193390655805        1.2399436610944423        1.2942539143286564        1.7494824178234090        1.4237529597974852        1.3615214239888667        1.2751968442526456        1.3811177724064083     
   4.5839244767592484E-002  0.50742383924801204       0.18214011215093273       0.41867651441892073       0.45326316631995583       0.48492142142359651       0.44491399514939184       0.47152144254691492       0.58969685486372969       0.51580057415129776       0.53193451065232311       0.38913136237431967       0.44805434443449554     
   1.3033330128848053        1.2958778256811558        1.3197929123656094        1.5153764504793750        1.5977699891325381        1.1925926292631890        1.4062119925952550        1.5454947979125355        1.3598489027552809        1.8233180555724255        1.2137792769740015        1.1579631884503763        1.2958174815781895     
   4.8848152448419960E-002  0.52480425845665990       0.19456603692595417       0.43434570771642744       0.47085056483086118       0.49770048980093123       0.46124197514339549       0.48739900285506654       0.59848606354470235       0.52249473756824960       0.54688068238036314       0.40575683526104156       0.46416171154238861     
   1.2681380536187419        1.5723361754704352        1.2450052916756758        1.0769044869052988        1.3487043402594374        1.4108871090166661        1.2928142893884258        1.1659611193296957        1.2583048037453666        1.4283042549122451        1.4537293685039938        1.2438297589072400        1.4946704324597162     
   5.2316316984604358E-002  0.54145220162043817       0.20652206913709972       0.45012606400521110       0.48710384463002082       0.51039639223998778       0.47711425426765802       0.50375185785575693       0.60730680459373354       0.52857280337932133       0.56183837409125248       0.42278305717995718       0.47872587232127006     
   1.0667174925204976        1.5812934548158564        1.2023980887514667        1.3477741338747278        1.4853767952543426        1.3925774009637277        1.3492629753207073        1.2990436498779310        1.1666807756376172        1.4665876290751421        1.3052244557454411        1.1996313019158051        1.3060121941480070     
   5.7143753948484567E-002  0.55683005134998398       0.21817651730285284       0.46796307102287316       0.50396826165815323       0.52293563950041766       0.49272575999113988       0.52046439036421999       0.61635961518450966       0.53456221102583112       0.57619463477060850       0.44000606411199455       0.49256465774442404     
   1.4227646852042817        1.3023402944864015        1.3808845240559815        1.4920999557251178        1.4184136077158800        1.4515245234388963        1.3688446257518105        1.4537775615628710        1.5098084030525725        1.1034413653938850        1.3130717201501876        1.2498865170006510        1.3712138019544653     
   6.3134670159791129E-002  0.57212723343746974       0.23128121679598662       0.48639235889203819       0.52118389278201305       0.53569883716919309       0.50800281799466207       0.53724276913362234       0.62599437436640248       0.54080647234189316       0.59138850742224958       0.45650225927368615       0.50694644826053370     
   1.3332230824895284        1.4296113380843718        1.2442616626131806        1.3929447125771885        1.4758788621558439        1.5917659844581069        1.5044163093762317        1.2189440302582293        1.6693246132918591        1.2758202140201320        1.2599414884160445        1.7872536068161879        1.3861175985409144     
   6.9468833182741371E-002  0.58680588946512013       0.24554855580554735       0.50506578831990967       0.53827667521646005       0.54882958858142494       0.52254976868579661       0.55425018409245741       0.63566302354150905       0.54697878435128400       0.60812856492855449       0.47361428927109184       0.52214297290976208     
   1.4675611340108419        1.3164564565640264        1.1626355115243410        1.2734634435332663        1.2099394216920951        1.2716021370859880        1.2576099485440886        1.2084625684963299        1.3304904846533221        1.1367587250485478        1.3454575726058111        1.4096755980956630        1.5227344872259618     
   7.5717829540498743E-002  0.60156062207075356       0.26067425631763874       0.52500782255397560       0.55506006370747107       0.56244936887790009       0.53736077795285897       0.57116245747377703       0.64522529529489803       0.55288727924701309       0.62432243747887584       0.49067760417800049       0.53903135497465304     
   1.1711075773188122        1.2361914660528914        1.4793490555939970        1.3266461867810062        1.6250793675703992        1.4569649844413970        1.5584666926245576        1.3334949615445701        1.4514553007617514        1.1319577883271696        1.3113686652982151        1.6786511829948179        1.3148537251620520     
   8.2833128070307016E-002  0.61620163915521764       0.27674031951449118       0.54238899067322721       0.57182754148660109       0.57680961706696876       0.55150403256038594       0.58780096293371020       0.65532216994034864       0.55888698851876539       0.63908959291321688       0.50825740779357798       0.55594296871563842     
   1.2489085023519120        1.4405933450003034        1.4365483938981063        1.3613319037948868        1.2839956659106981        1.3500919157050022        1.5718818029915449        1.3535582087297393        1.4408686529041284        1.2871239220141675        1.3836932601813612        1.2604814676378151        1.4496245624893571     
   9.0603422943767165E-002  0.63114568760714751       0.29345409612373202       0.55935180452150468       0.58839760579510347       0.59122935926129505       0.56621995626831556       0.60439393349527126       0.66546345562495679       0.56493157312400111       0.65508282662278405       0.52672943455813093       0.57217385013864852     
   1.4017751194318595        1.5823344323394084        1.2507039662586774        1.3318662037526374        1.3575304383819875        1.2760700017604292        1.3482088646913499        1.3800605664984318        1.3847430153998856        1.2942649754085731        1.5776904103449443        1.5625538051512853        1.2530123090577494     
   9.9202172348368478E-002  0.64526133539773856       0.31168467453579018       0.57576435979783080       0.60501212936656268       0.60486318588237165       0.58207948762743966       0.62074076876052076       0.67579067467500575       0.57130495975979456       0.67266524076438439       0.54227148450893370       0.58898799409284397     
   1.2705942285351037        1.3838783046681948        1.3117214351467696        1.5169219974092689        1.1875968378205584        1.4888267390718219        1.4506160090173552        1.3288261970876414        1.5019567106234242        1.4777952449459730        1.3438078463652177        1.4080661701173200        1.1927316218441466     
  0.10835106866743918       0.65931103170499816       0.32924464510580742       0.59197814487316502       0.62205439467519419       0.61792713873222727       0.59854986172014146       0.63668482027092743       0.68555317269664384       0.57737817548710368       0.68975819123341053       0.55769649371842334       0.60461596850648458     
   1.1174382976914112        1.2582914182094471        1.5450075534099454        1.1688120500719181        1.4646359153492614        1.3478222277810248        1.4609308188809509        1.4830654050242562        1.4308085205161418        1.5260409385464200        1.4376393435816304        1.3672785872392208        1.3053528715900822     
  0.11893145680526235       0.67201367629174125       0.34760338413423808       0.60924356467612617       0.63973507931016993       0.63025789582839842       0.61569459175133001       0.65261159942887437       0.69550918625950564       0.58283875429502052       0.70557348496005179       0.57296407796785465       0.61997877815104518     
   1.5100275259672593        1.2363485465472519        1.3238992049409908        1.4011712338046007        1.5383404987230431        1.4472774521680831        1.7100392576276522        1.5598591602614194        1.4160914011495556        1.4475646820340125        1.3765102634754240        1.4212013913186228        1.1775569786035338     
  0.13018639097442042       0.68610272389826832       0.36641942291340368       0.62760469978302025       0.65532751893359131       0.64168589982063595       0.63206330152462809       0.66707155820586339       0.70523216889229368       0.58868902406343271       0.72075989245161276       0.58834909718923101       0.63436069365774506     
   1.2402517861094908        1.3129108086697976        1.4217036017210678        1.5448869297113932        1.4196016800314137        1.3446081477993630        1.4247002605675545        1.2055999321249622        1.1947047605710270        1.5046043717320465        1.3500085104358504        1.2103431878142348        1.3528870839892686     
  0.14423177480025803       0.70135358780978641       0.38466839157328953       0.64686561137702059       0.67081763169346342       0.65380431606024336       0.64874885293216267       0.68020782487711395       0.71455845453853972       0.59461348445260254       0.73529627185655011       0.60290255705956697       0.64842626579803708     
   1.3982885496820754        1.3453218753804845        1.2934811462582447        1.5374637597915843        1.4446202299572346        1.1461911010333330        1.3774954007903912        1.3057382807949347        1.4901518238002049        1.3660910183182031        1.3772804168398254        1.6198143793889754        1.2957028105921846     
  0.15978833298310685       0.71748185401019349       0.40506111540967349       0.66462694128109845       0.68720337492461792       0.66629871886327152       0.66550435567270760       0.69259897842577711       0.72377823514768747       0.60110635776991217       0.74943113799976824       0.61734794947392047       0.66284122738016138     
   1.5793445759502847        1.5269783283575866        1.2403689164944369        1.2637281173137784        1.2139135479016896        1.4994871092789002        1.3844933326944859        1.3788849957735796        1.6027107819769231        1.4782667200907040        1.3214732978803698        1.2720906312113371        1.3318413233538740     
  0.17793637926109512       0.73300256684687637       0.42574637252173775       0.68218993641458436       0.70332451172640309       0.67826074906408007       0.68086888539807444       0.70573005936486721       0.73348713528849563       0.60747713864558817       0.76288671634183058       0.63123810521955348       0.67771821375650076     
   1.3058723355756567        1.2495738230411142        1.2867135945784602        1.3577845586231965        1.3202467925587438        1.4223174756875714        1.3062906785860231        1.4415358157098066        1.2407471934177472        1.5757501092302488        1.2877009217297586        1.3895992181540615        1.2185717107036107     
  0.19514147783077376       0.74816460506185833       0.44872266477251005       0.69879681783752112       0.71907192013693355       0.69019904893693751       0.69489309705847879       0.72106470703566072       0.74374820408073794       0.61329488119615527       0.77735580401036020       0.64493951957439188       0.69391622283453069     
   1.3845120975055289        1.4052320054597456        1.2431835229155217        1.3987286571343451        1.4223332046190664        1.4624098940323431        1.3134043961263651        1.5650018199020073        1.3556135335966935        1.3906686040273903        1.2269415969290212        1.2358766833966599        1.1613931532069433     
  0.21243132690431521       0.76211418881570492       0.47151166959590690       0.71421083533643193       0.73484762011101523       0.70205550352841606       0.70846294520283504       0.73698972616140079       0.75415705792726262       0.61885924615367438       0.79255522306710180       0.65920280894520011       0.71015577172348376     
   1.2960675958109831        1.3995684304929386        1.1527359847298246        1.4138028497563409        1.3409211509635066        1.4181861713005148        1.2892983497250428        1.5581014146528762        1.2496828498866559        1.3524168289098144        1.4319418879268966        1.3104553022496774        1.4084215378708387     
  0.23020921972723879       0.77614351361595890       0.49127783816179155       0.73117444107139473       0.74971485443986319       0.71440956764245156       0.72304365717406127       0.75241843129409036       0.76485772935766172       0.62427335005968310       0.80774895922824774       0.67404874459937503       0.72711860216361768     
   1.3126293688062909        1.1916868221435035        1.3794394045060341        1.2117565850244811        1.4515033424215074        1.4243880302694212        1.3339433063965129        1.6572020944285659        1.2844513820312242        1.3534175967607838        1.8552521008551957        1.4836556526969067        1.4225800091248408     
  0.25624033719658412       0.79081821585025913       0.51315962739157583       0.74766324098776304       0.76385638396368361       0.72569060606747160       0.74006957581449584       0.76831376473015356       0.77587130394383452       0.63024085792389484       0.82223814613496093       0.68860293557864427       0.74465682099824715     
   1.4931514987538725        1.7532419097169842        1.4893617244490629        1.2510737151644202        1.2244518858254378        1.3229076655948242        1.3703889607395214        1.4719760142251621        1.3655537249379444        1.2847032958259503        1.3190664636758171        1.2593687846624189        1.5083723649858871     
  0.29452129835109581       0.80664658986597426       0.53690664214250161       0.76276161793276032       0.77946668544284725       0.73755176582886428       0.75692544524936312       0.78524752093316685       0.78710727200852015       0.63704667713670682       0.83465558129584172       0.70269282719023063       0.76331789043700238     
   1.2619199032100465        1.5873357165178450        1.2794341666745876        1.4545175230641876        1.5281343516334089        1.5134400732538966        1.3919120180760824        1.3515980978255917        1.3665770598573570        1.2865391225515925        1.3777838346229285        1.1820343702229288        1.5630599063837560     
  0.34710290907514008       0.82206469697240891       0.56048444600911262       0.77767523646055092       0.79508024310938230       0.74916619797374973       0.77316120199577454       0.80170677120013090       0.79836933649899433       0.64411476919733723       0.84666703444176694       0.71818638367063259       0.78032962180853271     
   1.1581466479970342        1.4822297700520084        1.4005054644382784        1.4843609865138534        1.3497453846930465        1.3299191737647802        1.2582590599989953        1.5296833750696857        1.4622915528415232        1.4209903744821102        1.2506777690752844        1.3874420414335717        1.5865125509737823     
  0.39449210720371120       0.83719870360940052       0.58314785594845120       0.79286877253923727       0.81045329567723012       0.76094676430343622       0.78953002831914976       0.81773892246243451       0.80814914534271798       0.65101325654494469       0.85948561785764355       0.73883033363237460       0.79613774355138589     
   1.2013351376077916        1.4189873988074619        1.4416226756046242        1.2135146549602789        1.4745243685653795        1.3622961690291460        1.5996875932218426        1.5658387568408620        1.2411505130385316        1.2530663695670361        1.3820366395095889        1.1532162740147636        1.4081249688801707     
  0.43703037814373458       0.85204266171324272       0.60515471905906204       0.80944282350285490       0.82575260436221776       0.77343468835771068       0.80596155561288596       0.83389044244018662       0.81706947541765407       0.65792935892157134       0.87277635616501636       0.75915262564087127       0.81195267760936951     
   1.3383160431959915        1.2093489690257304        1.2687305653182603        1.5042202488886132        1.2755864679511388        1.3358296702677854        1.5895910781124332        1.4169295432515916        1.1646214317645962        1.2976914789021607        1.1670923597215224        1.3435069466147755        1.4082256007287308     
  0.47784089781935607       0.86730992123555761       0.62725600439646878       0.82798183256676017       0.84119928589323378       0.78489923550843232       0.82269231743302895       0.84876293435324424       0.82623289084932405       0.66624150800252524       0.88499024096619772       0.77741693069355833       0.82828377933408914     
   1.2781080374258462        1.4068899171227307        1.2644935527837029        1.3137001127449204        1.5300504588979087        1.4510567254875708        1.4567041042205262        1.3313314524088469        1.2164371259549549        1.5606683275792450        1.3998804474215989        1.2484968299862440        1.4588733839514505     
  0.51837153874220243       0.88315522374591993       0.65335579374025488       0.84614083528713280       0.85652083341027641       0.79470871782046326       0.83859252292309494       0.86086585389787573       0.83604858199560661       0.67554007339168931       0.89596970690629407       0.79788449018835028       0.84406477226028465     
   1.2507210463840155        1.2910422030931250        1.4713621706841076        1.5164226853299840        1.4557602755003991        1.2788061789672216        1.3343281970995129        1.6173891312439006        1.6264588231997954        1.4871631258137410        1.2316883156388425        1.1369518333286714        1.3222947053328444     
  0.55974980264378127       0.89831607683887127       0.68306911879903454       0.86331610737415365       0.87262053917348603       0.80615123927208432       0.85380011420066892       0.87286414565860293       0.84687648678774508       0.68485593492996411       0.90674953685718229       0.81879362355716045       0.85909651790317865     
   1.2305004824961616        1.2736318495764312        1.2468239651843189        1.5619453669167320        1.2862305783869155        1.4203351248150455        1.3757286548057790        1.1150259084945189        1.3048469647703294        1.5511006454537311        1.3898566936519430        1.2151300330287294        1.3456237932545572     
  0.59383226576553749       0.91160791449202860       0.71492709012268330       0.87998940944636206       0.88978857755347407       0.81909958645302117       0.86932086542673026       0.88511391531067751       0.85961303749575679       0.69426233196483722       0.91784618465122547       0.83829635208158826       0.87399667194575159     
   1.1514156360096595        1.3312571721140916        1.2063109972958077        1.5402650445155455        1.5423512708375227        1.3450175670114375        1.3863915699381486        1.4373502731470360        1.3141949976717033        1.2265604966095971        1.5595743995925375        1.2508284231517726        1.3974583431876546     
  0.62776865333740350       0.92499131785351008       0.74578541821165067       0.89699978982184669       0.90315501321421532       0.83451984807863466       0.88484519171574805       0.89820832286422048       0.87380936889841254       0.70378521429496321       0.92937807339204381       0.85833826957995696       0.88943992078571765     
   1.2927518539251088        1.2051520319139102        1.1788408504163965        1.6632118739440087        1.2673563901693750        1.3633221388374412        1.3522468285080860        1.2858722349846239        1.7949088337455257        1.5103998761931703        1.6903037359840718        1.2381823260439724        1.4723086006772539     
  0.66150416066581574       0.93908488585810068       0.77567381917756373       0.91409983485879998       0.91390821457737692       0.85129673285569485       0.90143347279558694       0.91677770995019736       0.88825212327917558       0.71312044169392752       0.93963632152910936       0.88036198283653522       0.90578085163301447     
   1.2345714475515031        1.3187543664705901        1.1632965993961899        2.2458966120973014        1.0550259165683347        1.4846067482938448        1.6416693249044878        1.2009053522385669        1.4952497416978368        1.3189732015230287        1.5579464743186067        1.2534320068194509        1.3258891733441938     
  0.69415458510350769       0.95320996070758213       0.80851272904838700       0.93007511091795203       0.92693229071023242       0.86689137000280170       0.91801602889395439       0.93354488245188549       0.90233602044723260       0.72442722134422000       0.95018757986845792       0.90175407752195413       0.92288503209274697     
   1.3014884880892705        1.2983406305881700        1.2751371680800470        1.4283393947415914        1.4507273643996923        1.6782670576289151        1.1985695176752533        1.2646513753354920        1.4714074370407009        1.5110963949806391        1.4403201093713991        1.2982514918491785        1.4089146426705033     
  0.72641411897534602       0.96580367915732790       0.84207518924580971       0.94535643349392739       0.94254439190885464       0.88313176445823371       0.93466357257779897       0.94655016628836752       0.91585868642648705       0.73820531208352980       0.96104754015206562       0.92356097656631508       0.93980753335857270     
   1.1094267995023042        1.5953177128556220        1.4061304898314071        1.4256041262228569        1.4169723281261948        1.4836199726234782        1.4574558236035158        1.3069865889525740        1.4627700433033126        1.2962868839224075        1.5406276028518817        1.2526142412646066        1.8033320252309055     
  0.76112213217475888       0.97630990635687454       0.87780422150275850       0.95798508144667194       0.95813463278303801       0.90487961510437864       0.95150195961060180       0.95915364119937740       0.93037293075028116       0.75232147915357117       0.97199749743959463       0.94418840271078330       0.95453543323554901     
   1.4072672168322597        1.2968958894137190        1.2972337959052123        1.2828031990482902        1.1812496699809718        1.5960452298434149        1.2841994027768922        1.2314738727281154        1.6461224165997459        1.2468962136001329        1.8500826255777838        1.3591676024496997        1.2660369234947710     
  0.80378032520968690       0.98520389239557182       0.91412050710711645       0.97070167739349422       0.97356252957908140       0.92970236092158320       0.96764058720754798       0.97146790095074209       0.94660389587394911       0.76971341943021188       0.98237781263142576       0.96459448730871244       0.96983804289865172     
   1.2792612432450550        1.6257143682444837        1.3879977278899052        1.3783252248991396        1.5374200473297333        1.1490332851221907        1.6528998882341206        1.2086040655348158        1.2266350636121321        1.3567336146906097        1.9458754381299863        1.1473812039877593        1.4239172281500483     
  0.87462459526782688       0.99294928168275776       0.95702224794912050       0.98507500100391598       0.98706224395901709       0.96448216892887106       0.98389174332181528       0.98518750732309845       0.97220761657515131       0.82119683470461413       0.99139814336123022       0.98251041530914862       0.98370705426007810     
   1.3527041636543486        1.2787494514488911        1.1994104783127886        1.2554014485167733        1.4444895847707357        1.4823996322163606        1.5700209330249153        1.2715993537731909        1.3310471152538643        1.7053504915914708        1.2959714316795805        1.0781146238147579        1.6697343108790974     
   1.0000000000000000        1.0000000000000000        1.0000000000000000        1.0000000000000000        1.0000000000000000        1.0000000000000000        1.0000000000000000        1.0000000000000000        1.0000000000000000        1.0000000000000000        1.0000000000000000        1.0000000000000000        1.0000000000000000     
   1.0819963380872313        1.4175044407907227        1.5274811322438961        1.3935699162574195        1.2956718655420809        1.2052609607954823        1.4396338400268383        1.3264062806842905        1.1741762559981364        1.0041216342216439        1.2373786735014360        1.3011759460666534        1.4192158599625160     
   6.3973186888634155        7.2310357487099512        8.7649846705791497        5.4948717006847421        4.3158722313642359        4.9176876555885798        4.5906031740452127        7.8595602208010824        0.0000000000000000        8.2663237211097673        4.0378759847513761        8.9193882694552524        7.6929159124581181     
   7.3848179909450371        7.9272652046155301        6.5600091913623517        5.1022399441833599        6.3505380154878734        7.6348515836723747        5.4096008277530618        6.6882661907258329        10.075564451730299        7.9071215727199924        6.7169447656097923        3.8311139968744956        5.5714932083116384     
   6.3002481720658094        5.4650337936461044        8.1904223284790234        8.2460292381688429        5.0860034793456323        4.4552600438135874        6.3142928071266224        6.3615559394114616        7.2006054927568695        7.1318990461562981        6.4104805286124069        7.2276430382708465        5.5415849648487621     
   5.5060340150359632        5.2496896563653666        8.4171965983078927        8.4211867208530524        7.3250072565619613        7.4657002731168554        6.7558650865957297        5.2645564720493141        6.8915422103445874        4.5710374434116599        8.0176668256388250        4.1098695220410795        5.0386135234724208     
   7.9157370905661759        7.3734755906886242        5.9087703407712855        7.3349721422838412        6.5758539163746654        7.6871487775379386        4.1753969476126800        6.3129839056806771        6.1189290689347784        6.5359206768746931        5.9407028646602535        6.5635079492855555        4.8003983022365455     
   6.6460630557185443        5.3398986360484431        4.3851876488222867        4.1257895667484785        8.4715368792697845        6.7828538299742815        8.2917645876790420        6.7614817480470979        7.2341991667334042        6.6790229027111456        6.7663482238586594        7.6130339623014063        6.6002315245766079     
   5.0402648223282656        7.5862242853695179        2.7836075325903140        6.1313551635639350        5.7183994374627565        6.8732283511823589        6.8407923238370802        8.2780454793601397        5.9944792349223954        5.3270111811312217        6.4637560062391266        4.9811400466227376        6.8437292841469324     
   7.7761564565317070        6.2383373346965998       -5.8875159798102850        7.0021256329604293        8.1154637997684365        3.2352484418013332        7.7930867452131194        4.9073268185666548        2.4918931469384340       0.42022574462197476        6.1125667462478273        8.3838219105257537        8.3436835163871024     
   1.1427033515693008     
           1           1           1           1           1           1           1           1           1           1           1           1           1
  0.78760573299317616       0.24524794560873606        1.0607296719384333E-003   6.3295491724878641        1.3056385406921771E-002   2.1350552589513438E-005
   9.0803764433872031E-003   7.9277340663193654E-003   1.4845923225310610E-003  0.25331963736283819        1.4843575057960877E-003   2.3028841803452170E-006
   5.0000000000000001E-003   6.3594638842603652     
