   0.0000000000000000        0.0000000000000000        0.0000000000000000        0.0000000000000000        0.0000000000000000        0.0000000000000000        0.0000000000000000        0.0000000000000000        0.0000000000000000        0.0000000000000000        0.0000000000000000        0.0000000000000000        0.0000000000000000     
   7.3514700497493248E-004   9.9120374385861434E-003   1.1320352924901763E-002   1.3447613329312345E-002   1.7158321245170714E-002   1.7177509760475683E-002   9.5333180202910109E-003   1.3202470864277874E-002  0.29761183230662508       0.15708744067617261        2.4618413230710148E-002   1.5079443116593172E-002   1.4709540965101135E-002
   1.9986456413418072       0.99625615048508320        1.1562035140208400       0.92286345303042472       0.92421395625844616        1.0772357177601755       0.96308040311402521       0.93154407650860105       0.99885105284906073       0.77430558229881974        2.0854237036267240        1.1311325880408074        1.1246349978626828     
   1.4764839638085525E-003   2.0796612205041545E-002   2.2502262120006139E-002   2.7722046208383984E-002   3.3459178557574680E-002   3.3777651391951879E-002   1.9142968012748493E-002   2.6735483272374991E-002  0.45128757722487983       0.24452548949211547        5.0479153505261332E-002   3.0120627857204683E-002   2.9710484260329510E-002
   1.6979516891438182        1.0180674361292619       0.93690151400630861       0.87665642647340081       0.97474413838191443       0.99101904609857072        1.0330170742917353        1.0854536288590320        1.8744455900507000        1.1645327012261348        1.0411630078295124        1.1723319041158708        1.1966599844095824     
   2.2190053497836621E-003   3.3774425494393773E-002   3.2806588344029795E-002   4.2403170163707427E-002   5.0785627557165910E-002   4.9097658034887255E-002   2.8726157288269751E-002   4.3270288743714198E-002  0.48349089385382688       0.27168357072943100        8.3385811347178512E-002   4.5155056420158074E-002   4.3902861226667374E-002
   1.7173204660696466       0.99745541475488830       0.90008524240603638       0.99206847569981871       0.92814072074456355       0.95335118430458754        1.0751818875274517       0.92650526890087437       0.95888513599365821        1.0094511894732818        1.0972728265266047        1.1818980183035792       0.94745936430815236     
   2.9311544444455386E-003   4.6903432267271034E-002   4.3028905016392817E-002   5.8160123224304465E-002   6.6379352919571824E-002   6.4666027096625875E-002   3.7900604458021007E-002   5.9590977425936442E-002  0.51061988580983431       0.29464162645468428       0.12157277138485562        6.1094759212861040E-002   5.8007258747598940E-002
   1.3917523235354401       0.87586670500337716        1.0241108870944902        1.1740658329081437        1.0876138923921699        1.1102323464757371       0.94542194237774602        1.2251582428511336        1.2049461125542682        1.0615926466803192        1.0011812899406514        1.1905185396703322        1.0287033480136643     
   3.6612164478002770E-003   6.0275108648941547E-002   5.4453182957910636E-002   7.3071555810076391E-002   8.5695067284459206E-002   8.3054481223364368E-002   5.0010531326352546E-002   7.6883899102522316E-002  0.53254045126238814       0.30628323601116553       0.15375364436502736        7.6587790597822600E-002   7.4117443836935540E-002
   1.2877332863910391       0.97711035820779468       0.91968957276938323        1.0724504498055991        1.0650884954780018        1.1638109680046020       0.99092271923210140        1.0284568744913718        1.1146956575182787       0.96179538610797166        1.0272195716205066        1.0662604900186707        1.2677243130537348     
   4.4585628936145653E-003   7.3876467093772810E-002   6.6665701559695756E-002   8.7402904917109114E-002  0.10426520189297683       0.10132739579220894        6.2589681984491649E-002   9.3397832597878108E-002  0.55226822743702020       0.31951951977217674       0.18039937950305326        9.2583934527521825E-002   9.0702820264415188E-002
   1.2975647041588323        1.0051427424818224        1.1258774437767261       0.94137941435395722       0.96392046740175641        1.2627711894054898       0.99357447636613416        1.1243100547583809        1.2924256120361139        1.0872046734184928       0.97820431232857585       0.95210227309228856        1.0924737226168755     
   5.5233266706198490E-003   8.8064579043334840E-002   7.9873253609412609E-002  0.10133622657954439       0.12300885838510263       0.11874456370800733        7.4268793237930189E-002  0.10882653915339281       0.56642559182625241       0.32801950477439490       0.20371373133362261       0.10821994953471337       0.10678436983395440     
   1.2850430962257158       0.97458829702126393       0.99657336523332563       0.99812909839119235        1.2623224353735147        1.3482567024530518        1.1440684733972426        1.0662273940220164        1.0956815717035939        1.0173137788383586       0.97514019334775748        1.1260865598175962        1.0193622325851974     
   6.6809420382096339E-003  0.10330054976657344        9.3382212455257574E-002  0.11479687389290981       0.14273748478396925       0.13646627578045295        8.6015078045515989E-002  0.12251702344619446       0.58003476570175327       0.33767688147085440       0.22426048171172266       0.12416881126410118       0.12277253638040329     
   1.2808002621618666        1.1401331183566636        1.1372891176172348        1.1083992878388760        1.3455790514594250        1.0675743723977085        1.2626335299493037        1.0042087493764271       0.86066217010569379        1.0236770936910178        1.3802079861472323        1.1706287314856481        1.0024921438101100     
   7.9807635076741164E-003  0.11822174548952044       0.10707419096555686       0.12914979397049392       0.15930758493082381       0.15443603887119228        9.4883818801137831E-002  0.13479361558227101       0.59208101326645657       0.34795163281118374       0.24151422839448655       0.13901458305804745       0.13947910173269287     
   1.2132671234618913        1.2196156303378436        1.0563800041489129       0.96706597240358882       0.97580752210318711        1.0964938914036746       0.89012437174851522       0.95345581191186746        1.1179532078638972       0.90006389071376280       0.90377471545154242        1.1526783324593270       0.97502555279901471     
   9.3970817696387120E-003  0.13332533362007049       0.12073995184642922       0.14366616385554165       0.17528221973812230       0.17236667035564165       0.10311072973810817       0.14687220239990642       0.60278423015947280       0.35813056857924525       0.25439988222175014       0.15462922806840432       0.15740746973642974     
   1.1252681351689362        1.0239695542510059        1.4636703674827867       0.96468566580835469        1.0012869829420514        1.0596363556786432       0.86572545159271075       0.93321869816695258       0.95013448105957787        1.0635032957959318       0.92344384311078975        1.1211007789187788        1.1819501176907159     
   1.0900785876061121E-002  0.14876465200905958       0.13393331780627532       0.15852463875066494       0.19061114501436879       0.18980822467083275       0.11116273887006430       0.15848822766215523       0.61260269837909398       0.36822004472682401       0.26756299753216206       0.16952561185135190       0.17527355448773740     
   1.1033403346187467       0.99865031723354325        1.0701029010896006        1.0999084462154891        1.0720441975646318        1.0883679620691602       0.84163631992614762       0.99384380318716781        1.0673925561124831        1.1036123556074051        1.0146339110475324       0.93558074557851167        1.0401262779570009     
   1.2638383818843996E-002  0.16276805264132241       0.14638351512642989       0.17309050473667700       0.20601182085210554       0.20814120754112625       0.11908993334288751       0.16998044800986506       0.62180741875211465       0.37695932453560160       0.27947351158490075       0.18441984604553691       0.19241812148247367     
   1.1445982466357776       0.96605284859730023       0.93633953929921165       0.91056156986874959        1.0244793074998277        1.0722812423864601       0.99017503259093886        1.0781824687158044       0.85549339866869645       0.83444624856883198        1.1221902415947052       0.92169163890268080        1.1246355514060828     
   1.4473485058063913E-002  0.17649141976179653       0.15781113320738421       0.18574399591389371       0.22156606024079742       0.22317330213826586       0.12831232839126749       0.18155154198285658       0.63046923399995447       0.38498282101509768       0.29145290674356866       0.20007291253969769       0.20999405454597730     
   1.1135543869274194       0.85166995586751437        1.1009218287829887       0.96782620576764933        1.0643601814907406       0.96713813808435367       0.95179256188401951       0.88843038003801567        1.0342161135094277        1.0116332108058588        1.1331281006304370        1.0222780481409610        1.0907069171417556     
   1.6786069388701731E-002  0.19186606161539338       0.16854034218957767       0.19893469965355648       0.23641047180960362       0.23669690654802766       0.13800703026957084       0.19532999245186969       0.64073669150680779       0.39397917482627942       0.30288898497297767       0.21686997585938952       0.22767561597488950     
   1.0241700743300748       0.97064225102976898        1.0234659603987133       0.92369459581090696       0.94331957435005187       0.92064837205501926        1.2274285294399858        1.0047647252506362       0.96319763659653745        1.1614834249395816        1.0000801184457397       0.97090648578832639        1.0535408897195999     
   1.9139602497068257E-002  0.20723124678331098       0.17951793632862312       0.21111600183748949       0.24871150954651780       0.25010104144272199       0.14826903722020204       0.21135494819546111       0.65056744295157276       0.40319634336144244       0.31362504798439911       0.23543248883822179       0.24521908573102266     
  0.96167210474901843       0.98750797047522121       0.91792390720951089       0.92470521392589611       0.91722968224919388       0.93597977355733208        1.0537516729227332       0.97212415036433242       0.91766566558089913       0.92109455345075997        1.1275395161336073        1.1225820347300703        1.0126375740472833     
   2.1434913779912492E-002  0.22265218587311750       0.19139103299799584       0.22271671672147728       0.26150507100699483       0.26352817208564544       0.15877705973734815       0.22651525489013902       0.65922908933094471       0.41247036191528791       0.32283820481482195       0.25435901707220848       0.26255672560999166     
  0.97708456707347358       0.99583592174252900       0.81373583782401748       0.92616494251331083       0.99793675454603492       0.90669817962179466       0.99069823710087046        1.1557746559414794       0.95812247653388616       0.85320015775765801       0.82560642901840742        1.0731631048672465       0.90776815575898051     
   2.3811674328477778E-002  0.23802504506799643       0.20382471180424960       0.23359912182010573       0.27587846926694148       0.27843050056182894       0.16978870738539359       0.24142501076998946       0.66663512034365091       0.42134451983147286       0.33353408329435963       0.27285891936600498       0.27917317948299669     
  0.85596085146741996       0.87635514706466500        1.2231622546387524       0.98008377126268742        1.1255602711179178       0.95596188744301491       0.86996926132415242        1.0489150137882843       0.86428474211765605        1.0775394333687698       0.94485177872002934        1.0274488822327621       0.87691163002371930     
   2.6527329815342140E-002  0.25554435996402070       0.21643323630676217       0.24753846833056922       0.28958286844823600       0.29400245382624773       0.18070364204701100       0.25697432955525640       0.67354132481059836       0.42925177868345327       0.34502118803364512       0.29141634068361416       0.29584116655093973     
  0.90201055656431195        1.0096576343094987        1.0749436293269954        1.1086232217029013        1.0650941085634331       0.95574600832678069       0.96082176464357150       0.94059763226391024        1.0367573440820630        1.0135622566774887        1.0052832462772707        1.1966325061464114       0.95841076178929219     
   2.9341063145223955E-002  0.27501554310825344       0.22924539397789559       0.26089484005782948       0.30336595717880954       0.30976648398955514       0.19249462369029530       0.27289507592956208       0.68027865079495720       0.43652099285064161       0.35746482818201170       0.31073429141324899       0.31251948873487584     
  0.98308920871907701        1.2384267105519708        1.1823895982139314       0.97456523693904318        1.1192122122237023       0.87855066649904090        1.0580820015913137        1.0566422013986345        1.0618148082883347       0.99430774987748238        1.0179127328629476        1.0323791138160188        1.0256823180125434     
   3.3705984682685659E-002  0.29428949386461384       0.24057783425399426       0.27424416769278032       0.31693843842396541       0.32533250433870142       0.20382962655150380       0.28891712384445489       0.68908539337874131       0.44330703634369251       0.36987118367695765       0.32938394222794110       0.33027230243025957     
   1.0128688626627678        1.0508106544214757        1.1199141144201525       0.95534259890830087        1.0054598072148844       0.89056255654467309       0.95538101163067224        1.1713377797881381        1.1232255819734123        1.0844567923946589       0.95240869133974815        1.2199366815800807       0.98137513389717157     
   3.7972083883149023E-002  0.31314154595210053       0.25122145064257412       0.28743551479156237       0.33113276387371426       0.34085935979971305       0.21544386685120126       0.30491247804084975       0.69817691582784824       0.45015884149161173       0.38270265825197608       0.34649850599275339       0.34720411289778724     
  0.99103431920141538        1.2138726252605105       0.84875465003272799       0.98288620538804450       0.92114374435687485        1.0397898891493480        1.2088043471058549        1.0378479874915922        1.0793819350511853       0.97177890943031831        1.0957075234751799        1.2310139647437253       0.92351472395796730     
   4.2371560557059443E-002  0.33163947141809191       0.26425054611245713       0.30289763833520611       0.34578269329580258       0.35577330136985841       0.22742202862941407       0.32157566054614017       0.70626520772444168       0.45587758633378145       0.39576551595577092       0.36291452619551134       0.36232868599118356     
   1.1332022646079793        1.0917349424961802        1.2007931601304258       0.95346627476313195        1.0184575421459130        1.0716568539705544        1.0377086747937936       0.92123884685929613       0.90836272914726435       0.86659885950051274       0.94791547591599301       0.92561766742057605       0.88176755668950324     
   4.6537740830803878E-002  0.34948181473609125       0.27809802687601548       0.31878138926152011       0.36058933477459276       0.37101229880670183       0.23905872070874801       0.33897334057327994       0.71415322550981841       0.46189520815278040       0.40909245347681272       0.37852178004563358       0.37768193962111418     
   1.0500231858647748        1.0794672927742717       0.93891904929887338       0.97650035756680087        1.1710639555915963        1.0129456559235317       0.96039856479027563        1.1274897183243355       0.89995122802183469       0.89120711433630384       0.95851109750515950        1.1080393937314801       0.99430839178620922     
   5.2269418832596247E-002  0.36704624171570666       0.29315669002248468       0.33605715007613257       0.37485221087304688       0.38643761746935235       0.25019080109282643       0.35680799653827250       0.72167006330520422       0.46798791071011830       0.42302135474684172       0.39323875673361691       0.39273622862581919     
  0.89054422817642109       0.97098906884750213        1.0954236881720691       0.96272430807979570        1.1071624936354998       0.96757981854881359        1.0469993084686147        1.0938849293689727       0.94787884164339176       0.91456192979763073        1.3585602544728330        1.2041413427296594       0.82923952492019148     
   5.8146647340052648E-002  0.38433649667750747       0.30846368545268166       0.35306456573430894       0.38854652044518562       0.40191067278968934       0.26192775903274484       0.37564918075351167       0.72916407782277071       0.47415481406195981       0.43765341008385278       0.40824510711672818       0.40864921792327036     
  0.88846820540179949        1.0708201139732565       0.96872366596183590        1.1613826576466313       0.98937069689407697       0.99861618262516760        1.1547833920106692       0.92483077401580416        1.0415494178692697        1.1443899746377921       0.98081788276167736       0.99191166768832362        1.0609077038194594     
   6.5632186068104295E-002  0.40064546768038056       0.32395387466194348       0.36798486523234430       0.40147821904857373       0.41689823205945042       0.27416769708416538       0.39414770871765209       0.73714215511977033       0.48259642923835683       0.45370246420560190       0.42407530154221584       0.42480315119070211     
   1.0060389043068230       0.97654888803582118       0.95956690687400037       0.96918231714849501       0.90699789366887751        1.1009051561828835        1.0340454481092689        1.0057285238825917        1.1898764997261038        1.0497951291985390        1.1769153589475712        1.0630178320238601        1.0221400889835557     
   7.3772245409657627E-002  0.41556391556618705       0.33887917489744557       0.38399062504708287       0.41353737344183378       0.43164891959268326       0.28607131679014342       0.41226921562950758       0.74508450172036733       0.49097584726574284       0.47003802363297514       0.43942082104108093       0.44143563317689605     
   1.0163735868447479        1.0449768358022928       0.88438964643712659       0.97960744289366097       0.98686257564394109       0.93995604810015998       0.95240618620713091        1.0340445352114092       0.94159752372527028        1.1354374338045714        1.0285041442425171        1.0336499078883654        1.0052777694610204     
   8.4857070914277438E-002  0.43037518113448753       0.35222351335181123       0.39664163950984110       0.42624725047195505       0.44643706253364851       0.29790137001085898       0.43073833909367087       0.75274456010050927       0.49846986691552259       0.48559794852846527       0.45341118072302128       0.45809218523173995     
   1.1444230375605855        1.1246194677579919       0.92561196664947554       0.81677928880753481        1.2119842712449598       0.93490824488787705        1.0922878996821241        1.2241663151928435       0.99338600720393011        1.0778797449666286       0.99043650993097632       0.96755714703138862       0.93658941979008192     
   9.5799390683280861E-002  0.44363815969114867       0.36598561739723484       0.40893105632034582       0.43971505551761059       0.46164483180658250       0.31010188884351320       0.44765566716033239       0.76038718847443931       0.50578435575843994       0.50182562508604789       0.46730011907812052       0.47325124009334446     
   1.0696859190984169       0.91782978043077734       0.95199267310680624       0.83302187056810717        1.1575344834700905        1.1574156711684369       0.94590138194348139       0.93385724895179634        1.0794303940447940        1.2571809842781205        1.0700893102779436       0.95165718737049543        1.0101759431692945     
  0.10687256317613122       0.45743856083215517       0.38195073261014462       0.42322117232009782       0.45343894191308204       0.47686152309259333       0.32259900641896250       0.46468698325054975       0.76787141951601923       0.51316492975638728       0.51758178492173446       0.48091051242879634       0.48765081672985655     
  0.90151142244297444       0.90446503813026913       0.90336509098521933        1.0320442317934764       0.99077202040875934       0.96672583079076346       0.89506694072316206       0.97547204099289830        1.1463243942658319        1.1806623831914231       0.99393269254183492       0.89522075575597426       0.87496667360571057     
  0.11832683416041012       0.47226434442883852       0.39818711195099710       0.43684170144422624       0.46718285535368470       0.49203145048706959       0.33534172211101293       0.48185010339308265       0.77547791345679717       0.52075636624731125       0.53317583589901840       0.49432988491146440       0.50027365716416827     
  0.92268431365101455       0.98806471834024767        1.0270400339378016        1.1247045952280379        1.0148880612516722        1.1115758448806008        1.0166382021681641        1.1776582667140945        1.0091000362342506        1.2577206853984275        1.1164146154016596        1.0918561172195238        1.0263785377712731     
  0.13148911648066713       0.48755065748653431       0.41431039659089880       0.45124048927276839       0.48064477103714609       0.50720430636274660       0.34849223672672075       0.49914738961935257       0.78243807501849849       0.52834170969420691       0.54998331557236402       0.50745046180938080       0.51285528948478976     
  0.81151845273598444        1.1248297683497337       0.97875587933476982       0.91118273795612537       0.98316686071371895        1.0016513829914899       0.99787670147813434        1.1576142984840050       0.91082385863243565        1.1327132188958891       0.86467294578200216       0.98536098281131490        1.0212374525131760     
  0.14521575739307735       0.50119661365084511       0.43076262208562555       0.46579853729333881       0.49398287524037987       0.52286678498950390       0.36258161522193005       0.51466991333402901       0.78893467588017319       0.53576924790264568       0.56707180077048946       0.52075260188707717       0.53017792033183908     
   1.1289481765870539       0.91091422208583828        1.0156530197299409       0.97171575567247293        1.0760284665536688       0.94314728341447052        1.0080394119067742       0.93935703334272269        1.0822120141686102        1.2532327613658845       0.98337297031236937        1.0114631275572639        1.1623784063309186     
  0.16258691988994059       0.51473796367648594       0.44890387220574129       0.48056468533207591       0.50778631641120031       0.53796680391405982       0.37723856033715597       0.53024047189602763       0.79573970380182701       0.54370888796819972       0.58281004741510334       0.53470465869416295       0.54784213392339043     
  0.95039031020807418       0.98081967032521578        1.1204461117902842       0.85771349668593533        1.1079805606865607       0.96641326833564112       0.99355498275374254       0.84226089150768757        1.0568878462984497        1.2338094814870804       0.91638385074499518       0.96608065245503394       0.95356430753906340     
  0.18034722494562033       0.52903912664981045       0.46703824530609250       0.49550429775094695       0.52330965206640889       0.55356519496230083       0.39334276832355769       0.54467206935744972       0.80263430520440704       0.55159173736312439       0.59851222396985093       0.54648522449261805       0.56192640833168406     
   1.0918087708160902        1.1299432714372939        1.1252296030822571        1.2399406844909027        1.1413801485668282        1.1285889516179768        1.1429856187442833       0.92150189462819077        1.0298456318139155       0.92686250489112820       0.89825492158040110        1.0587266794645773       0.88474151997324380     
  0.19933109587257250       0.54509190753958403       0.48265367673834825       0.51054481002801289       0.53920459239722252       0.56830414225488668       0.40971344452214115       0.55935048250301111       0.80926342943489071       0.55897936486800714       0.61582089659674399       0.55601899036777125       0.57555878986452447     
  0.99021953867176771        1.0802970531417919       0.98804118804502761       0.93086211973015409       0.94600868695399720       0.98451676760636209        1.0634588549162158       0.95100565380161928       0.97926406443966485        1.0085016494464838       0.97722726630019674       0.89362457927905337       0.89354031341654272     
  0.22189095408648454       0.56074274211491160       0.49898192026926325       0.52588209869729852       0.55408646700044506       0.58309762635294415       0.42525132545169120       0.57377442885329288       0.81594119855542180       0.56631017767188840       0.63318256902291514       0.56625093117102554       0.59221193813481254     
  0.88970078553348608       0.98651511925167434        1.0126281011085032        1.0759849796326841       0.98852750860892291       0.92068318995244336       0.89256065121522732       0.98235704277041047        1.0821904371654913        1.1224635009055153        1.0038031202938502        1.0065549880004712       0.91151864340833699     
  0.25335993982251820       0.57722593007437317       0.51094150633792190       0.54186233150747654       0.56899096239333657       0.59789454862014924       0.44091840197430632       0.58928137565618022       0.82200208874498104       0.57309570827615974       0.64986584936161551       0.57709760749437888       0.61005230021136259     
  0.94969767761053525        1.0002283538207379       0.97083802335849567        1.0730512010259876        1.1078665178920928       0.93152706922142370        1.2886890984096140        1.2854551699616270        1.0008548932891344        1.0530274867797966       0.89270683134299533       0.89832469857649699       0.98081928313492051     
  0.29525644424931191       0.59333004773248443       0.52347558132729977       0.55768459490246014       0.58175738021005874       0.61303324355718936       0.45548443237991898       0.60539570702812617       0.82722400995497747       0.57967125845816792       0.66612709745370813       0.58843413974088954       0.62475258846368087     
  0.93207735814826087        1.0576648411662852       0.93767598408784636       0.99735342927611892        1.1368311047959125       0.95290384202912570        1.0003129435041891        1.1854551930097339       0.99855311856169993        1.0909490682372747       0.96053180880789724        1.0625689313701734       0.92454835374259470     
  0.34321432671525459       0.60853067571067809       0.53832640276160515       0.57390567741296439       0.59506739473033721       0.62901781462373907       0.46829197290974178       0.62264276637986882       0.83270641447512272       0.58584075015913595       0.68211626735620468       0.59830505634500608       0.63767981734558676     
  0.76524650721084220       0.87597925280083844       0.91873746592963934        1.0780349865553949       0.86239850535147844        1.0524558058395626       0.92564309810639545       0.93569050507220120       0.90598934165740730       0.99943598884631724        1.0384229970486678       0.96279011415924221        1.0576649804011526     
  0.39915683976601923       0.62346166336371855       0.55209235772038245       0.59191636903601830       0.60700936944163197       0.64461470327168979       0.48321233458259766       0.64034746671428244       0.83836265682223143       0.59203125544596269       0.69858858255800782       0.61083440750027962       0.65101920316601591     
  0.97342157652813788       0.97205805381574284       0.95467008815560395       0.86968251937548435       0.96046633171639728        1.0444088510905187        1.0464421915016191        1.1837985565327434       0.99024346819770837        1.0070107798759984        1.0851189518284041       0.90252947803879613       0.99808152426304009     
  0.45198571467341514       0.63846442828088246       0.57121692402717894       0.61188379217614519       0.61902824515295185       0.65863879905084877       0.49805076394364639       0.65852572895519634       0.84410210925171902       0.59831838297881990       0.71602725170095349       0.62325766097876678       0.66459877030751602     
  0.90887541045003906       0.85302172536071341       0.88924685434190576        1.2669769967150570       0.79197391486559321       0.89553745017154984        1.0873099430293436       0.98808655956785829        1.0007441852057037        1.0646918998281023        1.0817332539117837       0.98159099986544018       0.93687570765872907     
  0.50168486424214109       0.65397145907815313       0.59007522335435991       0.63255570314845166       0.63095887960036456       0.67302913434715683       0.51568876492431237       0.67750802472492289       0.84982714208680987       0.60422226830050996       0.73354451970581036       0.63572959004353569       0.68073748758865815     
  0.88536402683085880        1.1306938590694489        1.0759935169922483        1.1982225442785224       0.91353739155098901       0.90082968978691669        1.1322661921137158       0.93661091874503477       0.91679056014723770       0.93786724765439944        1.1276848901853702       0.89379720282377706       0.86589338979621877     
  0.54807310099623618       0.67005549643636952       0.60787050465374226       0.65342426776738627       0.64306656054523137       0.68834912134366544       0.53476315464859847       0.69569183711521265       0.85543419374406493       0.61086733533317339       0.74962564074303006       0.64870308610552618       0.69771592614725020     
  0.97001260227602115       0.85540513813779018        1.1081554777250779        1.1556960292476193        1.0364705002318382        1.0168974668685384        1.1979236757572924       0.99420981156587340        1.2474738172834539       0.96347867520770281       0.91554093374293266       0.99575814481110680       0.94748445800171710     
  0.59264729807667138       0.68698744542873191       0.62689516568608283       0.67358009597118429       0.65623312704516346       0.70370757961364516       0.55401034609957711       0.71251373231370740       0.86101904252514305       0.61768943282393785       0.76524892679316625       0.66142365795063840       0.71405258184289333     
  0.91059834496623349        1.0697721247037992        1.1710640660707095        1.0794900737929927        1.0052024488934301        1.1042933075023900       0.96373959932000641       0.95787318397369414       0.96644022563264020        1.0820713240406530        1.0177553989160046       0.80715605595206419        1.1779096283316919     
  0.63285542410882045       0.70372471798194736       0.64619905045005133       0.69322824439580588       0.66956041826893431       0.71747165272770652       0.57410516271374157       0.72967646437862499       0.86709697566752364       0.62370565669971301       0.78080493272364482       0.67355200271035098       0.73054624873469853     
  0.97421453182036921        1.2611130479226673        1.2144917827513619        1.0982504594892575       0.89164747543973466       0.94642465415515775        1.1226932753979857        1.1289223511651201        1.1640064211031473       0.92541800657518281       0.93922223983942177        1.0518227602005750        1.0741440456303528     
  0.67083320607126073       0.71845041808352594       0.66565683562702194       0.71240477360946886       0.68392333052586052       0.73133916208850225       0.59203859332451447       0.74693068127240403       0.87360009076973222       0.62928373160545792       0.79569071279947512       0.68552783290750463       0.74701824192165911     
  0.92175852848166939       0.99905598905678428       0.91105689242277410        1.0407618646644234       0.98849270068808093        1.0836916285168776        1.1021065687502314       0.98749983167152178        1.0079133716970350       0.97717826776796823       0.90817544073582213        1.0672396505677146        1.0975107326766971     
  0.70550847903214686       0.73307965071660552       0.68612630402385233       0.73149565131196370       0.69805330775094154       0.74504612950502191       0.60830882708125078       0.76415665364618901       0.88008551861053774       0.63682578639450949       0.81139613198346139       0.69748863541134765       0.76306460290896061     
  0.96444995966010738        1.0111447130810820       0.97120441249750500        1.0507523307320248       0.92394963685132958       0.94194665806999711       0.97602297823371431        1.2030451285144239        1.0709037433688287        1.0480762260178966        1.1030450059550452        1.0063766047641800       0.95807082392817700     
  0.73749671083174906       0.74725232147648801       0.70594362800486221       0.75019623044905337       0.71437564353684169       0.76002439026415525       0.62467444754363810       0.77999180962832204       0.88684842320974888       0.64430044331565361       0.82819168808939048       0.71188105433810500       0.77849531960817031     
  0.86309502530658222       0.85136082624495923        1.0034587946956923        1.1287915031161351        1.0079794661661774       0.94422776679945608       0.86968217452869190       0.95220914184405736       0.99417547663971562       0.95431050997915923        1.0349347905861415        1.1463136851159546       0.98386591737458751     
  0.76577118147825174       0.76202785430169662       0.72389708795248675       0.76720992894738183       0.73114157764242049       0.77649003479226852       0.64167360978574361       0.79619934040541884       0.89355854216910480       0.65244550945042490       0.84480528048200410       0.72815975204350525       0.79335483787406336     
  0.98845191205263971       0.98754270252225274       0.95905689366050306        1.0141796833493153       0.85324274687554036        1.1756875917721705        1.1765593287258500        1.2522591670175758        1.0503272254742386        1.0240130653924679        1.0149225719038439       0.91046808976317284       0.96541108279931875     
  0.79332407587921094       0.77827751055201477       0.74195639499443955       0.78383987511140585       0.74823865111155019       0.79255329750303694       0.65919667825651695       0.81193014668471253       0.89984557256614295       0.66093342773618913       0.86070185464237292       0.74567574380921697       0.80746317441398152     
  0.92091561873399963        1.0357700382153132        1.0956997233915107        1.1879167648064035       0.88165624086658700        1.0476678068246565        1.0017673182430997       0.97722783153816462        1.0815651039508805       0.97430849125143559       0.97057935983694132       0.94885755783686809        1.0140762928469118     
  0.82044217049607060       0.79483782648533374       0.75954001793350978       0.80069372933971439       0.76567360828750752       0.80879868655893139       0.67711327028480739       0.82721102139894986       0.90599328436081339       0.66948984670087286       0.87370288300190380       0.76313556201441124       0.82101472825808031     
  0.81513054144826680        1.1415189338737970        1.0202017991117160        1.0146492785649937        1.0662428559005499        1.1841851046728262       0.96061351648802618       0.90502168074637546       0.92371934048151216       0.99480608400229398        1.0045097892917811       0.90320644295367047       0.91529996334653019     
  0.84216387403982274       0.81211009624155561       0.78235074712915575       0.81795401562161840       0.78127266512306914       0.82581443447362568       0.69734451826289756       0.83929765910115284       0.91135272430072289       0.67795928081453505       0.88685665452435780       0.78152227689859022       0.83510989948990511     
  0.86499230462849275       0.97747464850633969        1.0643340447030367        1.0691577415501565       0.86508562198708128       0.87262429391259322        1.1050920258505446       0.93012069785231910       0.97458040746620433       0.90708370003813876        1.0815532994321446       0.94673062323765678       0.90956566483460155     
  0.86310863657460546       0.82854354606092828       0.80802097721754085       0.83506703379014890       0.79746953537172738       0.84303664577293680       0.71832995926007959       0.85187508412790214       0.91693361846820753       0.68648590451645430       0.89923137884740190       0.79977101176389376       0.84964659886321503     
  0.92988485193831816        1.1244983963893711        1.1187233779286396        1.0216684255230009        1.1007786272547344        1.1282298461050839       0.98922040029227554       0.83075456029491146       0.97259544931412212        1.0220077277299955       0.85637797319897113       0.91571814135012131        1.0047927882093184     
  0.88010778087327191       0.84393286344552032       0.82842816688657461       0.85190537150271206       0.81300010296636549       0.86094269906348209       0.73914273024867905       0.86560612141706261       0.92312941099208157       0.69487215034088312       0.91150764195865863       0.82001809248099744       0.86241446669590216     
  0.88889706213345554        1.0044887550755837       0.97939167279076422        1.0446239703187179        1.0304211130847309       0.95905381329387474       0.82392818754919406       0.97760340366321397       0.90326129852068771       0.88639132145057675       0.94865981625938944       0.99729021484890801        1.0143490970120539     
  0.89661764187296855       0.85947716340721814       0.84793067608976302       0.86770292960655526       0.82891048473736384       0.88008905000432058       0.75912122591392750       0.88012491062563747       0.92950486082345163       0.70335188170906771       0.92363497860179955       0.84042956983079131       0.87456773172407809     
  0.93011676462567272       0.94064207090389751        1.2481267408856827       0.96328058736962818       0.98066487475922659        1.2104600678028652       0.94145931466638322        1.0473187294496222       0.96101258564098835       0.84115693740624098        1.0889332615551393        1.1392606982258309        1.2797088058294441     
  0.91022593051378187       0.87570844339160026       0.86731327671840119       0.88287533478629188       0.85121304286044153       0.89846156650352438       0.78260054887967212       0.89503862595128147       0.93704530991534973       0.71236957258798694       0.93554140930936913       0.85999183849163918       0.88892019226989072     
  0.86698175294395163        1.0862532733681070       0.98776533280795853       0.93233153370447097        1.0452134108329298        1.1398350823662422       0.90474122565290982        1.0143276231921750       0.99219237517846937       0.91423110544768893        1.1282146689588497       0.94283907210599172        1.1278418228812221     
  0.92453845689925651       0.89197969555608247       0.88621034363024931       0.89937694895481635       0.87262231918618383       0.91588998662781695       0.80585217952075694       0.90976180367636583       0.94437708831464162       0.72135451611233348       0.94623296171722782       0.87932276619421479       0.90390890587663753     
  0.93414822342949266        1.1134200340500759       0.95877529190256794       0.87950972270559880        1.1554667942902115        1.0890564972522441        1.1789544130927287        1.3251791673878874        1.0433904035161734       0.92481483324548452        1.0453344668279088       0.90542776017940418        1.0287175053058437     
  0.93977805537749659       0.90872467822381064       0.90379654169487167       0.91689995899802768       0.89197515339469513       0.93224434343021967       0.83163504410781441       0.92458740250350191       0.95048717984790410       0.73124148864595639       0.95652528157814176       0.89930435580254886       0.91899857988152300     
  0.84658291683280562        1.0053220255990247        1.0945139609725090        1.3111843560488934       0.97150239126683746       0.93859711969895010        1.0033493351049854       0.93021244430967653       0.97288637989045657       0.89798651836856858       0.98895467326669317        1.0154623278606718        1.0233409428730289     
  0.95352624210338954       0.92604731752971625       0.92145201082636652       0.93380418875729776       0.91186217929901292       0.94733711158194911       0.85724441699950993       0.93985163556750240       0.95650572394596967       0.74060807728056366       0.96541305349994133       0.91852657268750415       0.93345499406610377     
   1.0333820362685875       0.98193233554194170       0.91037948897750498        1.2295313240215169        1.0450311422163951        1.1623672578779547       0.96839293401032867       0.88989585315565534       0.96590865062696118        1.0791068361516984       0.94564883701068880        1.0052995330735008        1.2576804276398368     
  0.96569680792955093       0.94362949026938159       0.93972446226356166       0.94986966789165006       0.93568034218913831       0.96113619913740356       0.88590096511825900       0.95517264453281703       0.96488402234371051       0.76715851647039768       0.97392834442651899       0.93987308490922894       0.95184344266278798     
   1.0560924750720277       0.87254460305508785       0.91463434044569403       0.97171180004410218        1.0269006156922640       0.85638356942410410        1.0380028027080856       0.94983845105118492       0.95331715370820247        1.3072377907698594       0.84721824737926887       0.93702625419009367        1.0422341859267501     
  0.97740606097370786       0.96047591235766361       0.95749676524858751       0.96610302598099773       0.95883319988666194       0.97413059757092402       0.91506697486193356       0.97016049063112808       0.97304693722064683       0.79727369222912015       0.98257456069251348       0.96092813870567140       0.96993048993318132     
  0.84797388946255958        1.0288724015577728       0.87584729824355945        1.0571898985950279        1.0008610679919134        1.0589248224971595        1.0275230323673583       0.84796144857481182       0.92837831062642839        1.3017029910223885        1.0155670061517763        1.1030411263963062        1.2407136644466537     
  0.98874050115258882       0.98029884096975850       0.97778073777879504       0.98340578258855649       0.97955271566695157       0.98712444792242315       0.95543328094917934       0.98542751240235549       0.98611597888855751       0.87388397598231071       0.99125300420163787       0.98054660285928330       0.98508783559489776     
  0.92293367670451953        1.1676924848287440       0.98167578088279295        1.0013579633012668        1.2529081274373250       0.96220694090905057        1.0829002163922425        1.0614468821663490        1.1064678459882227        1.0437929675986444       0.90662100614609642       0.85999940423627652        1.0693932193978681     
   1.0000000000000000        1.0000000000000000        1.0000000000000000        1.0000000000000000        1.0000000000000000        1.0000000000000000        1.0000000000000000        1.0000000000000000        1.0000000000000000        1.0000000000000000        1.0000000000000000        1.0000000000000000        1.0000000000000000     
   1.1738914410509282        1.2667135086456205        1.0530081101951496        1.1808606675395428       0.97096422218275247       0.89885989153879242        1.0274536685176183       0.99283239756026631       0.81866470891346832       0.80715605595206419       0.91088968114588276       0.96439598625671419        1.2774006826858113     
  -10.543125040487967        4.8826196978495817        1.8428946828568862        1.1912100707139686       -1.3307200226442256E-002   3.4500710761136006      -0.63322016547381299      -0.35247988369046002        10.427732400169788       -22.587927780259655       -1.2645411508728499        3.4643178298193282       -7.9635429037596541     
   3.5289728082714391      -0.59969492837585936       -4.9726762664979782        1.2417057438718129       -6.6795078052756285       -10.657600288073972       -2.9027686554417738       -3.3549011053306566        7.6252960516746970       -4.4462987732066690       -1.5992700385619631       -8.5153759233576825       0.18566489583459189     
   2.2263618743686213        1.2181275297142666       -1.1069722851877877       -3.6086128815393783        1.3688879756346135       -9.8095177382886245        1.9693690178075625       -1.5957698902269900E-002   10.477501661111464       -13.712547002256796        2.7333425573034149       0.81627115797034033       0.14616201321263403     
   5.3033103120841663       -12.365654043401301       0.12579491282862090       -3.3589967309986357      -0.68825691472027528       0.52359380108159592       -4.8730964552985663       -9.2778660179153825        2.2777180110432096        2.8907702908657433       -1.7487766749150837        4.2325207052749700        2.0812918506897895     
   5.5814712239424296        3.0763981813568386       -2.3053058538544180       -3.3662896231083299        3.8292370704995582        1.3571600043171577       -4.1171977203215055       0.85688345767546559       -1.6066099609067901       -1.0074201848147315        1.5381845260660527       -2.3934462062060140        3.9265611411702208     
   7.2269794559698015       -5.3255123836278830        2.3397505471514379        2.8632817937344655       -6.1714291298903943       -2.2350029786001397       -7.1532068397189299       -6.8467847435855331       -2.4138871563969637       -3.5812824963963710       -11.615960154647425       -5.7250411437285464       -6.3781803268477253     
   5.7496758775759762       -5.5136315829965508       -13.369558200171383        2.8078158225963703       -5.9692214562480705      -0.91693282720380420       -1.4223284647162249       -14.418348545620205      -0.88869037171138687        3.2949266433263298       -1.4843364994597541        4.6941103032091959E-002  -6.8496243119620610     
   18.050883116691153        1.0582181033636167       -4.7870037578202567       -6.0728538821172453       -3.5006212044547054        2.2942507638566081       -5.1740181202374522        7.1113753360914096       -6.9415580021658831       -4.5193187098098617        3.1676298635340912       -2.0809298925441704      -0.19098005486175856     
   7.4162196085417478E-002
           1           1           1           1           1           1           1           1           1           1           1           1           1
   3.4604113584876806E-002   8.2713320085086219E-003   6.8860429903250993E-005  -3.3098759430787021        1.3489307254714198E-003   1.8954419487579621E-006
   8.6958745889099043E-004   8.0833547046388191E-004   1.7792302165438127E-004  0.66812388884215346        1.7784950102731379E-004   1.8052912883844981E-007
   1.2244191877282285E-002  0.56186550906663080     
