   0.0000000000000000        0.0000000000000000        0.0000000000000000        0.0000000000000000        0.0000000000000000        0.0000000000000000        0.0000000000000000        0.0000000000000000        0.0000000000000000        0.0000000000000000        0.0000000000000000        0.0000000000000000        0.0000000000000000     
   2.7373966438302641E-004   2.2069030036359783E-002   1.5147749469054912E-002   1.8024077177052011E-002   1.5070727499566384E-002   1.6263149807775726E-002   1.3484501073501550E-002   1.7318345924154200E-002  0.23994786034883719       0.19091461355573705        8.0076470989618301E-002   1.6290600287882380E-002   1.5055102023942755E-002
   1.5605155747627624        1.6422202371727104        1.1714151020795505        1.3163859839871623        1.2356011946753460        1.2499762507924339        1.4760814318950015        1.3481198843236541        1.1060343120270302       0.96811942196363132        1.1944140548193731        1.4469411042885509        1.3245812484936506     
   5.5130336188063652E-004   4.3788807087767348E-002   3.0702186756812352E-002   3.6408041767764028E-002   3.0517990021241351E-002   3.2911875242517756E-002   2.6337621234349868E-002   3.5426611638403438E-002  0.33641010988018616       0.27202295763148476       0.13942630825647204        3.3713805280936641E-002   2.9377358175457145E-002
   2.0733218108735967        1.5552209145740314        1.1929896764454524        1.2399222083111952        1.3323115707527837        1.3107308992204156        1.4879480826353151        1.5144766790803630        1.5655419777287061        1.2272540166546237        1.2936011724950505        2.1226525902454445        1.2673536726126682     
   8.3382785961798214E-004   5.8931982426185713E-002   4.4945446066147372E-002   5.2818576308193074E-002   4.7143163723772932E-002   4.9309031563087739E-002   3.8706132141883301E-002   5.0139612594207794E-002  0.37894423029892887       0.30989054086313872       0.17870522897053889        5.0933597834292507E-002   4.0809816030606988E-002
   1.8599336070821288        1.2583827636977749        1.2417861736636588        1.3683867904341394        1.4805432467867330        1.2774452868767145        1.2982986209089964        1.1643534037310108        1.3273252601187771        1.4185835120088814        1.3819612635652609        1.6099797034626255        1.1688551656492088     
   1.1059039234745961E-003   7.5302772555538217E-002   5.8448392055044186E-002   6.8960524046780769E-002   6.3520546653411086E-002   6.6025046271124530E-002   5.1090492959202712E-002   6.5877849050184484E-002  0.40879186410367402       0.33518277621600345       0.20710503146311876        6.7526211914640366E-002   5.4508250031842335E-002
   2.0388451073045015        1.2389504911171807        1.2769123093037256        1.3371804371113649        1.1849536914985654        1.4322290156332624        1.4292654781973562        1.2184006775559031        1.0661836753978822        1.3297643796785270        1.1717529924309746        1.3884027417307288        1.1612973832770572     
   1.3912573515458199E-003   9.3735874861736804E-002   7.2586459728252742E-002   8.3984593668829030E-002   8.0573454646304721E-002   8.1452855289945489E-002   6.3715355779509042E-002   8.1151549427902994E-002  0.43169936284441596       0.35586808331004643       0.22894664804884676        8.4039839274574812E-002   6.9392507443343465E-002
   1.7664320242684062        1.3770527187762549        1.2488388295882822        1.1447762140813171        1.3464819382056745        1.1464257395889286        1.3615898293465070        1.0670085924715134        1.1617590563809532        1.2588901712808795        1.4238985014419960        1.5760562837812957        1.2238802373247666     
   1.7061488766877614E-003  0.11144356570689659        8.7073746143121120E-002   9.8791372606776201E-002   9.7011314309949373E-002   9.7347298153939860E-002   7.6477761534609029E-002   9.6455282634164335E-002  0.44893050582593258       0.37375811515358642       0.24684356154760526       0.10024804068229466        8.3398260644390099E-002
   1.4220543099303544        1.2943870157170261        1.1652219742518588        1.0911692933480941        1.4422448280460309        1.3056574869180169        1.2876206119825515        1.2185404137292084        1.3117504032233553        1.0996820874331521        1.2965149035436023        1.4379513565763269        1.3049532579618046     
   2.0408962896563709E-003  0.12846689428861932       0.10076617565921962       0.11383976803084017       0.11269394597099935       0.11327848648687870        8.8868024812819274E-002  0.11152093730924165       0.46511533490367102       0.39043032256092225       0.26263803705596972       0.11642532272356601        9.6977241901632469E-002
   1.4031048001835928        1.3271637274155172        1.3461194543225550        1.1560783447223357        1.2939119646193289        1.2964581676604519        1.2429434676405160        1.1364367173671115        1.2158281623638101        1.3389373245435230        1.2628661075827976        1.3032798651144515        1.0999239694742007     
   2.4182732436112023E-003  0.14455194389205053       0.11430568343575731       0.12943285259607723       0.12728897145371545       0.12915705281691151       0.10142142798433505       0.12598713142997811       0.47982293232635309       0.40435394163191951       0.27589822164222449       0.13308714209038958       0.10936137192836476     
   1.2739892803177300        1.3545525178931421        1.3473315296503587        1.2310646210224949        1.2361063559757230        1.3397254324897541        1.4217625743667601        1.3013046015958778        1.0994862506556449        1.2353316065464111        1.2687819215453311        1.2903282603212474        1.2595998693924975     
   2.8414656160331716E-003  0.16057824623471342       0.12681616192506151       0.14359838789058627       0.14019390424803482       0.14475443931812668       0.11471393569657548       0.14068509894740600       0.49461314073393559       0.41772806928417061       0.28788551485997632       0.14892232346284948       0.12191247535828066     
   1.3353694056548542        1.2964746966463725        1.1316703272811861        1.2856769130797363        1.0903443524691228        1.1750134348997823        1.1179371592283660        1.2419566395877235        1.0718366000578010        1.1498456530616299        1.1404193188491991        1.3635286775597819        1.1399839552493920     
   3.3028796901231907E-003  0.17641667133057315       0.13922830633387107       0.15602864587489887       0.15322270934403079       0.16052846254743597       0.12834291080021840       0.15505904091084083       0.51084809932637731       0.42955349055379488       0.29973091588920375       0.16393568012852422       0.13504727491098611     
   1.5488740378417516        1.3068538708116115        1.2036908472379166       0.98116610712939778        1.3120323047100522        1.1604129373162291        1.3024077823065834        1.3413483087148663        1.3743517020512692        1.2586834470498232        1.2638971696247165        1.2129478638922027        1.0701728635513181     
   3.7929166064431725E-003  0.19369175844078493       0.15213174922672593       0.17160187237741453       0.16596978748127364       0.17704329519884265       0.14289750110400040       0.16995762433313213       0.52625995364794798       0.44127978593231959       0.31057466922818677       0.17846864795702483       0.14942427146039086     
   1.2648188317774509        1.3111659970242613        1.1908271115473195        1.5669957683912847        1.2019894612627997        1.1476262496100218        1.2658085976500220        1.3617936238961128        1.2494684783269532        1.1252083984129286        1.2721378787748792        1.2849341473641300        1.1331523090570641     
   4.3134043742078260E-003  0.21141687725692157       0.16520990072020900       0.18749345781197871       0.17924692050529517       0.19410632087891211       0.15794551822949460       0.18485066900427541       0.54121860202341465       0.45283424251238680       0.32043107603945609       0.19429018114108160       0.16575528016245905     
   1.2357517651357486        1.2820999449047754        1.0573718058760302        1.2740958953720247        1.4044486249752826        1.4096939394797705        1.2053203833558612        1.4060912238665917        1.2230766446296546        1.2139935894809990        1.3412775508023640        1.1770874858743989        1.4896338097244854     
   5.0271941843308948E-003  0.22784939569507415       0.17977893367205100       0.20254651173501681       0.19279206690946196       0.20885949953279864       0.17224639989482496       0.19887184285625070       0.55543926124609699       0.46418151761365828       0.33117026526068616       0.21209071905437110       0.18260106877766882     
   1.2034639436740631        1.3025124600335682        1.1140239804417231        1.2712389415257750        1.2944627534978064        1.3901079019766205        1.2825831746196026        1.2768843933181768        1.0695592714873157        1.1835174634403840        1.0294181023673987        1.3093476771057639        1.5553184085331528     
   5.8077632634837293E-003  0.24479329490676616       0.19374231635895761       0.21792536764929407       0.20646807604459774       0.22411123587629836       0.18553937219523281       0.21277135938218816       0.56815988774950565       0.47492734684835947       0.34183735890850103       0.23062047897827978       0.19976199497012967     
   1.3241218236516499        1.5395082041401829        1.1790485584583530        1.1737121949985312        1.3131574421935841        1.0630044967253065        1.0757319826486824        1.2193783875318831        1.2744335076940672        1.3182802300122876        1.1099509430033483        1.1419314356619725        1.3352458212164569     
   6.6580718883335714E-003  0.25992003883659304       0.20643282116472958       0.23412774099180084       0.21995868107291580       0.23974445148799151       0.19814750655982730       0.22797016901295258       0.58057370533851949       0.48448632026029442       0.35287063148281023       0.24859843140746576       0.21749884347681109     
   1.1733657640624588        1.2359547264286361        1.2891581978932174        1.2775761309252505        1.2471349344546883        1.1559336223436782        1.0948263044038802        1.1956485403863215        1.5606102697194513        1.2212237558102854        1.1271882257457178        1.3418170526139721        1.1615922043247149     
   7.6224318928112180E-003  0.27469591660650011       0.21920459085703919       0.25080502655156761       0.23310122541325246       0.25599762515672653       0.21029413721279139       0.24401575969986644       0.59183463534569813       0.49290842799381235       0.36407766210185716       0.26677424127526639       0.23510375662164706     
   1.3301320224150233        1.4549083110889869        1.1156036651181753        1.5191937209697428        1.2096972992824804        1.0703380091926091        1.0352936005910292        1.1656083100551722        1.2103497367740779        1.1945298635124495        1.1421433058055901        1.1300728984245954        1.2139641834369805     
   8.6869984912885632E-003  0.29085157024614522       0.23192219877431941       0.26726722214517690       0.24707706670281387       0.26906131857181226       0.22413247421520757       0.26056658813374700       0.60290207036035282       0.50118926029192534       0.37621479203587294       0.28312910975468825       0.25185182272270207     
   1.3152917913740563        1.4242290728884688        1.1768695798235089        1.2492911803334517        1.0534726326394088        1.2127193577744884        1.0879444718586739        1.2633282826488728        1.4126781497210787        1.1017789994309661        1.1444447786386498        1.1262301984575178        1.0906605309111550     
   9.9888258705724160E-003  0.30627044600809172       0.24512484396956127       0.28343785605442073       0.26146152408841167       0.28107223859819574       0.23883007441537696       0.27748657555758555       0.61368809456414519       0.50920369583609271       0.38859920333547349       0.29899124568524271       0.26842071599878403     
   1.6831701891028628        1.1951834956514054        1.1939059563535439        1.3878276722465077        1.0600169584598749        1.0913613856179336        1.2872969457675885        1.6335067397667904        1.1341576194879592        1.1385313311104759        1.3460949729711555        1.2987079518012612        1.4294621458180068     
   1.1475215520421625E-002  0.32265448757629323       0.25914074978426799       0.29938903617639978       0.27751888566894611       0.29252958126784301       0.25426353053313033       0.29385594175455482       0.62471515403401334       0.51789799042933415       0.40216728224959969       0.31457926388417978       0.28562521183466694     
   1.4761752091618401        1.1915649122809369        1.3095723806987460        1.1799465443210755        1.3442001282882423        1.1934823904070420        1.3782611086141894        1.2365897145152176        1.1107728623084350        1.2018660883300107        1.1632318248054441        1.2963266164297438        1.2532558452264155     
   1.3046129138010962E-002  0.33900921626449448       0.27396495615760119       0.31573025785929865       0.29380328076375190       0.30592038596193882       0.27050087973715936       0.30959314421138590       0.63639048083560790       0.52726862893996274       0.41598055682429613       0.33004049281563269       0.30258205569091301     
   1.0815700446782657        1.4360956170580204        1.3758219586947213        1.3061341545784024        1.3887277030037535        1.2178845460501866        1.3236140187739864        1.4820962037520589        1.1582679989927034        1.2490589597473063        1.3307218440075999        1.0865509221878462        1.3213218643440001     
   1.4848134552543123E-002  0.35546769949476398       0.28969411584179039       0.33171730371842106       0.30690422549543894       0.32162317085160708       0.28638491430187524       0.32522008571155486       0.64699147656504086       0.53671211395473395       0.43167460031605137       0.34347353979582057       0.31924197663716763     
   1.3126590835187106        1.1673639387878638        1.2474535942205616        1.2013101514706008        1.1625962299866073        1.1266915457814686        1.4042167602273647        1.2333067605400474        1.3330200805117567        1.2157737182890260        1.3482878991615650        1.2525585840217093        1.4039543366722063     
   1.6758107745256618E-002  0.37138265999740988       0.30575205083521234       0.34699163800614397       0.32043098555248867       0.33778735678623867       0.30107247206442067       0.34055418928833670       0.65598022780024579       0.54572351318809120       0.44741921125120027       0.35760005719051180       0.33673135295367307     
   1.2258336968674790        1.2955744398634896        1.4906034047154633        1.1587897079014786        1.2100900525744802        1.4341112322573448        1.2641009726510100        1.2921460739769344        1.3575176652053560        1.2919103088642430        1.7031470771797630        1.2750968392237039        1.3796958456560686     
   1.9006247784461045E-002  0.38550289160190021       0.32193919485723749       0.36200182356750038       0.33313654661749514       0.35391067133615406       0.31686185764265373       0.35588122098731184       0.66536025364597662       0.55438908826066879       0.46194243439373450       0.37289388787610595       0.35434220510824110     
   1.3467482587553710        1.1141187335639302        1.1922076736907610        1.1422266702596706        1.2984172723094229        1.2001110455318063        1.1353329392660607        1.3352555570322460        1.2702724456584302        1.3135117820162492        1.4573758001265040        1.1424833454278320        1.2682217387739205     
   2.1346750117781338E-002  0.40088470451330110       0.33845384331875744       0.37689098386048625       0.34598941174396758       0.36997603288043873       0.33271786319655655       0.37087169164827150       0.67498971710528488       0.56313700982721471       0.47599607041552022       0.38942380877853716       0.37170162293701459     
   1.3165504637294745        1.1358575036787613        1.2133277667367981        1.1428416736428137        1.2620356982713843        1.3292674606610266        1.1745868363731087        1.3619779205974187        1.2430416510344418        1.0485472072953224        1.4440889474850942        1.2107943232074017        1.4313441177799546     
   2.4086096458990760E-002  0.41770098137252448       0.35583650473424300       0.39232791079812945       0.35782450727438075       0.38608547515765324       0.34889143748554707       0.38490752207425838       0.68438128920411290       0.57213880143929285       0.48821275832791716       0.40649057015068552       0.38890833548008097     
   1.7205653212474372        1.1800248812643261        1.3296499464336862        1.2335915024233206        1.0681209675728836        1.1536722455301609        1.2271682618074538        1.2273850295144386        1.2194841992503052        1.3291973014466250        1.3244564496025846        1.4012288660511329        1.3325628863614041     
   2.7095792737776809E-002  0.43440965440934132       0.37440230275144060       0.40767206397865963       0.36989262267247008       0.40200816941471662       0.36507040820008702       0.39845885221751792       0.69362768325819135       0.57880323218689278       0.50042334802043420       0.42255425125140328       0.40502700163758804     
   1.1695635750019380        1.3391948873905792        1.5934078544371379        1.1957205107183968        1.2839295840657192        1.4065692500103688        1.2290877554224870        1.0482944639927045        1.0808712990373259        1.1687692629475501        1.0687264001056165        1.2655957735091774        1.2824274581299240     
   3.0647237127532638E-002  0.45134438223472867       0.39268589585645347       0.42474902649040142       0.38235005387842219       0.41786368084015701       0.38141347841693635       0.41161838813322477       0.70242985972739003       0.58599988893845789       0.51586517355503858       0.43883382716182950       0.41946241623295077     
   1.2211118325564021        1.2671773561795148        1.2741862599709457        1.1775869554660270        1.2248049940268062        1.1287253263422898        1.2540452590561171        1.1242610499296037        1.1842134986833170        1.0368134723797391        1.2060844583871966        1.3057430941327681        1.1137109265064653     
   3.4312413654086382E-002  0.46799119649391990       0.41014975431921347       0.44297336435682833       0.39449535784413703       0.43385798867490366       0.39587939315079090       0.42478997632955828       0.71085604457238361       0.59359449706898126       0.53068338141086524       0.45561163975564600       0.43405842825662533     
   1.3504955289615133        1.1887372528610485        1.3202209213936142        1.3688415538049037        1.3375980465869950        1.3951943646653326        1.3354341009353032        1.1297565278607720        1.2194589752908302        1.2935577768405508        1.1546232301728128        1.0726205186872231        1.2791762697238447     
   3.8402374527288993E-002  0.48366793517921830       0.42730752076733292       0.46106959079905452       0.40633068848047238       0.45080601820509691       0.41096832400393479       0.43947314432506995       0.71941518851009933       0.60112516105504754       0.54395300406531377       0.47204656844532189       0.44961646277633782     
   1.3251276403833359        1.4992310571524339        1.3610454562426155        1.3609226596517456        1.3809178914778346        1.2796637901433934        1.1574253954153040        1.2443063524955276        1.2887915426780929        1.3446629239723447        1.1874606802039682        1.2896375465522958        1.2151990725489414     
   4.2530513833662485E-002  0.49936688321452199       0.44334328786644195       0.47938288548630897       0.41740589655039284       0.46804644835402709       0.42498868429287373       0.45405969408212138       0.72798473090258309       0.60961653886987310       0.55687530012662390       0.48812669541554476       0.46637106626943942     
   1.3559281478887044        1.1432171270293032        1.4116514759540024        1.3560570595457793        1.1217913918216749        1.3432478721870300        1.0770633295548764        1.1151270169543921        1.4644136918046098        1.2370903354556009        1.1891742006064181        1.4050418949397296        1.4379777300676915     
   4.6518887944269637E-002  0.51597837346660658       0.45862743635923414       0.49575629499898816       0.42825360786030170       0.48638090898323955       0.43881412658706398       0.46830444632634111       0.73672555776722648       0.61788888815067444       0.57110374543475062       0.50424150553718206       0.48466483634010588     
   1.0603183542804295        1.2206683305447734        1.2327949108128846        1.3181482382482594        1.2036638652321432        1.2776826887833395        1.1205668219386846        1.1748898308179723        1.3389577893347564        1.3594100755959648        1.2388096278514513        1.2493735350118951        1.1566875112171828     
   5.0657602497946277E-002  0.53347362125745268       0.47414551975737118       0.51138593546598166       0.44068181363928427       0.50466920764692569       0.45298622252532095       0.48220304353209020       0.74558948344271603       0.62507586604816479       0.58697301062423057       0.52009889955668243       0.50250649141928416     
   1.0757028454251292        1.3657579235501089        1.2492747598182945        1.2503227446259770        1.1537361654630327        1.2218604333683056        1.1324393507077499        1.0453671666098667        1.3674166415048457        1.3918470486018266        1.2019698923290267        1.1033682739405719        1.3050280611306120     
   5.5517945562223767E-002  0.55079958383489458       0.48979535849282202       0.52839851547116767       0.45327606323385278       0.51971311753921734       0.46770767661027418       0.49604412114539032       0.75448172892726262       0.63248090343211438       0.60214257025724638       0.53584950682596044       0.51966209933211327     
   1.1939741529144128        1.2731272844929467        1.1379572051364208        1.3706212712351136        1.2257392425248081        1.3369212309601632        1.1723202770918253        1.1364353652600152        1.3230043307376564        1.2804262621692406        1.0882275489220492        1.1099096264611688        1.2367683741850766     
   6.0816809953570139E-002  0.56840941114274313       0.50566374951387749       0.54533499316664324       0.46428094067868447       0.53448136553064873       0.48239712068700402       0.51304408026235460       0.76301436741503326       0.63901982530358314       0.61603414129651579       0.55079414423711681       0.53639925835703117     
   1.2154063620490811        1.2860401736425615        1.1356596530268472        1.3424411709669422        1.0858085696002071        1.3449650425704232        1.1066645440112184        1.2990489067324220        1.3280819832315378        1.2751192678930741        1.2114186314568980        1.1337781867967160        1.1807489188623925     
   6.6853315587072054E-002  0.58224487507368128       0.52277997315333480       0.56217461240981348       0.47609797851590013       0.55060588472815497       0.49728715756928654       0.52890121963533820       0.77129479956327585       0.64544614815691237       0.62966579199987838       0.56555427793841428       0.55253223124076589     
   1.0416186377883867        1.1149947766360115        1.2102811104865410        1.2949332551292110        1.2489410882560970        1.2471918577679519        1.1913938373722623        1.4885317176237378        1.2811464122004494        1.2152095196427208        1.3786930503059973        1.4020260617732110        1.2161950577677041     
   7.3273363223757618E-002  0.59501842017916806       0.53913770118015225       0.57827336978159438       0.48870187252361791       0.56633608951252523       0.51072214604600519       0.54380161965891394       0.77984578859178466       0.65184413301099997       0.64236577876972800       0.58040376973473629       0.56845310912578095     
   1.2091292289331608        1.2811989748673884        1.1888423243218935        1.3153229803791706        1.3027254251555864        1.3128056653891782        1.3910495991425591        1.1376899015938120        1.4931691221728751        1.5431811856465436        1.0201474035453337        1.3852849449117566        1.1878851808002535     
   8.0255597952569646E-002  0.60870937048831864       0.55618388586252088       0.59424578164934616       0.50168734336534671       0.58422585632752133       0.52417385146238282       0.55854409161828289       0.78740930041886115       0.65798535118594281       0.65612440380413506       0.59548333835756251       0.58571023079318196     
   1.0730660003095871        1.1882454592070710        1.1686753528185618        1.1214645555021276        1.2769941141647672        1.4404199611349520        1.0877924568522610        1.2471193214733276        1.1636426135010753        1.2129483872973754        1.0950707498742944        1.2588509610576828        1.1707254106512908     
   8.8563101947914169E-002  0.62253960650017703       0.57221823327276411       0.61008283950551212       0.51382905601539486       0.60218113830340947       0.53957097104837948       0.57421789321098193       0.79505654288634309       0.66423316747744632       0.66878300470452567       0.61048503067090221       0.60394241548376881     
   1.1019566074698033        1.2335359151145810        1.4975507021708487        1.3476510141796783        1.2661737244327720        1.5553564263888267        1.2052877361808352        1.2181563719604518        1.3322232305816888        1.3894604235015220        1.2374881793102503        1.2287407319862740        1.1589707892483994     
   9.7559682246443652E-002  0.63715141928856778       0.58688240348283482       0.62625382992152390       0.52765507858275529       0.61992605300837345       0.55520546146157723       0.59020075257898030       0.80175065979324323       0.67031625220387614       0.68186015264288480       0.62496260117226643       0.62213081468475184     
   1.1288231229384573        1.2603352345065399        1.2866762959963076        1.1676735445893838        1.1909196276088210        1.1801328932366935        1.3480049711317394        1.2855543819961770        1.0618317507377752        1.1134918666059486        1.2817890247517190        1.3245338499596493        1.4127932834310855     
  0.10613312628919934       0.65163683959944041       0.60284712742798474       0.64326676359828139       0.54319542313335778       0.63736616222507503       0.56973171587713911       0.60702835425210666       0.80891260852647451       0.67660772558515692       0.69815512333375895       0.63844568666298351       0.64021547033552828     
   1.1683821515016932        1.2286344739024770        1.3031117460219892        1.1791658845010649        1.4783026744819709        1.3568861057596002        1.3143610485155672        1.5060280228170793        1.6494229585881575        1.2979447153011154        1.3001279808691109        1.0919638457942451        1.2601117605946497     
  0.11725981712038593       0.66338615929426503       0.62183792056898179       0.65990737610509032       0.55935798644190826       0.65242170213125295       0.58477648363979606       0.62384228436363998       0.81568914903042167       0.68264255952545827       0.71479199088739886       0.65154271913657058       0.65836458227380523     
   1.2659724468629232        1.1695262932738022        1.3748631411740180        1.3391303153309950        1.3702391538568577        1.2375198827225644        1.1649211293424444        1.0978593603021367        1.2141791404268947        1.2229633961675759        1.1690477215784900        1.4385455991803104        1.2148301689262675     
  0.12915976307887653       0.67566232162806827       0.63948001185986036       0.67613292450975615       0.57588922448010627       0.66699191446057116       0.60111224771423744       0.63892812960473100       0.82213854271945941       0.68860723834047421       0.72925734444714030       0.66482636245895566       0.67546569201484230     
   1.1299266670157671        1.2785324031744476        1.4416005100074660        1.4455067060606028        1.5037311274098295        1.1188619017997146        1.1567751944129563        1.2348688445286169        1.2705756856415560        1.2818717865844860        1.1900922839163830        1.1848924547785020        1.2872657985671581     
  0.14215770667468103       0.68785735854316332       0.65603174508776518       0.69261685372633452       0.59254915777677708       0.68131351985669053       0.61757603333817901       0.65374863999189459       0.82854320410979831       0.69414407717718840       0.74463282732442870       0.67829925155004700       0.69231198429660479     
   1.2502321296322949        1.1419511409226188        1.3878145724698372        1.2756071344155713        1.3652880561952554        1.4002876655951999        1.4017570250963680        1.1916078723953207        1.4262714122191866        1.3070994927744846        1.1421937940884872        1.2528347891570502        1.1713042803103917     
  0.15564342775499598       0.70084595330694399       0.67204183426279374       0.70887831189698147       0.60793280847568532       0.69544908113078108       0.63312574442385183       0.66925689091894236       0.83503860353700110       0.69968799840363582       0.75988564174978490       0.69203946506966973       0.70809071564331316     
   1.1275812960516507        1.1450729507777584        1.2819386345053905        1.4321403284438150        1.1932022902948478        1.1700752148952682        1.1993574805709781        1.2881571234776852        1.1519627888710751        1.1795330945629217        1.2807921598358722        1.1220023858313803        1.1992817779086988     
  0.17020152336351418       0.71446245691432775       0.68702328534756629       0.72449655843337024       0.62241647404138789       0.71103991288860313       0.64962468472606871       0.68561161519286307       0.84206238666084243       0.70501101482475415       0.77422626377961201       0.70752668884312309       0.72392933440142837     
   1.3222627914341338        1.0454842868786582        1.2070433690549849        1.2857923892639729        1.1586299247860377        1.1408092898262763        1.0743567957645461        1.4028144718694939        1.2243426601276399        1.2155302224511111        1.2923160160636118        1.2566962126084069        1.1687116039800365     
  0.18663845583457730       0.72892789620408882       0.70432825210229200       0.74048184696251229       0.63759293443343423       0.72593568122632912       0.66689365170242809       0.70315053297272323       0.84995972612231641       0.71055131447483233       0.78709709999764432       0.72429738844210889       0.73949193214324516     
   1.1951441028161029        1.1899734622351574        1.1999168106170617        1.4010498362076940        1.1212551494643752        1.1641310467121011        1.4015930474965936        1.4183212555684501        1.4469455469604231        1.2514060533309268        1.2998377703322710        1.2270347159796720        1.0849393778404115     
  0.20546018383835521       0.74443810268681998       0.72305623966884192       0.75671670043431050       0.65317935614278011       0.74185160423282459       0.68389103525565964       0.72028051453138786       0.85799529174071620       0.71584977029112806       0.79895747536752315       0.74240030383348410       0.75474357719395246     
   1.1070752128582029        1.1737387777286443        1.3809184577074196        1.2385563850959145        1.3490529856079254        1.1711789104707546        1.3609705662504088        1.1622222141853678        1.3209711648954576        1.2129077396965966        1.1525947619045869        1.0766181928301792        1.2029742114648345     
  0.22801587609987164       0.75980637139130758       0.74006296522415416       0.77252080555979308       0.66975088576111497       0.75756477786439436       0.70087722305496525       0.73679400297640429       0.86522480484655673       0.72181829736699121       0.81031251792384307       0.76021195915312556       0.76946526278036043     
   1.2925342202360774        1.3368530452951508        1.2836962952320143        1.3000642625569674        1.2225827756413294        1.3234482847720699        1.3346997701942998        1.1520238258601285        1.1229084182876923        1.1875414832660061        1.0448765815795236        1.3244265653681335        1.1478339309902914     
  0.25513716612316656       0.77494887275001678       0.75602780747713627       0.78824479776943690       0.68693933604220836       0.77198796128963387       0.71844863663101421       0.75276100193936457       0.87194152549429904       0.72779094246270470       0.82417853007206665       0.77673489316350830       0.78382373027583274     
   1.1426807862139041        1.4102490780049650        1.2003377821301884        1.3181887748223287        1.2326690447072117        1.2066688106780730        1.3340360436200478        1.2047801710950228        1.2083210921080332        1.2309591857866800        1.2423129237697215        1.1014525847917778        1.1913327708932766     
  0.30561027525077211       0.78956024772657363       0.77269336001916211       0.80363961803566586       0.70441786628497016       0.78628705896583784       0.73728156853079574       0.76833728612920915       0.87824249988892589       0.73405281910432019       0.83983349985823874       0.79228223390976882       0.79797902653494079     
   1.0556697548338490        1.1893907366757484        1.2816520726648601        1.4134309068096353        1.5282824006468894        1.2028455345026812        1.4211901901268806        1.1911735029704011        1.2075354521904802        1.2288543480323444        1.2208860091516243        1.2890102520143247        1.2341329443627433     
  0.35939706064904131       0.80364000377526623       0.78878594926721912       0.82016731061402615       0.72218558953698830       0.80107020002336660       0.75676461383291282       0.78405354749424794       0.88465077831792049       0.74086108824697694       0.85485730595790144       0.80829719782054954       0.81268099914539793     
   1.0942927641893436        1.1667285020918230        1.1761389651227929        1.3209211654850950        1.2389126187857396        1.2955723687702523        1.3636532460362216        1.2352623974052577        1.1634100501121305        1.2687874943010005        1.4412331771935358        1.3622318146045749        1.1560295085188910     
  0.41347499096817975       0.81761514461239460       0.80577956095491277       0.83735149156660227       0.74107164613056220       0.81531151521079992       0.77553539321767451       0.80123541157851497       0.89198260376217486       0.74737511937642309       0.86911040646793569       0.82539400598830648       0.82782154101107630     
   1.1387373140479375        1.0941880591092086        1.1440277278583908        1.3779066284202006        1.1080738856915804        1.2894803724936763        1.1749633605730032        1.2711147348449321        1.4799863002199121        1.3524533660414040        1.2463531088084883        1.2534579788789530        1.4379448437760691     
  0.46884689173332655       0.83087800749013252       0.82264973262539953       0.85430645555380480       0.76160023380157260       0.83432525376722044       0.79321235446483584       0.81678192044240161       0.89981910325313463       0.75397687603943087       0.88253336785863257       0.84216774653233495       0.84261887098752986     
   1.1103359797374244        1.1714039107587677        1.2980193889307143        1.4318865055794214        1.2414223100436210        1.7203097437488368        1.2420687534290944        1.1213454204730890        1.3251746796607682        1.2459160267720804        1.4279247302471942        1.1992655363145606        1.2655114637946658     
  0.52231671042332606       0.84495811821190547       0.83866680285453288       0.86914302068382987       0.78238553502372932       0.85214971975107612       0.81025113706755258       0.83169292102904213       0.90770706940238866       0.76057004810327966       0.89512353714776727       0.85862317521173082       0.85720837771728076     
   1.2201922136851360        1.1228394788143685        1.3548375172420750        1.0976070836571366        1.2699352804332233        1.5019809996543012        1.3359286458790527        1.1684077715443395        1.2261790032916231        1.1739067219367312        1.4141730193651014        1.2556307198059533        1.3661686727442257     
  0.57106442523358736       0.85994255694552035       0.85445597460580736       0.88454643798492349       0.80284136903715264       0.86914695939768216       0.82794013986978421       0.84815604299267344       0.91567707654837227       0.76754445442687946       0.90761183342281448       0.87282658776963307       0.87097740958871395     
   1.1347664127179797        1.3272424014312936        1.2220877042247233        1.2547201503018313        1.1932545708971167        1.2389862036470656        1.2832228902045375        1.5197850501610599        1.4700696405381248        1.3596985632865595        1.3114928295912087        1.1756424455236822        1.1480239801298535     
  0.61264712434600999       0.87635372239368836       0.87215865480625954       0.89788442389674239       0.82314238038818999       0.88573298544896262       0.84523054038929413       0.86472130532245939       0.92321353088224978       0.77500943867065608       0.92016065796595303       0.88750361729731309       0.88449643979571035     
   1.1646063180362598        1.2503813652229976        1.3335981034622488        1.3628526977486994        1.1848746349834425        1.2942379568049227        1.1775310799835927        1.3334186646929176        1.0607111012112647        1.4851581362353656        1.2628465887401075        1.2286197452074596        1.2229880614312760     
  0.65228096472217578       0.89288024180029468       0.88847596101157478       0.91146900087663063       0.84337879622931555       0.90158729877938437       0.86372791521129899       0.88192946110294013       0.93024960062118778       0.78367071558968304       0.93243161026047994       0.90033403950043400       0.89825927332786693     
   1.0330075446188480        1.3145867251213694        1.3636272572249617        1.3189917984608766        1.5097769588319281        1.2067760369145617        1.3052938995365517        1.1694112766272293        1.1229236457906431        1.4106842216816702        1.3331597480384103        1.2365948215868157        1.2333675392685397     
  0.69082777642977367       0.90926479177178976       0.90608552207542870       0.92498495205081710       0.86488116680477611       0.91741955363922678       0.88381500796209933       0.89908267899113248       0.93793583848903905       0.79274191960040674       0.94393368739643169       0.91344397602087213       0.91297289953736727     
   1.2968610895903339        1.2173437348645550        1.3415742144723983        1.1232060591812720        1.5411289591619441        1.1100002333931669        1.4036084387798131        1.2916272740965766        1.4154339101082536        1.2791703964395014        1.3338201483367240        1.0734530280880121        1.5226570716813617     
  0.72731681228063316       0.92523538353375112       0.92116077547741249       0.93868625917657711       0.88704675056706650       0.93198242270312426       0.90390732306174182       0.91453124321505219       0.94631923165886500       0.80264622583792145       0.95447123581175486       0.92903657558460850       0.92864176900734008     
   1.0859160865203952        1.2118172158441114        1.2410655863515165        1.2507427923338299        1.2518617437460429        1.2271023778879437        1.4083552776075459        1.5161995908343191        1.4423992934251029        1.3275285968484452        1.5437712104223367        1.2259825824889310        1.3551077513724585     
  0.76337385908313626       0.94204622053135723       0.93691381461957668       0.94969286160699051       0.91163622192840554       0.94558511840606518       0.92289564265222390       0.93026902101901887       0.95483783071892026       0.81315057180418482       0.96369832037854397       0.94466419608582441       0.94384914704521250     
   1.0779588592613258        1.1749777916904842        1.2947406614696493        1.0633498563983217        1.1042955769398477        1.3095970609148360        1.3412968259593738        1.2583671376356280        1.1460958696474013        1.2771408617889384        1.3109200388794684        1.2246080403216157        1.5429121344935828     
  0.80113716712257932       0.95828510033780046       0.95220700691296789       0.96172869061806943       0.93424560669725221       0.95865436219029354       0.94173481260157033       0.94914934916953297       0.96390991142220139       0.82818254179025586       0.97132766561581430       0.95983889134948130       0.95844388094935384     
   1.1709666548483686        1.4861627499310597        1.0607066639730192        1.1032486910131705        1.2649780448280021        1.1770098310159518        1.4667773619111579        1.4592657496378789        1.2227394781409122        1.4956644330416629        1.4009484180109661        1.1283105331553016        1.3761806273660131     
  0.84404123439175649       0.97300711354527480       0.96883268034529224       0.97422890350985014       0.95587604868136677       0.97153933122013680       0.96121196725214275       0.96709139906030051       0.97388117560990872       0.84937687063051648       0.97909399171955835       0.97462421742572181       0.97261302441830522     
   1.1382453010816140        1.1436255788734515        1.4134248186660963        1.1197122300404601        1.1796188213705336        1.1988343541049153        1.2889956801881333        1.4166317950934850        1.2211774074197312        1.4980237982316247        1.2609859770672576        1.2864537575994950        1.2635415561542633     
  0.90413887068964571       0.98669079558837824       0.98459680505478753       0.98696658856891939       0.97865227947798594       0.98560139929908697       0.98083643120314690       0.98364433908369731       0.98724194902641449       0.89560436230795804       0.98922778341287920       0.98727611768824941       0.98623324781285227     
   1.2176048288896137        1.2294111816356614        1.1979773490993317        1.2252070909463406        1.3174042472558725        1.3568678196723301        1.2458316194814967        1.1111358564657654        1.4895282929723945        1.6547588553190473        1.4431412508972949        1.1074635811842097        1.4582504183663978     
   1.0000000000000000        1.0000000000000000        1.0000000000000000        1.0000000000000000        1.0000000000000000        1.0000000000000000        1.0000000000000000        1.0000000000000000        1.0000000000000000        1.0000000000000000        1.0000000000000000        1.0000000000000000        1.0000000000000000     
   1.0006957151005487        1.2078857425069629        1.2853805691986608        1.0946627681168217        1.2979217292923042        1.2399593140616210        1.3285149239300713        1.4245426738141698        1.0677788031135889        1.2774323004904036        1.4682994851487885        1.3272950572484468        1.3187644321798444     
   3.5504211016655596        1.6610036844446379E-002   6.5670678818473975       -2.6204990431314035       -2.5216395056203811        2.9183183898523506        7.3415845919335556        3.7954072074479184        7.5617554581159778        5.1688039792452960        5.0576618105587263        3.5735760701449415        5.6610554519822394     
  -6.0698173463274274E-002   5.0593946208009957        4.1799455748538978        2.7440772569676399        4.1768203135831588        5.6932432753194391        6.8980247005719093        6.3321253909248778       -43.754545822053423       0.46524429480617530        4.7531475351195338        6.5088806786244735        1.8138637527464199     
   3.5652501790883449        1.8993284423254777        6.4011842580745979        6.4956621527182472        6.6178663139183733        6.6076717211083524        5.6254369478561594        2.0144386397445340        7.1101095578149627        5.0801220937135048        7.3412565753664261        8.6728710346140652        4.7916510221927524     
   5.4830466377800278      -0.64250335048891360        3.2636122595331818        3.6642867283027565        8.2164923809561863        4.4625570202990215        6.4411624729961154        5.2589639605618235        7.0736117761903703        6.8815427217568006        3.3131413729831247        2.2761044711643139        2.4644907032329013     
   6.9438216260349854        5.3600622013340518        3.9492745726309098        6.4609796100767785        5.3304367622122859        1.7206824493755528        7.5704476639698246        5.8735158852388309        3.1867355470138876        5.3087329930403646        6.2502878953173218        2.7179967713899273        6.1147334216082720     
   5.5710378728153298        5.6097636862341407        2.1341245594472791        5.3094411202573140        5.0436539619922218        5.1747967319017478        5.9537136488759570        4.1227951044110664        2.3835704217787570        4.1974810669116431        4.5563014575495160        5.2278407976187937      -0.68473518306331060     
   4.7373255945459656        6.4388861915715969       -4.0845427129081638E-002   5.5941961409054830        4.8878134239646061        6.5734574322579311      -0.79083725988740683        2.6735682100704063        6.4784077377351990      -0.51199026075501219       0.40940692051354988        4.6557584770394111        8.7801106095719668     
   4.3172735262856445        7.8452021884119452        4.2475658702672190        7.4266178593199621       0.21820545153416432        1.5539768602570547       -14.006787532090787        5.7563063030462107        2.0018697411710153       -3.3788354505791136        3.5158335872456856        2.0336991642683064        5.1584470457923421     
  0.46009571982424996     
           1           1           1           1           1           1           1           1           1           1           1           1           1
  0.65564854413721763       0.33263207361795183        3.3481547585106236E-003   4.6650190793594843        1.5557648068876889E-002   2.5759114855204125E-005
   9.0353011380908659E-003   6.3128262636318227E-003   2.3149149485015195E-003  0.30997330513936805        2.3141974997451737E-003   2.9870382295423756E-006
   5.6077118434035792E-003   4.6293482026878356     
