   0.0000000000000000        0.0000000000000000        0.0000000000000000        0.0000000000000000        0.0000000000000000        0.0000000000000000        0.0000000000000000        0.0000000000000000        0.0000000000000000        0.0000000000000000     
  0.14590420856976241        4.0763067623306101E-003   1.5698613133201172E-002   1.7286618045614915E-002   1.6679776964105948E-002  0.26080837773870269        8.1762384676926675E-002   7.7276478420017475E-002   3.6128833995651283E-002   1.8435606097275570E-002
  0.85306533719171496        1.4283941282876906        1.0359633356423823        1.2038956866769279        1.2015328466453761        1.0512042450230017       0.89839992119999001        1.0188652487319458        1.0745352122873171        1.2552036092348831     
  0.28082665910223292        8.0625185901918410E-003   3.1533574546807289E-002   3.3983476586289758E-002   3.1780693741253370E-002  0.38490537342162340       0.12679986001670432       0.13728957720471247        7.0742876630512805E-002   3.6332533705977825E-002
   1.6583121718673015        1.6469667479262264        1.2746856502157620        1.2820253380907893        1.2405818269092976        1.3026790325879372        2.0068235891085737        1.2451130800576222        1.6008612608497406        1.4473349442035934     
  0.31875290994637046        1.1645057654586042E-002   4.8384308982185750E-002   5.1626306874852285E-002   4.8339144265210715E-002  0.46321353300727497       0.14625385085341663       0.17875381521107406        9.7110919433688062E-002   5.3111528417811721E-002
   1.4884708515227534        1.3410509673403896        1.2568757822865007        1.1005261829840303        1.2770530913700517        1.3532027851948025        1.5736784896004601        1.1941212393683107        1.2642144565750115        1.3272646120719389     
  0.35114392971814762        1.5319305617285225E-002   6.4979473386842831E-002   6.8795435356158716E-002   6.4701007310159472E-002  0.50650315919716249       0.16040213258339861       0.21681245025091891       0.12180199085872102        7.0017871026392370E-002
   1.7043434974585381        1.3390577911767507        1.2017842765775015        1.4558574675950200        1.3660706839229144        1.2590832748789380        1.4725563054904411        1.2321375140652031        1.7729717718392368        1.2864220277392866     
  0.37821220185443855        1.9414587578880808E-002   8.2280773846265615E-002   8.3491452033966407E-002   8.2805118127517757E-002  0.52918974330212687       0.16840088571938491       0.24923367747132552       0.14393197936833543        8.7329974279405712E-002
   1.3766370885233312        1.6215316955896339        1.0959692326479971       0.99093016207978191        1.2187865936036866        1.2199074329969115        1.1025781938601515        1.1553921976541774        1.0913433404545705        1.3727867325432745     
  0.39395746319201519        2.3834519477062908E-002   9.9381213149790079E-002   9.8566989369585925E-002  0.10143922903048853       0.55119251984884821       0.17639608531474929       0.27905975776795933       0.16480101863283944       0.10507839718112846     
  0.92539637338861747        1.2357732426910761        1.3549120129221810        1.1571698216570387        1.4607826471194623        1.2573132541312642        1.0330392188714472        1.0485010637210685        1.5239974884891407        1.2727564989991422     
  0.41219431980500054        2.8464133444831511E-002  0.11553196043076387       0.10922395572352922       0.12083455892891160       0.57180859228952829       0.18475881187959925       0.30570545063148330       0.18287647337104285       0.12335075617711531     
   1.0401570459776099        1.1861380285863992        1.0355427816634080        1.1407190192191528        1.4402087546373585        1.2759646013494381        1.2708370641321161        1.5274617293505290        1.3161236979691482        1.1184892902355039     
  0.42904673951705813        3.3153562478828488E-002  0.13106774387446893       0.12000579330081695       0.14115512540909911       0.59014287513607955       0.19396166632803255       0.32956202728956407       0.20093544282745365       0.14186067277271350     
   1.1497303701546917        1.5331781029959415        1.1300386463327139       0.95267460763499789        1.3401328755024393        1.2356983809238755        1.0846733651342639        1.1306562429862246        1.5796444583748210        1.1996680884632978     
  0.44613198149551192        3.7734676495881234E-002  0.14618149299134717       0.13591337061486924       0.15829572529392991       0.60773881748951908       0.20350246093146909       0.34760379215334331       0.21671233015765701       0.16045801865493631     
   1.2597543802030995        1.2679917273609791        1.1013273548997986        1.2621209386666976        1.1914419924098223        1.3658871742192942        1.4620743619184431        1.1398265684208808        1.1695473344580154        1.3843223085545804     
  0.46281372537489535        4.2267185708737200E-002  0.16203299965144372       0.15288019995171434       0.17424767729894616       0.62336839381498110       0.21283464007399971       0.36612301518604351       0.23147665057691297       0.17938857061010086     
   1.2337939850740005        1.2681317758001385        1.2780011737901609        1.3770266918853507        1.1625352415701875        1.1384795962870962        1.2295196103218395        1.1568099949307842        1.2298070066674451        1.5540460710599082     
  0.47943806254299326        4.7002588700838482E-002  0.17842342914674741       0.17035421068858406       0.19159720523260576       0.63892763497784311       0.22108660011444253       0.38369136784463204       0.24858835542770569       0.19736008511632047     
   1.1571170861812503        1.1748133712176521        1.3056027019173990        1.1524718840071981        1.2505632783267113        1.1549018752903999        1.1319613337627448        1.0377946898118038        1.1934603011108615        1.1715314896235749     
  0.49526142913738341        5.1953128264154762E-002  0.19670924860785632       0.18821913218782396       0.20808597987484634       0.65278410376242890       0.22882866364191529       0.40149250781046025       0.26765249060323038       0.21370514196195003     
   1.0283544045817228        1.1556329666819527        1.2359599786867144        1.1345681031796084        1.3026969442524490        1.1208251553915043        1.1879463127438847        1.2202959094741290        1.3531489475071201        1.1374848988683248     
  0.51108172974139277        5.7581797317499635E-002  0.21600134434635315       0.20519677438054801       0.22285440744682500       0.66667599294125235       0.23625709841709056       0.41972288465110841       0.28684930802414121       0.22911376237515166     
   1.0373928546378401        1.0786025619115776        1.3362664386270784        1.5285268201425253       0.98441179823367730        1.0915178583270446        1.3630728715191267        1.4045726544271260        1.0061651820982820        1.1118879697860680     
  0.52673542052912925        6.2825112041325265E-002  0.23371895586545632       0.22187550065369427       0.23743210020115380       0.68153115378821238       0.24281118337218449       0.43653492812170436       0.30534046791100522       0.24332955234288434     
   1.0502466241017769        1.2226653283561832        1.0393390504699618        1.3511308171811631        1.3729811787080650        1.1268920648543594        1.1950639792770035        1.2454007848696094        1.1521062246824982        1.3100500650943672     
  0.54204963502564585        6.7985002215725676E-002  0.25050030460032413       0.23718848578343857       0.25241023947553737       0.69607026763181357       0.24969836757316008       0.45227574659421188       0.32380948089796618       0.25732600449275811     
   1.2341481490632473        1.3600779364469859        1.4436450717545319        1.2101276024954699        1.2640319044651440        1.1297962021965318        1.3299207925075247        1.2204618164406780        1.0801622554516559        1.0245395617038584     
  0.55603763839732756        7.2746221057283456E-002  0.26692787370783511       0.25240215582569570       0.26642730090334904       0.70810744501736600       0.25657483603975922       0.46857551425992816       0.34186234664760767       0.27160974298166268     
   1.0815235321515397        1.2132413894395764        1.0434724925141596        1.3241769905308007        1.1265224888295837        1.0504394086327340        1.1095018517999347        1.2021122394089525        1.1957292973257330        1.2044882275648598     
  0.56710716763083735        7.7757064616343546E-002  0.28382718527813350       0.26879246988136085       0.27983400695475313       0.72029016207659269       0.26374977590326948       0.48491798117510998       0.35982170320659496       0.28635735799429507     
   1.1684524098711182        1.2465823825896971       0.99134307839238534        1.5821665137922327        1.2663586622633980        1.1104774570368645        1.2929388836553075        1.3134845425608122        1.1029416371058323        1.0680797627324792     
  0.57757948014470850        8.2961613609317170E-002  0.30241074844717458       0.28558995417524502       0.29325275002931428       0.73223695624840368       0.27141267249195639       0.50084364878685006       0.37753281477268957       0.30213142469372745     
   1.0052629161636557        1.0549129547380172        1.4396433471664825        1.0427224350261539        1.4235688483828455        1.3869221259472866        1.2233930565181677        1.2496186550332611        1.1700722865425068        1.0778475832122887     
  0.58957843140164423        8.8058815849326344E-002  0.32253386590673905       0.30188721018898357       0.30694114016245555       0.74409588214991162       0.27890600155333900       0.51724194362313081       0.39443154735814301       0.31842701036474214     
   1.1851753041816435        1.3009031019213753        1.2945711830947326        1.0896716160595488        1.0287612466333935        1.2236099487040042        1.4972178732747832        1.0552755822662760        1.0783739411516089        1.3748759557678243     
  0.60370730743244738        9.3648031284599004E-002  0.33907482219815899       0.31800999701350058       0.32217931715665443       0.75559569775735591       0.28622759436190032       0.53187163798513071       0.41091600926356492       0.33447011045759134     
   1.0527871941096578        1.3803973451414229        1.0749129006638869        1.2269970696101329        1.3295461793721339        1.2917645798324111        1.1805024115663119        1.2843262041797086        1.5357295237927704        1.4251444842284819     
  0.61752407532834019        9.9723725929573875E-002  0.35110458027984726       0.33293473512141564       0.33816054310048466       0.76662033066574609       0.29326158621629117       0.54562582310329810       0.42709748576780776       0.35038121152069696     
   1.1352726462694291        1.0714924365227345       0.96881376913005990        1.1127018979306216        1.2302155540154838       0.96933697981772893        1.2897496199480107        1.2088295907348587        1.1410327967416323        1.1063363317935455     
  0.63023588152547805       0.10611998939693774       0.36561033028715634       0.34781335825534243       0.35355807501635977       0.77592198701736470       0.30028158131266341       0.56116062080075568       0.44301112562909223       0.36691678083267459     
   1.0462134628510618        1.2340506369356643       0.91511494443468044        1.1121446172768352        1.0787634861296720        1.2987853161217395       0.98903982488326825        1.2066963030943019        1.3995692920130645        1.3850983198226503     
  0.64340122398686828       0.11321596911061788       0.38126950203329429       0.36048483117399482       0.36924255566622238       0.78538604837290327       0.30722006747214092       0.57579405770656755       0.45895766339600141       0.38380778604921434     
   1.1349116486318478        1.0260526303787620       0.99171091789976040        1.1161896993989022        1.1157829346156967        1.2318596278787382        1.3480823103959172       0.91762614287348310        1.2921033268312150        1.3083517865761223     
  0.65741145389426969       0.12041500808555161       0.39750786996880122       0.37305124478907625       0.38464104211985661       0.79366123776016395       0.31322410438385478       0.59133781230627580       0.47467728542555604       0.40012633912523954     
  0.98512219348794183        1.0946649304271936        1.1060476883770509        1.2354548625040853        1.0620210639947310       0.99950863631803044       0.98554064670195340        1.1598372852300645        1.1829247901313091        1.2673112439819605     
  0.67117152777232036       0.12822969014481425       0.41449595318741272       0.38773978623425742       0.40054335043564576       0.80175585494709722       0.31992604942276720       0.60558504192171547       0.49070100695035412       0.41645524538126971     
   1.0754282601687963        1.3354589204343705        1.2616915435020777        1.1844112701508593        1.4197164850029422        1.2002887637263553        1.2093591025089117        1.4607716101296684        1.1417251368404016        1.0661640892042001     
  0.68492400081859550       0.13660007272886704       0.43121785482533964       0.40414371188548126       0.41645933669645507       0.80839372970489942       0.32659348355708684       0.61846561966462621       0.50678914289175647       0.43297491458890797     
   1.1395489954062812        1.4347925265984456        1.1572537406323355        1.1248332265102119        1.1246990072653513        1.0764452756947631       0.99601623533170525        1.4697050306000807        1.2968973430696924        1.1637530377585259     
  0.69674142804764272       0.14522302433776940       0.44815339308325569       0.42076422429621152       0.43237238904452702       0.81563429230060525       0.33464591104638630       0.63194858481113725       0.52357063793624570       0.44887694400406025     
   1.3802140763395929        1.2467031277233449        1.2419000494067471        1.2156406785179275        1.0831334912452455        1.0904151917155060        1.1865147171758090        1.3105036076194025        1.2950291643331810        1.1214750684944277     
  0.70880124818808643       0.15398011881738408       0.46739531925049099       0.43645448786849383       0.44688747383019334       0.82353617782098931       0.34287240122357027       0.64299212579379084       0.54076570760416731       0.46439986478133405     
  0.96869412787484022        1.1265245352403161        1.3072941525447734        1.1508534586660919        1.0832128633847502        1.0480111485967267        1.1456447744325755        1.1377155520483895        1.1577154658767601        1.0616087844182882     
  0.72001384706118909       0.16359346095595675       0.48785999562579579       0.45219051981191233       0.46125278576995959       0.83163125128837423       0.35094321910282467       0.65338010821938519       0.55406485880878753       0.48025803440816928     
   1.0911068503114116        1.3647100907037915        1.2093958794245285        1.3084819565347989        1.0554298830286819        1.1754573152369958        1.1018922842481467        1.4494313925490141        1.1518924425338279        1.4300551058715940     
  0.73135188010898788       0.17378465058897175       0.50764365399390077       0.46825349808302258       0.47698298205043088       0.83843090983340385       0.35893360027596527       0.66398900471336042       0.56735331716281034       0.49601436612121574     
   1.0685255527259991        1.3658387281814068        1.1456240411012861        1.2168730669543821        1.0048260498260244       0.98068778570961579        1.0447114430078985        1.2956223389857728        1.3327458309139253        1.2939017681373608     
  0.74175323133756443       0.18310499651288425       0.52689906194572123       0.48423191102624802       0.49327416029094612       0.84479086459005903       0.36662202521668180       0.67472702083437119       0.58106921297641656       0.51049360859835746     
   1.0254728179871719       0.96908788239819099        1.1568966550705537        1.2452262530974885        1.2892639789856528        1.0170382041203685        1.1348962062920802        1.0614782904735847        1.3147646596340727        1.1215418529636179     
  0.75291534341312305       0.19231448242517951       0.54496591157199581       0.49997206157923046       0.50998319452477825       0.85040013750268884       0.37396653254877960       0.68529999836446209       0.59438013322864103       0.52586313046916999     
   1.0527602333476695        1.1260426959136269        1.1412299826288097        1.3165982234605589        1.1354151315530259        1.2046217289650967        1.1887681377354671        1.2079785682807525        1.1159044841903354        1.0371114469930540     
  0.76453168974783736       0.20193090919001289       0.56177005412452297       0.51447074737601506       0.52660520871106387       0.85576322042656361       0.38202045865347245       0.69424210059266556       0.60861321683125280       0.54271596254991505     
   1.4864178732801814        1.3117301615345938        1.1971536897751309        1.1772096023856737        1.0505635946430154        1.1048196631448299        1.1865042355416204        1.1177947760093057        1.3035110981533038        1.1698631176829453     
  0.77596324312677512       0.21213391454008987       0.57856609504132195       0.52762472114577441       0.54134160788764085       0.86083891917385558       0.39015903586311723       0.70278287261720596       0.62232964896816345       0.55833051752690377     
  0.96255896574251820        1.3058899128334711        1.2566944931403092        1.1369543496806773        1.0042649414359828        1.1449350199797992        1.0885849743061484        1.2995167506923260        1.4599000187382816        1.1561113208850280     
  0.78703423824647845       0.22310133525575260       0.59638969401220443       0.54168503993214068       0.55424990820335884       0.86588856036703055       0.39911989069642551       0.71122716876419179       0.63572219362083093       0.57027602467910621     
   1.1416471998375373        1.1333753033759044        1.4585872772613742        1.0902109662790134        1.2623553581004479       0.95502275491509891        1.0380147500334991       0.98650463135211774        1.2740926199289739        1.2096226892750761     
  0.79767177049573446       0.23425423305194479       0.61463232384479138       0.55627549688773914       0.56808881894630892       0.87111333260424850       0.40827382922022243       0.72286518555996004       0.64938910340845279       0.58356087258934708     
   1.3275851413850910        1.0014247050182086       0.99906883324827545        1.3384518074942637       0.99576349858626145        1.3326505487019282        1.3099260740971239        1.4198256493900760        1.3122089461297979        1.1334536301283495     
  0.80812930684402728       0.24542964460563246       0.63162905016087167       0.57011387701580030       0.58206139116489641       0.87635719541725676       0.41666422760766103       0.73531624448085631       0.66268995924446150       0.59796268288497423     
   1.0717252434645965        1.2014214205991913        1.0491463255008915        1.1019766164851572        1.2092303196794112        1.1323311778871779       0.99276922990927507        1.2099108310333206        1.1010191897020580        1.1467941560225672     
  0.81803637501572657       0.25630846651412875       0.64904379715901306       0.58360642491224779       0.59605553037635939       0.88159749253413433       0.42491739011992946       0.74695202039406339       0.67585471975097677       0.61355411654954939     
   1.0813283091377757        1.0680325398137607        1.1228967560615155        1.1548203326602942        1.1780294236590436        1.2140812293801084        1.1676745601795204        1.2135879677670733       0.96192902648567757        1.2593772670371375     
  0.82741532163435860       0.26854661815474368       0.66729213680470445       0.59951878081474363       0.60910926235663942       0.88651784249643384       0.43297959787044094       0.75838704507903976       0.68854367609433931       0.63038952152323424     
   1.1386297166727644        1.3694757575126284        1.0327989542250944        1.2855009024153166        1.2136436554052714        1.1808126720211460        1.2391697167269602        1.2044339767201533        1.0748935773057293        1.1840214012747505     
  0.83612579173958701       0.28090381445033380       0.68634841084307174       0.61554646006486313       0.62486884342893279       0.89121511012250809       0.44128499719005271       0.76988082555756387       0.70133611127604967       0.64691474785648850     
  0.94087606537947632        1.2074145549811675        1.3525089283328844        1.1382964432848179        1.0000639773593210        1.0730129025776163        1.3014172189257291        1.2293039169897431        1.0773057191038315        1.0903746283678650     
  0.84471926230213690       0.29298056911484938       0.70380304099765489       0.63347725118907627       0.64064375542739938       0.89561753080877093       0.45004929732066273       0.78148844810324303       0.71525604363715567       0.66370270531543119     
   1.0751452131790928        1.1534936675743537        1.4595958523860071        1.3098145161353931        1.3905413388781021       0.99987910267269087        1.0597933639979942        1.1513352338310414        1.3899323850412768        1.2143376513890711     
  0.85385721085920119       0.30536989136165021       0.72165521087290385       0.65096376843568104       0.65592820360339810       0.89995517229259470       0.45850005424196932       0.79323518220405909       0.72958577949471437       0.68032215170908350     
   1.0956979195923189        1.2108413313998709        1.1867727644804966        1.1306446713187892        1.3492418289147154        1.0502055488560331        1.1650886894905315        1.4483499452523747        1.2109095294276824        1.0419082806328539     
  0.86331081210281457       0.31880621168865797       0.73689592621170985       0.66517102504879944       0.67190843110116438       0.90434743520028105       0.46646953045437789       0.80525318327885498       0.74403711638679815       0.69637735056594685     
   1.2465750064875316        1.0374267580089871        1.1555176247559857        1.2851288352197392        1.2219935611595916        1.0004425439884448        1.1902708732800165        1.2591154082454619        1.1995819351275581        1.1633403505031763     
  0.87249005032035309       0.33180547183065784       0.75195642225666692       0.67830881724753689       0.68764609380197439       0.90857070492743175       0.47441894858350614       0.81727863055486716       0.75893881241856820       0.71165518532148053     
   1.0973104556515627        1.1038576298228013        1.2500899950738902       0.99946698593121908        1.2919146976178917        1.1374818147197250        1.0339699955683845        1.2923250782478097        1.1098971450894970        1.1216128425322760     
  0.88143009988921162       0.34739875444219603       0.76786654531478238       0.69216674933123123       0.70298297276468069       0.91303515279780745       0.48239791363330842       0.82637156305597681       0.77212169668594266       0.72677633886934889     
   1.0994453431168361        1.0502466241017769        1.1232805966199386        1.0832593621395605        1.0534074761658583        1.0604144800050150        1.1390213416324428        1.0502466241017769        1.0121328850967652        1.3098258305407597     
  0.88964102408017942       0.36299088001444441       0.78349978637023643       0.70721033215138840       0.71849706818807024       0.91739430474318240       0.49048568697832423       0.83592864900484631       0.78521582773747622       0.74369382635640569     
  0.97300161752114267        1.1912733454476696        1.2784003186624626        1.2248667290262931        1.6851492069142131        1.1866523900604067        1.2964174678987483        1.0884284166968212        1.0916127511632463        1.1854391819998216     
  0.89768712319079191       0.38021914651609384       0.79831875561795407       0.72358510427377920       0.73398932787360116       0.92223677695528161       0.49866106844729380       0.84530525953361102       0.79696450585016099       0.76000526442594030     
   1.1444926009329839        1.1715994529767013        1.2806406823347207        1.2719573160215487       0.94912754267104649        1.2642858771693779        1.4441658051293376        1.2653799676924782        1.1542820530574087        1.3302215519298572     
  0.90578159160480920       0.39737614215074440       0.81347296678251291       0.74269162962518831       0.74919210338120135       0.92740229568036059       0.50669502397810495       0.85533021970862100       0.80905333238791177       0.77675633521898813     
   1.1101623842317943        1.0513069130660673        1.0582073157078267        1.0642012600254547       0.96726806459142367        1.3913994761087864        1.0628814277058432        1.2128603054169025       0.88628104916809480        1.4100453631683632     
  0.91378209646204089       0.41604703921086450       0.82753700059017943       0.76171605571839696       0.76433392501228303       0.93170491483022766       0.51694496454817995       0.86424813697880709       0.82220516394244880       0.79331147015422532     
  0.94399711041076506        1.3407113788186533        1.4454052132946773        1.2415638900224948        1.2769830873369139        1.1689944531159437        1.4604478706045416        1.1015792513494951        1.1096818026965931        1.2720209694288653     
  0.92129713719453821       0.43461523249828904       0.84244480111919973       0.77884322114737592       0.77962909001837510       0.93590219256410700       0.52716706629419352       0.87309675296335965       0.83513716853845210       0.80640976989360658     
   1.0380520491649357        1.1549310061360958        1.2560287004859321        1.2401458229913891        1.0619150985300212        1.3540571690776364        1.1992685342651839       0.89298049826826797        1.1567985902080296        1.1267439564108583     
  0.92900624886415761       0.45169186228010633       0.85776989936422343       0.79484971034244578       0.79484748829523200       0.93975330824013170       0.53756462749055423       0.88078918604755430       0.84793457084994805       0.82027791007734863     
   1.2213611394032335        1.0804886459028704        1.3613862733577804        1.1519374441198038        1.2363364494806841        1.0720972691167143        1.1864613396090056        1.0315621199704736        1.4012798525578267        1.1437472508830111     
  0.93536363657150279       0.47235344431876802       0.87155900209662607       0.80940034421717555       0.80958917838103372       0.94372127112170157       0.54790178823593516       0.88859662166870379       0.86093372755523989       0.83410001352541008     
   1.1648168856230041       0.96457305158410034        1.1745832341843985        1.2729662439180034        1.2762774925341311        1.4670027000571964        1.0220801778825046        1.0362055997803967        1.1644039877630921        1.0263282436648116     
  0.94162839621093630       0.49806426519518004       0.88305599295494552       0.82464825299243205       0.82431033411270915       0.94844458543127641       0.55813783422381791       0.89827122858125030       0.87408479488640733       0.84871480454297799     
   1.2043050628701844        1.5261413116213292        1.0628704299820815        1.1578860097073449        1.0420930674525173        1.2402634777533477        1.0017771998991380        1.1949482935307203        1.2326004863691562        1.0038819543544295     
  0.94869274494506439       0.52758961859546483       0.89369253078749078       0.84144367682067289       0.83779371960422799       0.95308599901512014       0.56894983141414479       0.90809197473987768       0.88651349419315695       0.86411997908619509     
   1.1122360751639988        1.2112058059305379        1.0377688615179559        1.1165277837249208        1.3858443218790282        1.4582010392973686        1.2116306998390831        1.3114498989754664        1.0097642676318395        1.1582583637253376     
  0.95547311734470786       0.55962878486303247       0.90423997921297739       0.85780276602891903       0.85361445574516259       0.95801629672495259       0.57944357187621376       0.91687488473887457       0.89843212927093319       0.87788888674762089     
   1.1868116424243738        1.3275602161203346        1.2580128744763182        1.1485475224237895       0.98506688856239621        1.5322315481026860        1.1191736331106072        1.1283347659396981        1.0741392301194155        1.2917332538526156     
  0.96055745040943086       0.59216490959574963       0.91484840428155179       0.87365609468349026       0.87100121060732116       0.96269701490030979       0.59052047167848210       0.92551087638287377       0.91082407188205339       0.89107660242965325     
   1.1285814384944608       0.98614695500863536        1.1532221434117456        1.0616904851514186        1.4480106602580733        1.1222768146933024        1.0211986486063931       0.96161806299417141        1.0885219824145917        1.2414163723735652     
  0.96581915818876884       0.62424543716567604       0.92544377871519901       0.88854506758403018       0.88782007749221414       0.96689259812758621       0.60286885487604813       0.93373316595364797       0.92270090062122645       0.90260662504134559     
   1.1364078829712974        1.0160748965735409        1.1698532942242079        1.3114318552678415        1.0839332508253998        1.1417895878996907        1.3649155967086464        1.0823963519373974        1.0625764170253540        1.0210513628953661     
  0.97126297750263468       0.65586702512919759       0.93660752445612205       0.90310994062446204       0.90474057961873133       0.97113601380493586       0.61510897473624715       0.94139120389021469       0.93462748258723283       0.91339997475220758     
   1.7586156435566200        1.0391891031158722        1.2184346878801209        1.1844164067541216        1.1063610577612235        1.2481634115266074        1.5175890189107890        1.1943136254333613        1.1459978757361278        1.0161558632952945     
  0.97664852085958853       0.68872372909668000       0.94822513898051886       0.91918301835930705       0.92049440875020061       0.97487385999727882       0.62726840778967630       0.95013356809862581       0.94630703286649420       0.92579457513356178     
   1.6522110559599967       0.97937873581803914        1.3689735830926799        1.2748139474932394        1.2030871141755173        1.2872992271899657       0.94604261564497805        1.0970803063717487        1.1008726350951366        1.1994035138489398     
  0.98169153840904555       0.72543602439432753       0.95996587602396410       0.93547687754802789       0.93569764014519996       0.97835993639455787       0.64331211880608208       0.95886195942660835       0.95757392988041012       0.93812562748855277     
   1.4405004223888418        1.0393370858028408        1.1403571546909614        1.0962233150913416        1.3522925800681924        1.2457279239690822        1.1178766047412043        1.1769398951530001       0.96783907573291472        1.2262620958380768     
  0.98645437092911559       0.76906065354291708       0.96953594936710397       0.95218372408430552       0.95043825740366317       0.98258531403369642       0.67047824673240319       0.96845218222454554       0.96860267703243574       0.95463459153299501     
   1.8315293685808818       0.93496461226359540        1.2574047147472616        1.2714258337662394        1.1658968897638919        1.5735522966674607        1.2733668189571630        1.3234953740992694        1.2542344226723396        1.1697750811049494     
  0.99098684006667581       0.83076973877743721       0.97912937251859933       0.96901440109020998       0.96583835509035021       0.98728200586213777       0.69581095312401431       0.97804214295926428       0.97957618278959746       0.97004062345347986     
   2.0588913398153923        1.1421635243405304        1.2693636779102231        1.2156976316262582       0.99574328164837067        1.8953543289448265        1.2770715177103600        1.4523680081745904        1.1823093604737440        1.1162600822847266     
  0.99541198621113691       0.90947704397981177       0.98986191772672105       0.98442342415219808       0.98272166208779654       0.99330345261524378       0.84351757286376150       0.98900084830238533       0.98955491989333499       0.98521227257205080     
   2.1624202079409489       0.99915905643547964        1.4138880409184993        1.0549425877888980        1.1869596189498590        1.4777200577196634        1.6933818545192525        1.3954203480665768        1.0365869782139019       0.97030701911149986     
   1.0000000000000000        1.0000000000000000        1.0000000000000000        1.0000000000000000        1.0000000000000000        1.0000000000000000        1.0000000000000000        1.0000000000000000        1.0000000000000000        1.0000000000000000     
   2.3321394939360376        1.2316083802019935        1.3929537454465961        1.1851445408070449        1.3717318071622047        1.0434057020623502       0.85306533719171496        1.0486634811515432        1.0836904502482512        1.1435907052439678     
   0.0000000000000000        7.5477921811834028        4.8420213055445700        6.7941430811682846        6.0602829913779219        0.0000000000000000        9.2032554485989042        5.0700252287428400        8.2099647322673839        5.3498443726696774     
   0.0000000000000000        4.4576703251723551        6.3269443078251637        3.1723212466554496        7.1866077417317111        0.0000000000000000        3.5216094071185884        5.6452263867176313        6.5046977550117164        7.2814158864572063     
   5.2362581920095082        5.2975215990933027        7.9951585542258847        5.9043570969249570        4.5640108944255431        2.6940127121620940        5.7411351385854337        6.1426649231851256        4.9953249633068113        5.3645629901052789     
   8.3528427766886644        5.2571128358993606        6.6824606334666736        6.3004691353314373        6.1676495864515282        4.9168049848109963        8.1811381559264422        3.6340192530069815        7.1915850145479991        5.4236173602481115     
   6.2350847269597969        4.8670918595557611        6.6726962105271257        6.3809195080387227        4.5495400363266052        5.6063791933036073        7.2415195780273054        7.1927151609625710        7.4155653817125362        5.4332776727121104     
   5.9801843659322875        5.9719293388943413        8.1701673595131385        6.4621300997079816        5.9793713855030051        7.1472090657377514        5.8071743803980613        5.9235984587106030        5.0568041683517579        5.9591394640150188     
   4.8379795514073232        5.4780879869100536        5.1019884976095495        7.0479646585948084        5.8707916896247943        4.4795108650255573        5.5541075189956297        5.0568000974670815        6.7378047074609508        7.6228466405287341     
   5.9187230226318208        8.8112080671559188        4.6404505810664771        7.1956107107698939        7.2091753107427605        6.5830228386412228        12.322812752098695        6.6673724490766491        4.8129714396059553        4.6802435217582481     
  0.10236816492805753     
           1           1           1           1           1           1           1           1           1           1
  0.21202858158767035       0.17388561448590256        9.6701038025226590E-004   5.7618185136987874        3.4511014888410803E-003   9.7394832115626644E-006
   5.4675930733534932E-003   5.4790544166739667E-003   4.7149797469836616E-004  0.25478431418406694        4.7124728639360951E-004   1.1178048631821742E-006
   5.9632915811786008E-003   6.4001393281215417     
