   0.0000000000000000        0.0000000000000000        0.0000000000000000        0.0000000000000000        0.0000000000000000        0.0000000000000000        0.0000000000000000        0.0000000000000000        0.0000000000000000        0.0000000000000000        0.0000000000000000        0.0000000000000000        0.0000000000000000     
   2.3220206487871004E-002   8.5734714906454646E-004   1.3829997011942239E-002   2.6452711070494007E-002   1.3741262574508811E-002   1.6682808862255538E-002   1.4314346765169489E-002   1.4588226571791197E-002  0.27738908999399281       0.15011815370213946        8.1460128517897440E-002   9.0226830079217051E-003   1.4385048620267963E-002
   1.3389748195155915        1.9982501007189324        1.6915842104750789        1.1930431851998025        1.3737652698183263        1.5723068997124749        1.3691874325861766        1.4277116006991841        1.1691219511351718        1.3304651186363348        1.1983633001707750        1.3452617302168981        1.3970951390464370     
   4.3771995623844873E-002   1.6757542854448245E-003   2.3225582976628845E-002   4.9481665508312088E-002   2.8017126082806421E-002   3.2292855228259441E-002   2.7863099154739779E-002   2.6778650437216577E-002  0.42104568437429796       0.19908657141390590       0.14391085590803673        1.5892050406026197E-002   2.8895806667435259E-002
   1.6316332374946489        1.9275381426726443        1.4176241746204314        1.4381015019013390        1.1906837961664947        1.4964780655503185        1.5611196845727395        1.4150070696448995        2.0511397930980340        1.7385923360083724        1.2867196504749441        1.4808059801647897        1.4739435628320701     
   6.1537141076806925E-002   2.4640585139080054E-003   3.1544550616718535E-002   7.0684668523854938E-002   4.3853325994957525E-002   4.7670023895097648E-002   3.9121419891240981E-002   4.0063114610876790E-002  0.47307701532905283       0.21836988994004100       0.18571647151124221        2.1508076063790887E-002   4.3201806099794397E-002
   1.2564575669522999        1.9552919121237942        1.3456290090164076        1.5330011973231328        1.4108619132545319        1.4559101606368723        1.7640275331195536        1.3497672048356684        2.0444480768712867        1.5849877714547260        1.5529351251241734        1.2986193249480329        1.3921713042578383     
   7.9526332828670790E-002   3.2397982480888380E-003   4.1105819928998102E-002   9.1089538787993571E-002   5.8217581872319665E-002   6.3655404604384430E-002   4.9296123328982776E-002   5.4674279837336463E-002  0.49520117222342530       0.23116826054562659       0.21095770991869606        2.6975695649030768E-002   5.7284384729687304E-002
   1.6157962294096906        1.8670826662133144        1.4311933900847462        1.5298769725200918        1.4181797250076571        1.3164410227169565        1.8800220879964675        1.2532658459780135        1.9076397142765464        1.6184205110709955        1.3102377711343391        1.6366283505647361        1.1641833368848031     
   9.9015353707530535E-002   4.0317437824858521E-003   5.0969871068361365E-002  0.11049406309364654        7.2061997480047962E-002   7.8582537055398888E-002   5.6209645020453662E-002   7.1465632614706814E-002  0.51717397784949148       0.24289136196921374       0.23066282026919788        3.2933384922687520E-002   7.2707780274292352E-002
   1.2522948545704147        1.7778299798858415        1.3719719942683801        1.2930751217628651        1.4074335204258477        1.3786623800838669        1.5308347556425841        1.3815744958650478        1.5175638854289402        1.5721991596298572        1.4501671040840223        1.2133953291173660        1.3940519125755739     
  0.11690553351174231        4.8273664548635527E-003   6.1033007205546733E-002  0.12913284931130031        8.5978883999330166E-002   9.1425207595508720E-002   6.5368726813677974E-002   8.6984198585901784E-002  0.53519659085559590       0.25237508824646643       0.24624167629416305        3.9693344211438490E-002   8.9371052318302266E-002
   1.5356908674386045        1.7076198773469422        1.3349241661529108        1.4686363523923653        1.2555653704563827        1.1966182235592469        1.7408297134435455        1.3961794164059229        1.3457420162030480        1.5792396102834199        1.4437357207296646        1.3682893611220548        1.2916502610902219     
  0.13290495193794008        5.6745859183230897E-003   7.1225744352431355E-002  0.14704416337803913       0.10120785303732682       0.10433051238270505        7.4077330549838588E-002  0.10108389459284742       0.55092075798816453       0.26122906067753060       0.25984700727196414        4.7121848813509552E-002  0.10575939556369485     
   1.4490492918549998        1.4288430539704375        1.2786174828396126        1.3281605900345235        1.4666011787691497        1.2002512007515709        2.0802933602744811        1.3341961610227473        1.4882871089799967        1.5673464498127454        1.3464508501056847        1.7977876138770181        1.5941607594099456     
  0.14909596205169917        6.6625985566323709E-003   8.1193929578600638E-002  0.16416820379322017       0.11807753168091284       0.11743250554455018        8.1855776897150609E-002  0.11479070986924253       0.56547553401147654       0.26975507335218474       0.27099960283111246        5.4907534594254639E-002  0.12154975054424202     
   1.3481656681801064        1.5543076021306086        1.5382022419618955        1.6006709029602957        1.3527226816673898        1.3681824039326895        1.2827075386145357        1.4952420783117124        1.5771233875999797        1.5842703173056087        1.2644319989211621        1.4905906720573763        1.5664720655701478     
  0.16479079496030144        7.8216493529775447E-003   9.0642550931078703E-002  0.18105953258538815       0.13331087717577064       0.12950696414114346        8.9387777933605611E-002  0.12884202595873842       0.57949819383962853       0.27729103292599117       0.28082576222339228        6.3390301630253401E-002  0.13690892939134841     
   1.3027724705790886        1.4410466505163402        1.4070369066706738        1.2903201514772769        1.2444474536086914        1.2044011812648381        1.5080146322797583        1.3530891920771493        1.4801373304226595        1.4358853417318465        1.1833562608770916        1.4136202175887975        1.5481440030855655     
  0.18329729771906414        9.0843094368204501E-003   9.9913882178356006E-002  0.19770703881547047       0.14986042418826279       0.14272939975101817        9.7273432090997050E-002  0.14539900388854146       0.59312794456189155       0.28408348990810806       0.29192512669730530        7.0937873475992633E-002  0.15310911717800932     
   1.4101643472315413        1.4519708261303044        1.2531405719794109        1.3248961001153163        1.2562434851191835        1.1603118887547534        1.3197262935918017        1.3927422322200989        1.5043536146308105        1.3159299137266238        1.6192879725326141        1.5197846460043287        1.4419968142725237     
  0.20235822289587713        1.0333766446394301E-002  0.10959897935193266       0.21553891218637797       0.16743927781064719       0.15633033968855176       0.10497996627928860       0.16410263921377577       0.60669654660024364       0.29058018580386485       0.30314484234995476        8.0088954297233145E-002  0.17231598377266041     
   1.4445616005607209        1.3671854995352710        1.3255601293180934        1.5528777157097935        1.6662582619671398        1.2930442652956857        1.3343098782308382        1.4930145774671904        1.2136735149771098        1.5921306536141171        1.5288113320228114        1.5598229956254346        1.5818536861141477     
  0.22032199676668626        1.1610463221172171E-002  0.12033482592863534       0.23405104921107980       0.18295962796771117       0.17117183208906972       0.11258604845953013       0.18193657440640759       0.62038969790511900       0.29715643455346186       0.31627887585519915        8.7803747866989454E-002  0.19096828289315743     
   1.2435704813216377        1.2825192345995333        1.3082247692729456        1.3565836853709852        1.3314228599199243        1.3432779379507300        1.5634456052829886        1.4222203695643754        1.5882454938494655        1.3838884156682760        1.4880817936899327        1.2713599516267093        1.2997097481477995     
  0.24043750199649169        1.2964834463310442E-002  0.13158304249135652       0.25140514490155386       0.19567688111915288       0.18656389992966155       0.12018055162243844       0.19924675775839820       0.63318965194245103       0.30428139292870804       0.33123881320151521        9.6736357285067187E-002  0.20822566595235595     
   1.4083240783415827        1.2744793612953007        1.0815681909504862        1.2182542621643948        1.1240519406910825        1.6742822198945690        1.3898581082057824        1.3998137917485893        1.5354565420472914        1.2025960271994320        1.4485200766681003        1.1488284757110558        1.2586637472146225     
  0.25933195866961517        1.4385729782717101E-002  0.14363495118195591       0.26813005152433972       0.20726626073491827       0.20166896283984992       0.12799685615322257       0.21615839966834571       0.64538673114107903       0.31135731639552228       0.34624129276755800       0.10574696748733219       0.22500172317525280     
   1.4139466071517586        1.3871612172249603        1.6643739371840132        1.5161508487946642        1.0377656760238385        1.2301247238436401        1.3903764964461378        1.3659109807625045        1.3623355790530693        1.2937398853850128        1.7368171259230545        1.2140445127407689        1.5090390263952209     
  0.27571867152021462        1.5890209778928768E-002  0.15617039108090291       0.28476269754405226       0.21960805778876183       0.21696373856524009       0.13621751872070240       0.23280240524562695       0.65582246047360981       0.31856285667109097       0.36099516798776493       0.11526805645532232       0.24081619442563640     
   1.2463185990222516        1.3342479426914766        1.6107222079251520        1.2786934480275163        1.2090786589490983        1.3393733337541023        1.1572460439369996        1.4498102257617760        1.3036779173789226        1.4834311732705239        1.4269929704246371        1.4966736673051759        1.2227981219066755     
  0.28977402059446788        1.7536006114160830E-002  0.16928312089298650       0.30106705975279219       0.23384757012862342       0.23175404281894704       0.14485022264476696       0.24888918874985613       0.66584396912949662       0.32568563078766605       0.37426310849317607       0.12561242684414112       0.25738234921639391     
   1.3490162089293010        1.2067620346576495        1.4362664072591464        1.2631725695843827        1.3888957259035268        1.2692115913845166        1.4373076102437781        1.5261949103217574        1.3356217265924049        1.4234714260158023        1.4582823269719634        1.3401974490875641        1.5233134159038300     
  0.30119143145730981        1.9333066938894999E-002  0.18227142331528853       0.31662297469742595       0.24961805490435143       0.24684975997347336       0.15339131200240783       0.26363129099457666       0.67558110765152690       0.33272336996915708       0.38669874343267141       0.13685801636995007       0.27453069476291464     
   1.2124471519054232        1.3544828839764744        1.3694967509323490        1.2850657117370616        1.3471613600450487        1.1285219306676726        1.2046766349490154        1.2230730652606558        1.1882332294387821        1.5170208909938676        1.3381815803333454        1.5701761161767589        1.4774274080130898     
  0.31230395836139668        2.1255163056913055E-002  0.19507992608684976       0.33277966727398128       0.26625682647557170       0.26215716806499723       0.16145386057163688       0.27801134601548078       0.68569091760532908       0.33918436848095340       0.39927923264209131       0.14789783367501388       0.29325363463028103     
   1.1720472468250660        1.3841637538471607        1.5065935604092353        1.2687504884477188        1.4623323396303118        1.4306250853423119        1.2647069760029270        1.4790880218993268        1.5247386100101974        1.4717501816334815        1.3990599603986218        1.1903732955126283        1.4791933935924138     
  0.32448208957204377        2.3552021954045585E-002  0.20766955399291354       0.35013315499202718       0.28204965283373978       0.27850712060821226       0.16974002616625755       0.29248699795519079       0.69571129780232499       0.34537525272981773       0.41258939884753393       0.15979311305723040       0.31199936393111821     
   1.1765040806496179        1.3490917192147396        1.1927753765048505        1.3460234447078485        1.1882574212954480        1.7179210908311540        1.1064877728653240        1.3224117538975371        1.3821533622383668        1.2879227845257848        1.0792326279745943        1.2233873330520784        1.3111463478626686     
  0.33678700313064591        2.6070495656721645E-002  0.22032446773016112       0.36871769713777935       0.29581755818306954       0.29631760240903537       0.17984417377719561       0.30800323944320163       0.70482023246131875       0.35162907610311311       0.42669804966498909       0.17231185044777306       0.32875962042045981     
   1.3751017812580921        1.4729027731385251        1.3521496481280588        1.2760289450094420        1.2863555666934043        1.3617377359121694        1.6382024794832291        1.5071855014628868        1.3092662294247595        1.3478359025097408        1.3819160889078088        1.3065481831829611        1.2626820538544687     
  0.35190004527195778        2.8726905497720223E-002  0.23312976520680270       0.38797198775769604       0.31075242404440684       0.31478858569113560       0.19027289627513314       0.32369424738567665       0.71340871103697290       0.35793958590574354       0.44088461255615724       0.18546050870913824       0.34578993074875802     
   1.2835493246260981        1.4518386735006450        1.2766281688709737        1.4675944514271220        1.2074359849942697        1.4033878899955696        1.6539858503738840        1.3126309241096137        1.4502256793727093        1.4137695080605468        1.3037807864692375        1.3643585228721036        1.6064958136057037     
  0.36791684404762615        3.1546204477581004E-002  0.24597132891377599       0.40703436149844102       0.32564242640702518       0.33229886843403250       0.20019158857634950       0.33927523011066035       0.72155967078461070       0.36349302541649198       0.45518899195741125       0.20017816775644900       0.36168112912711070     
   1.3482453967565926        1.2301116746195633        1.5569709065279840        1.5727951922165140        1.4638488012623905        1.4968598252747940        1.4212654443169728        1.4898447468904732        1.1594416874284594        1.1503578033632476        1.3844670133108874        1.5119262768369197        1.2389764801533316     
  0.38319650717211323        3.4670065386148703E-002  0.25922263927095751       0.42559418558895118       0.34141789261075506       0.34958552757248251       0.20970532263766614       0.35537057636346908       0.72949058546202783       0.36915926783958686       0.46972122030861446       0.21412094733118178       0.37667096128402705     
   1.5053227520885077        1.5144842604565041        1.4004005694809250        1.1547788732601592        1.1750832302338434        1.2084624627970051        1.3458570855174992        1.4552258718614210        1.3422607197047218        1.3091059382573336        1.4260503060581335        1.3468921231396938        1.2658501481942273     
  0.39750606949753348        3.8048755976236526E-002  0.27281747465040418       0.44346321163097308       0.35861993071387188       0.36643044966702221       0.21916142715199213       0.36828327396757815       0.73699963916678024       0.37506604804746724       0.48442077298638553       0.22740177469705516       0.39141981994194086     
   1.4643892733198212        1.2271138557891106        1.3536395373763874        1.1765439394946904        1.2421003072073487        1.2826486837974371        1.1319732393771302        1.1593260988606913        1.2578604118315293        1.3023066201912950        1.2547612172198557        1.4373032339899237        1.3429760531236230     
  0.41027242058196206        4.1679514692002088E-002  0.28597375647440920       0.46119635241848750       0.37513758948487941       0.38314232012618954       0.22855579666572121       0.38193556937800482       0.74436915872312515       0.38103759974557683       0.49984783289755641       0.24070032819857901       0.40620020153571851     
   1.1552611502032739        1.4806366921968774        1.2769774045883728        1.2751427856454172        1.3470478290702173        1.3690346093923578        1.3968364666728694        1.3306948721936629        1.3765197907023554        1.4465936242566093        1.3204066607918030        1.1485817668345724        1.3083611779233419     
  0.42316664698233369        4.5402165304102043E-002  0.29682529938074637       0.47857120880109588       0.39077155345559073       0.40122693654725078       0.23830352352821621       0.39431404866946129       0.75242523805486150       0.38709011770354890       0.51652285606862425       0.25607248790184062       0.42074896054959304     
   1.2614692899344579        1.0795933996648355        1.0899904299998109        1.1858839516308191        1.3209163970148403        1.8917965799974905        1.2805274983596726        1.2006256490890030        1.4183414258478508        1.4822044223336768        1.4123065898930001        1.3167653577602509        1.2843186988345532     
  0.43800752774652724        4.9490216431712197E-002  0.30834889927803028       0.49530131174633280       0.40646771075957328       0.42016915941945776       0.24839164376198322       0.40688986374444236       0.76088262318511535       0.39291417214255397       0.53145012892236032       0.27393301710120327       0.43487013139889513     
   1.3838447364391608        1.2431643249382855        1.1792374367318792        1.1173601699764784        1.3393152068715883        1.7109961924402264        1.2335152573654300        1.2196422887641440        1.1275193064391398        1.6877048829516486        1.3412710584381369        1.3657452716483300        1.3311639689631165     
  0.45400559488379150        5.3447083076200178E-002  0.31924699077903207       0.51137762384393726       0.42153934211298827       0.43726583698157934       0.25863830768325041       0.42196851439063027       0.76903104095969566       0.39874750250857888       0.54495743945909458       0.29260123386810177       0.44817414251878396     
   1.2922502619665879        1.2514678986044638        1.0670514138294174        1.4668226781387326        1.4505552419783379        1.4901542557268226        1.2903831748843428        1.2723137236099527        1.2465389065552073        1.0937694943827332        1.2377970977281325        1.6569716165155497        1.3120412749955714     
  0.47008224393588011        5.7824052736914086E-002  0.33123099150765717       0.52644590913554534       0.43973071566635602       0.45267693251601882       0.26844107052641952       0.43650564180615270       0.77645643666731756       0.40509012370267672       0.55673663676525775       0.31116693103944376       0.46359376598945728     
   1.5158693527770861        1.3669288584489077        1.4618300403672992        1.2392661660077362        1.2790069996387667        1.4305817219433623        1.2068078749461522        1.2537981601118777        1.2336237587973926        1.4212457168174983        1.2919517626677186        1.3901723796408016        1.2955124038067884     
  0.48511597093979153        6.2343650708323088E-002  0.34608515435503345       0.54187966318631164       0.45554987743269304       0.46734782926395291       0.27830547415683465       0.45142517300235929       0.78283156045607749       0.41186906592896461       0.56997310624048614       0.33085261213292183       0.47898199732814456     
   1.6501312733040427        1.0456276588744691        1.2982745172828423        1.2997723131810395        1.2006735310661893        1.4432371971078068        1.3265378272682455        1.1769483006714980        1.1792280486555433        1.2445301546823286        1.5568114501763073        1.4673893335100505        1.2670827632367085     
  0.49866700120154328        6.7656312110549330E-002  0.36137657451547084       0.55732184621457315       0.47200752106172933       0.48199424312488548       0.28822765119462995       0.46627493310638557       0.78902784292984995       0.41893626437231790       0.58230831080937362       0.35119068493214745       0.49473758135891066     
   1.2943411469544828        1.1963199286985269        1.5624871030488894        1.2117110430167906        1.4237313324130856        1.4420826628379826        1.1312203399987140        1.2403075552213474        1.1868645695775373        1.3540074244879401        1.1174443096046973        1.4627680110508885        1.4672614954617043     
  0.51307395731798067        7.3405062400091176E-002  0.37713365677540794       0.57198940879807181       0.48415449552164702       0.49859813018786570       0.29882552424489173       0.48205684439737562       0.79555360529126606       0.42671632858671565       0.59737394924902532       0.37149941028656647       0.51049088203370208     
   1.2710852460198250        1.3740197847846658        1.3588349294991178        1.3838555386461946        1.4301114050533588        1.3486539759655667        1.3669563844793280        1.3076776221909663        1.4575550501572299        1.2463096194311345        1.1708929846598821        1.2517473694602008        1.4643096293458371     
  0.52785264051242498        7.9398003157935215E-002  0.39361923231639934       0.58615251224609832       0.49632899249099255       0.51558745327250566       0.30972997297169186       0.49942954351544111       0.80204309603433022       0.43470735958528112       0.61459563955715768       0.39216398355567755       0.52587942779099717     
   1.3383945030599622        1.1724935878630762        1.3240385283887788        1.3737258000108938        1.2230958644248504        1.5172329875594823        1.2986297932829376        1.2341823563056113        1.2654141839838902        1.2571072004334261        1.3993912710743683        1.4179115394022992        1.4645144895867630     
  0.54343360799683016        8.6331431862652394E-002  0.41121101164616553       0.60212574322253742       0.50928917709790256       0.53213354199645413       0.32131197074119044       0.51775496412811906       0.80854505528794351       0.44257118570583937       0.63107355926276865       0.41295973632589605       0.54108302859888058     
   1.2995852304249487        1.4943483642763102        1.5487571918228114        1.3888968571350413        1.3426126285433682        1.2694817239002905        1.2420345048357389        1.5107942505947498        1.2225620223342946        1.4697760942314564        1.4123174326490131        1.5792626517748209        1.4656071067562650     
  0.55798860857473287        9.4481899871976888E-002  0.42838291223007530       0.61849611581350972       0.52383218446073965       0.54829369900548919       0.33263019797111176       0.53559902353921496       0.81511383579461438       0.45030674496579115       0.65104029777258876       0.43362500974460655       0.55638569633113577     
   1.3339418737682482        1.2079461810800105        1.3408995689612475        1.4923016230697037        1.2050308101196774        1.3182449776595844        1.1802133908529220        1.4836311492140077        1.2018619544852984        1.4120002864767434        1.3332184397486253        1.2616244623613919        1.3631234096695644     
  0.57411854596251644       0.10268839426088572       0.44524389483069465       0.63385257074794921       0.53873278510411682       0.56412995291553814       0.34365691389390768       0.55190727017233676       0.82184912092096785       0.45778328458083523       0.67129125714728355       0.45319570826121608       0.57092954696119369     
   1.5034642019695061        1.2813237931970143        1.2797594252269171        1.2859859884901050        1.3343206503368064        1.4279059443725586        1.3025394806303043        1.3294625921488119        1.2779284673827878        1.3161157131404411        1.2009859983809130        1.2087460927094782        1.2854210696031980     
  0.58998050945815184       0.11085267315222404       0.46189201671074415       0.64892102880843994       0.55543487801325042       0.57965375691487586       0.35516940269909997       0.56754237284507325       0.82841398856380577       0.46503644494936053       0.69072413306273017       0.47187140443109965       0.58447447697364419     
   1.3018192752747364        1.3072496754290186        1.4206665225005206        1.6564019382026651        1.3123624639605673        1.2547882763569471        1.1031485318629533        1.2249692643752332        1.2559486095599124        1.6185361933009055        1.6355456256280418        1.3674500096061708        1.4257075661711713     
  0.60544025542959801       0.11908942731737554       0.47868306505695041       0.66228761205264663       0.57268957225884731       0.59537205853652997       0.36750109943351100       0.58227960159977687       0.83456866996494472       0.47231008180158529       0.70923206703172170       0.48980271809824238       0.59810194852524456     
   1.5060230262123917        1.1224801939608260        1.3389443939384156        1.3154921486977902        1.4752177841583864        1.2311973845879784        1.1897948544313786        1.4398596323036201        1.1220387578374422        1.4734665981378596        1.3402622906849568        1.1596662260434705        1.5713851325413268     
  0.62135834306339621       0.12767166687364884       0.49568106605667894       0.67593819565891167       0.59041100604743291       0.61070913158949758       0.38060764003869652       0.59664925524391565       0.84058146481726215       0.47991311053782615       0.72516427767323866       0.50755468913782642       0.61285025109803692     
   1.2354082909249500        1.3015229795095438        1.4115470342629730        1.3374346456410351        1.3537272875810367        1.3860828937183256        1.3962788184769070        1.5178226166746356        1.1052521537591873        1.3706013506226928        1.2504494554937020        1.5165220381781535        1.3436102844808346     
  0.63721705503619064       0.13747715689976511       0.51235772105572419       0.68965003711448525       0.60875211046073263       0.62419685267564029       0.39429176664079674       0.61223407737423530       0.84653428012540599       0.48770609526089054       0.73968750506344294       0.52456576131917776       0.62935451197127112     
   1.4238549019791524        1.3617210227275975        1.5072244098328602        1.2525199849570758        1.7738592504422315        1.1475930077174392        1.4647018966258636        1.2268126237654251        1.3093842498427317        1.2898040329069902        1.0150688212161860        1.4153027671351350        1.5852958436855540     
  0.65342330501243784       0.14876090489776386       0.52916102819408362       0.70279530106228127       0.62643562382233309       0.63535629613672329       0.40820723735204834       0.62901425706921221       0.85274647007734228       0.49540814607808326       0.75401830559499805       0.54223784912725903       0.64608394941451586     
   1.3398109682818400        1.2283670525924648        1.4659403038180165        1.2936197129881668        1.5984261902034262        1.1794378822066540        1.5162088394571016        1.4373624819860633        1.2063075642358883        1.4747122176767893        1.4696103737246569        1.2906774746939054        1.3877789961720954     
  0.67063701531898912       0.16035208098276130       0.54699348132237968       0.71920405549588728       0.64328799011137450       0.64608679493047150       0.42256120949107201       0.64602611057445236       0.85920404660825100       0.50321311961273762       0.76839262009317966       0.55944973347196136       0.66290957575507536     
   1.4585981515998649        1.2232445254548778        1.5272593399836467        1.7339357130773749        1.6024573491794778        1.0552465185869118        1.4592927194498218        1.2915108385119987        1.3735858908454652        1.4438503182093707        1.2817291923168594        1.4783853328339280        1.5747799277723467     
  0.68708532102178022       0.17185360837831470       0.56348590798948761       0.73146841040155552       0.66014165775117672       0.65688271070409832       0.43727323569935839       0.66390227626539333       0.86559135079456073       0.51104211962018908       0.78392839368549228       0.57576604013441057       0.67962415613997473     
   1.6483133599607669        1.3157147767460873        1.3372241126163456        1.4064787581020917        1.4317940166707666        1.0511479313518657        1.3697697513838398        1.4505709344215569        1.2056215713876188        1.2102231933003602        1.1518019127855310        1.2910942462508801        1.3675639667301878     
  0.70372006340835436       0.18345535611693450       0.57952247183964867       0.74257607821626526       0.67783892852338934       0.66873753571039574       0.45201144141567107       0.68230777148893429       0.87159901067886048       0.51958239476224921       0.79879432004003703       0.59316598053541869       0.69586343781726401     
   1.3261221808529442        1.4041209204061944        1.2155840642227707        1.1398934156273763        1.7328630010615351        1.0855916857208541        1.5947216416503238        1.4949395250768411        1.5594810389514928        1.3845032015234597        1.1519185623321531        1.3735678215718499        1.4461936295489786     
  0.72015732581429481       0.19707928720527079       0.59559329570087083       0.75471846038780488       0.69627139644734748       0.68357984097632307       0.46637081669032121       0.70094601775576215       0.87748421904483243       0.52869059136955099       0.81269758563471073       0.61065455512224609       0.71150353727363647     
   1.4866266641762762        1.2510956662684742        1.2879099971727430        1.4254019533740523        1.5204739417568851        1.2491590928936696        1.4118140972003288        1.3444177411668330        1.4472860498555191        1.3193507735830288        1.3536000138353159        1.2625199205635287        1.3684895110038799     
  0.73656267019438892       0.21287849639552175       0.61185975435516959       0.76569806714951416       0.71389562381965677       0.70013303703803231       0.47989107085420751       0.71949122572353641       0.88322286701388153       0.53721361718983751       0.82366102836268562       0.62861760608712558       0.72628573053055201     
   1.1278877575704436        1.3364751458901107        1.3517124501621096        1.3234667852889705        1.5489022624160464        1.4068636250149906        1.3358819741454899        1.6175953198327355        1.2798196209013526        1.3407742395223785        1.4846529138737836        1.4866003829889007        1.1647801815247805     
  0.75026959833290985       0.23158646139666370       0.62802601937995939       0.77794223387019312       0.73139842823990953       0.71683512057303977       0.49432244861099178       0.73729596204650794       0.88891747176415781       0.54529548622442314       0.83558283641883890       0.64619412771384999       0.73991367823720733     
   1.4137894537090290        1.2752443355805716        1.1487986821208414        1.4642879574774958        1.6637309091855097        1.6368583862958965        1.1891304282834481        1.5165177027576739        1.3917732806973191        1.1620563839844924        1.5203082801066368        1.4300769358410819        1.1746140291713687     
  0.76397800889507816       0.25145282029503824       0.64318784936068840       0.78926720966687758       0.74825293740317456       0.73386270011893662       0.50929235092982106       0.75283623662924859       0.89492046521792912       0.55380808338832077       0.84791639591994095       0.66159291250211727       0.75306351247665204     
   1.3728595930713663        1.4996821922656935        1.3796327273602815        1.3267784656156250        1.6136023466121379        1.7528005491178988        1.2682471429801390        1.3678999453708323        1.3528292917354920        1.4309967668333312        1.4318277535708999        1.3249022498055458        1.4546201024930761     
  0.77722076439593135       0.27478712063615723       0.65646991116135112       0.80248973375028176       0.76496430350467448       0.75088308565966699       0.52439044973536619       0.76687530414305538       0.90067958560246908       0.56285894954080029       0.85919443908372251       0.67557219772653643       0.76764629201302403     
   1.2699062666288778        1.4754057452412890        1.3127591858093486        1.6279442843496565        1.4414298582993641        1.5103297172890657        1.5012208596495149        1.2821947088413939        1.3701701615299209        1.3594152061977340        1.2862205122055184        1.3648859777867095        1.2236699407670359     
  0.79245888041601520       0.29603395630721718       0.67063487584139436       0.81460278659672058       0.78179196281532126       0.76708131175800254       0.53997705002486351       0.78071235882921119       0.90598927752836689       0.57240929676253027       0.87005151554167004       0.68953806092086889       0.78356896260178588     
   1.2005816660325004        1.3344900096922097        1.5734051656501200        1.2899045142149319        1.4696030721628950        1.3089263053596958        1.2253356079804376        1.3607349304449838        1.4688678419937560        1.4914034112578221        1.4702645325998509        1.2823925784092129        1.3493287554450242     
  0.80850110757557891       0.31812698346325907       0.68528966710962513       0.82766408242547773       0.79774997625323574       0.78366484040780771       0.55507415933477322       0.79543825430691939       0.91122315095512141       0.58173340417812325       0.88038879200468212       0.70598020597848155       0.80002994715581410     
   1.2833170412633637        1.1983739820168193        1.6489541379994468        1.5766231540466884        1.4209796768598142        1.5054970062315716        1.0632427011838326        1.4350792854114784        1.4770615107002505        1.3168300521480703        1.4396180545355646        1.4775427941798109        1.2274626761609166     
  0.82377952626488615       0.34184236609391710       0.70161932397412852       0.84122349455020740       0.81261998854864104       0.80065323072312833       0.57006697217722391       0.81153465672085390       0.91651291979215521       0.59076584257880493       0.89076624048064823       0.72642695443288063       0.81751288821775636     
   2.0147024267502807        1.1537954650948190        1.4279783930467973        1.4716364656075653        1.4452188936594319        1.5061895036385722        1.3089459341060568        1.6571793000025512        1.5185342038981771        1.3812023371537265        1.5322146819887048        1.3729043350059262        1.6527569071017645     
  0.83898577937680874       0.36759545454898346       0.71863807303141070       0.85531069098861823       0.82894243874849660       0.81728183109506014       0.58539903760496115       0.82740670381161341       0.92177345765745333       0.59959511279434019       0.90107313797342847       0.75116660362671150       0.83156224698444636     
   1.3623213042343787        1.2238641530043428        1.1821944942165461        1.3772670820528190        1.5279806115123842        1.5163710765074516        1.2190806438903676        1.2455425049574660        1.4285178488518486        1.2545399447791359        1.2486462733349111        1.2580099136149283        1.4301304883463501     
  0.85452877516985892       0.39609876080019385       0.73690382583264258       0.86662883981063277       0.84477453080263465       0.83357063058103154       0.60301307713546082       0.84357085342144056       0.92710333384120336       0.60867473879735123       0.91235685798361610       0.77757344371117398       0.84473843650836711     
   1.3718857591461071        1.3698508658367681        1.6212647500300845        1.5093497682937758        1.5418693560094716        1.3286795903206521        1.2290242692211248        1.4725226112361505        1.3518901997735830        1.2005327432308026        1.2589410484832706        1.5006632879642274        1.1603248192565336     
  0.87032645889376159       0.43362883467403723       0.75471390607696565       0.87797717120385932       0.86128225580341822       0.85010022673178098       0.62585110156987156       0.85919375822164124       0.93226528188517588       0.61866772390656544       0.92336786957120365       0.80327682595174388       0.85771975176588489     
   1.3834326666385517        1.5078821388175316        1.2831140204300626        1.4898332080045076        1.2700849702074408        1.5145651801269364        1.7662056065061651        1.3824688507667069        1.3172169493803467        1.1028187934641829        1.4933742200753708        1.4510001800755403        1.2387547438177053     
  0.88649720417160582       0.47327885137282361       0.77424854927224596       0.88863258007751655       0.87933336461176526       0.86724952759698715       0.64897261515173410       0.87638187933462308       0.93759864458968478       0.62918885089582632       0.93162910384342357       0.82774966516865156       0.87197416287925145     
   1.3180507663611833        1.6283897225468804        1.3370697523003150        1.4608455123786024        1.4013698531673482        1.5247620122832450        1.5693954810872097        1.4584226559051190        1.1819822018716670        1.3454914775347755        1.4038001612252491        1.4805487606810124        1.3592662387674641     
  0.90290448760851005       0.50897888827493876       0.79687546304322299       0.90182445224889107       0.89596681031647685       0.88414433436804973       0.67236337155376025       0.89416467524267440       0.94361738370178416       0.64112164092324386       0.93927782733797494       0.85003690285778466       0.88788511342316467     
   1.5445126496396659        1.2499362002776553        1.3725088238964875        1.3450761755767981        1.3726558079544497        1.4118243760209936        1.3803023359827737        1.5130544962893708        1.5348620758793783        1.4709824212818459        1.2683217206622841        1.2566497145982296        1.3836428060372723     
  0.91937594664406663       0.55274982138349793       0.82043747495151897       0.91546931600926373       0.91204228502131346       0.90140424807861896       0.69514715155105555       0.91134349899718858       0.94991794759579840       0.65470796265274989       0.94640467547695106       0.87089016992929702       0.90442772019094597     
   1.4781118929305859        1.2889477269968350        1.4598998341513274        1.4751315362293325        1.4798407517823580        1.4751881398775355        1.6045241067681848        1.2169108577756604        1.4763641122905500        1.1217793984646325        1.3561203705148563        1.2204240386564107        1.5602940500835467     
  0.93536429388237530       0.60271386467773469       0.84597652965817183       0.93016021514362224       0.92819837316042886       0.91930534550907783       0.71748824719917059       0.92768670718135049       0.95579211148626253       0.67048162608736672       0.95406487901801429       0.89154784449043711       0.92047249469412029     
   1.5373672891654071        1.6595759391449090        1.5130076648553090        1.4225208043217286        1.5664071101852997        1.4876116535117767        1.2300905093515071        1.3899728746002828        1.4932910838256097        1.3930219596063713        1.6226155848243660        1.4386131560802922        1.5075387014769819     
  0.94992868463941149       0.65370040491202042       0.87559425368796950       0.94224013357214820       0.94417407602973347       0.93642360206413300       0.74182298728743012       0.94205414088755501       0.96188526203783475       0.68904049495306996       0.96288594050876719       0.91013866140788258       0.93764565504126995     
   1.4982276122027325        1.5411062655305277        1.4106882475706373        1.5930111776260030        1.3280778298510560        1.5483501856073205        1.4137426218166438        1.4241504115639887        1.3767268410443116        1.3827773949817252        1.4208244931886089        1.3733280375291053        1.4297677863979190     
  0.96310176334051134       0.71815515618699699       0.90864341476662447       0.95445993236771076       0.95974013886799481       0.95169328918616736       0.77167652219916016       0.95550789196832697       0.96786422009723549       0.71566067930310218       0.97187854911490179       0.93051228075792425       0.95408916182248316     
   1.3426073467937447        1.5028296849117797        1.6775802216807891        1.2379168649499146        1.5831219702426056        1.4031120681077414        1.3289184433955181        1.3033038991086170        1.4913502979018465        1.2855465460753648        1.7312673255505922        1.3176907744037880        1.2874993182521948     
  0.97601983971959250       0.79428264159869766       0.94093479684880532       0.96685780481707662       0.97339605404413754       0.96776973117527831       0.80949957041519194       0.96979195218262537       0.97502540146739924       0.75348713379255361       0.98071782097651650       0.95057046146305713       0.96968046228890714     
   1.3939591057978280        1.4867105458517387        1.4872964275497429        2.0272572684498305        1.3891853137643952        1.3327864837103895        1.4255888546649107        1.4984178202037923        1.6096170768342983        1.2853578313565914        1.6003241759354547        1.3491603780753783        1.2662547898813272     
  0.98727164668990874       0.88889704736236397       0.97076386789004054       0.98133374571171916       0.98685095375057907       0.98288367949091504       0.87862812353187703       0.98508802857537014       0.98591994118327708       0.83189305204597119       0.99004272347197886       0.97509053820095026       0.98539925376161996     
   1.3683831796621837        1.3177200223236183        1.3951606337131388        1.3894509598062248        1.1264757534217547        1.3799949365417468        1.5879109873358583        1.3324433831902562        1.7814165332605887        1.5688066796124820        1.7158542524136782        1.4587979506586688        1.2347921112460234     
   1.0000000000000000        1.0000000000000000        1.0000000000000000        1.0000000000000000        1.0000000000000000        1.0000000000000000        1.0000000000000000        1.0000000000000000        1.0000000000000000        1.0000000000000000        1.0000000000000000        1.0000000000000000        1.0000000000000000     
   1.4761695292837256        1.2704786654372044        1.2120369395302193        1.2381719018902706        1.2546252499266448        1.3867129692937561        1.4634562808855205        1.5417944978932787        1.2060950234653192        1.1803309239010933        1.6533328818766801        1.4272205255476660        1.3522625658252259     
   8.4275461731780439        4.6502238517373709        7.1008091865173313        10.995015447152984        9.1911295074199337        4.5613857672292317        11.546988783811571       -10.061995664544996       -9.1587086675466303        5.0889679513105044        6.7565551950213880        5.5985651029198911        9.3785815530510312     
   6.7046499899970637        7.5258995780208666        6.3239712529220302        5.7237186344206785        4.0226453238011910        8.0292873073253030        10.403996284433488        6.4188270689456273        9.3387409663831686        1.0667919236666170        5.2466876387506547        8.0969152142051026        6.7139194605076833     
   7.2231577685694743        9.0775752054482624        5.3865021318269983        6.0410574040586189        7.6611608320153497        6.5082783532721127        4.0784245979450340        13.324624354919411        7.0150736892732439        5.1400237844583234        9.6702010644502163        8.6170554770862839       0.18125338532263807     
   7.4189731853797563        8.5722129505749880        6.2609764938456252        1.3880248309202363        2.3040946267024918        8.3668303128578358        6.1957165667970031        15.822286518728410        6.0752292936374381        9.5567694947412232        5.6915868748003442        7.8143971902121381        5.7645059729122190     
   9.3470038687529353        6.6064209168676182        8.3598100895743244        9.0932904478434420        9.8415126705762912        5.3389902518944172       0.94262941648213794        8.5281901655093435        8.5259638704202612        6.5601922371490637      -0.33384989702754897        2.3894617053499023        8.1942408276312317     
   7.7258135757585054        6.3583058465380082        5.1532220652385190        7.4679818426344653        10.940877647067831        10.706690498038396      -0.59043333173427770        10.321151873354697        7.4744130075247366        7.8799160883798853        9.5948748581762047        7.3258190278261814        1.2238010314719621     
   5.8183129737685473        1.9988839319955698      -0.17778492329319887        7.8941177690698545        5.1854626465006115        4.3790218850834712       0.60700619084643448        5.3675068393937906        8.2573226652967957        7.1455338556345742        10.811443639310513        4.6705864324787472        8.9627778915020517     
   1.4795978600479784        14.022150693340830        13.286875619131006        1.1591782158790822        6.9434089700433903        6.9260245225552346       -3.2072892310019620E-002  -7.1651098551888674       0.70557376224418578        3.1817575776959313        3.3634409453122385        8.6022520297141671        6.0816817704554129     
   1.1962994185460689     
           1           1           1           1           1           1           1           1           1           1           1           1           1
  0.61876675672488934       0.22415413966207440        2.1594918687050037E-003   5.7005470286004414        1.2198730233164166E-002   1.1957581508314421E-005
   9.9589387581522620E-003   8.9043822522100625E-003   1.3217497024022135E-003  0.34495006746022239        1.3216025287425457E-003   9.8501617389444731E-007
   5.0000000000000001E-003   5.6178549985573447     
