   0.0000000000000000        0.0000000000000000        0.0000000000000000        0.0000000000000000        0.0000000000000000        0.0000000000000000        0.0000000000000000        0.0000000000000000        0.0000000000000000        0.0000000000000000        0.0000000000000000        0.0000000000000000        0.0000000000000000     
   2.1003221775401946E-004   1.3604364394345970E-002   3.9625128442547265E-003   2.8924074866093722E-002   1.7494223272491956E-002   1.2241571503394673E-002   1.4881525611635161E-002   1.7119651021622148E-002  0.15577793717642521       0.15969434547065900        5.2426132445649372E-002   1.7121093579717257E-002   1.5553035795005192E-002
   1.1460409268554750        1.2125464402465114        1.5039413326317019        1.2089621836062632        1.6277329976702750        1.2184334656277238        1.2807317878233293        1.3779879505484054        1.0553214378181837        1.2910046015907246        1.0103203805007768        1.3012026129898779        1.1960465533300049     
   4.0825759108555526E-004   2.7379847135320819E-002   8.3998357793991715E-003   5.9205604597183992E-002   3.5100630239211832E-002   2.3675469762712429E-002   3.0006619937933701E-002   3.4124309408224016E-002  0.25144279907543826       0.21221797444939233        9.7769848666505677E-002   2.5137490921005860E-002   3.1716655829488613E-002
   1.5916246849482958        1.2917291014102885        1.6124110571317276        1.3766127604422080        1.1954895876727971        1.2998455235700548        1.1585723249723956        1.4797864599654804        1.0474927093775501        1.4894998489501894        1.4015465636256239        1.0652403911556889        1.2476666270782484     
   5.9155274131210997E-004   4.3103893351904198E-002   1.2634111511821401E-002   8.5765438564810115E-002   5.1358100216357450E-002   3.5945962055291297E-002   4.5676959292382385E-002   5.1690875278083623E-002  0.32298898736827469       0.23515857354083719       0.13102382743749524        3.3413950084050195E-002   5.0118347025839269E-002
   1.4859177498600256        1.6013994296085707        1.4361991735189312        1.2334698736162715        1.5017972945995952        1.3690901720477195        1.2884703577573984        1.3303554940968392        1.0743875035315040        1.1545940659467888        1.2959282341730340        1.4766829963982115        1.3884263425059902     
   7.8813310050384710E-004   6.1884577032647284E-002   1.6772003305335580E-002  0.10844165905658075        6.6728278083577688E-002   4.9012747088610462E-002   6.1579705534758312E-002   6.9057474959778362E-002  0.37265610366607888       0.25082204875340541       0.16070123145468601        4.1896811396530904E-002   6.9089346114616118E-002
   1.5244668736278459        1.3539229820220795        1.3987463936964590        1.2798171821238991        1.2211354388273798        1.3335657642194614        1.4003828199721751        1.1481656121846688        1.8249700325267528        1.1100304522620614        1.1541083062503128        1.1924911487581684        1.3001587809709421     
   9.9515559795698141E-004   7.9497438319376723E-002   2.1238220813560645E-002  0.12933406038992379        8.1451511974893004E-002   6.2003455926307766E-002   7.7639157452497831E-002   8.3606089384811677E-002  0.39455019048030476       0.26374876711220502       0.18677100746856209        5.0017176571175812E-002   8.6946626349954106E-002
   1.9419750879683237        1.4726299750518803        1.4107965221024041        1.0976680250619673        1.1271796187693031        1.3747414195341996        1.1191681530097917        1.1056414943063460        1.2906011754033513        1.2186740862764169        1.4203071512017185        1.2662837170976351        1.3828751465605373     
   1.2386169414072468E-003   9.6541345895512956E-002   2.6227940688486093E-002  0.15004792025507796        9.6798840979669745E-002   7.4857477224711533E-002   9.3792400093022976E-002   9.9566217643823896E-002  0.41836849476720983       0.27588709522827132       0.20977376673161410        5.7208478609132779E-002   9.8280909867239447E-002
   1.4889831724212079        1.3531486920455453        1.5840448291016473        1.3048448091849607        1.2616285990581673        1.3936907070107121        1.5691911602827247        1.1674277736097527        1.4801410474188301        1.2345629821768627        1.5730226011571247        1.2117066120840541        1.2786848263294597     
   1.5484457227536367E-003  0.11362682732572842        3.1438747552399560E-002  0.17040587906076832       0.11210106227495807        8.7997381050767945E-002  0.11110820847924480       0.11527128035055362       0.44551071837496781       0.28698469678301020       0.22883098272514099        6.9309744858227620E-002  0.10834041149107716     
   1.3983474677021470        1.2365723238441371        1.3448234484730675        1.3120735723624859        1.2315082593916593        1.2301470884531116        1.2454765453491961        1.1857547590476960        1.5825416151070364        1.3702379643058347        1.2834066965820428        1.4526037829587666        1.1758195488390519     
   1.8917101432854642E-003  0.13085866611864116        3.6398176067745959E-002  0.19252126287657598       0.12730373070467063       0.10144272966856410       0.12881111139555651       0.13137201181974234       0.46845240856299025       0.29800030962362656       0.24433571771773419        8.3094363229465756E-002  0.11846313990950841     
   1.5490952324367913        1.2839125588772358        1.1184958174245607        1.3356403521642297        1.1116375726613064        1.4629657216968941        1.3007546754522532        1.3277911808798339        1.4075890141362282        1.1906959155046457        1.3970093284288350        1.5110483091348814        1.1059871988236469     
   2.2603176006171662E-003  0.14831178305306864        4.1318734333295630E-002  0.21591015649848178       0.14254046934242257       0.11496089411465477       0.14552398435356401       0.14854303535986513       0.48534539247072667       0.30797964756836360       0.25823579700183752        9.5864290268114105E-002  0.12860016930462595     
   1.3139812968093576        1.3143220442487724        1.2857158326086029        1.4150737976066718        1.6026501259395280        1.1726413453388072        1.6000956235527968        1.3304656397912380        1.3485491593297243        1.3052165219074323        1.1756507817263426        1.4380786291953027        1.0258333372242259     
   2.7251655412011064E-003  0.16697455797410854        4.6290923012760450E-002  0.23969316179167699       0.15896434261497591       0.12790624625492894       0.16200187530444288       0.16645636482798004       0.50107680839909385       0.31714182905235450       0.27069846017110233       0.10788206002844912       0.13851495392810054     
   1.6430377716804285        1.2994411860918191        1.2849200138878787        1.1382989348623997        1.1842833957977055        1.3917470312761038        1.2312126557061105        1.6059921955728256        1.4553173455414923        1.1792769566983923        1.2481560942623007        1.3632302640722400        1.2766207979843889     
   3.3032341961591115E-003  0.18472618506536309        5.1642600733256362E-002  0.26342361421142918       0.17570423286573289       0.14038056366188378       0.17857857020332607       0.18377737902720481       0.51476959116230314       0.32564201893000028       0.28216259372960817       0.11920805570945782       0.15417608766384450     
   1.4638281762002150        1.4492410003432015        1.3630647543295460        1.2692457579021656        1.3079901963299223        1.4895361060723633        1.2058344837445347        1.3007130220304983        1.5021920027091509        1.3336210398709090        1.2447102960078673        1.2914821276360442        1.2611555995207664     
   3.9543687006816384E-003  0.20174218133296723        5.7376316797372498E-002  0.28670967198165714       0.19136333217121282       0.15385389311387049       0.19639884950066855       0.20161893494889882       0.52831325053829437       0.33389439034990348       0.29347664936826562       0.13211767156856757       0.17153164961972878     
   1.3642240340827940        1.3579478320854212        1.2951476710851495        1.3246099234837649        1.2851352145396511        1.1119201816231501        1.3600928376233528        1.4086932510524428        1.2912839064874473        1.3461554869994430        1.4419946562962835        1.3948491643881873        1.2826664411152700     
   4.6426747343060000E-003  0.21858498576762769        6.3633161854204007E-002  0.30941646114106403       0.20635177596488954       0.16716580880342580       0.21430630481850213       0.21964731958403710       0.54072049542132683       0.34220973798136212       0.30525260899036255       0.14555357861390097       0.18884225052879172     
   1.5341519581143443        1.3584046457981938        1.4796899370279222        1.1804665470587505        1.2994991831144154        1.2574217046315728        1.3688953073815402        1.5637238567537737        1.5233403379620689        1.1656389185089153        1.3220638166016097        1.3192981398401786        1.2547398815029054     
   5.3780962717194574E-003  0.23432209841981727        7.0266447278069466E-002  0.33033289773442798       0.22035517925981671       0.18060613207809820       0.23090802093890309       0.23792934875155999       0.55110630636016489       0.34956370432293038       0.31750383856694675       0.15969671983226075       0.20666617365766163     
   1.2783735900558391        1.2714799232636316        1.3713684346429109        1.1970020704094217        1.1659176205727433        1.1985836987256522        1.3786118639118212        1.0517208262455739        1.2413576807012292        1.3948598146930902        1.2431570832676102        1.1894677722683811        1.4874961218960694     
   6.2001794255423922E-003  0.25103286791517232        7.6920108354578354E-002  0.35102771576191155       0.23440629258711021       0.19398971975106738       0.24666915770994036       0.25508302763530805       0.56051480192012604       0.35441513346549358       0.32855927236758387       0.17343181979331526       0.22436907419638566     
   1.3280939658728717        1.3108257846414808        1.2659916129434365        1.3426339396945184        1.3128155812558573        1.4839116085061017        1.4788170800628286        1.1438499535895721        1.0143129256867112        1.2225040506792948        1.1640064361005251        1.2859188253370377        1.1920772239467858     
   7.1288905285964961E-003  0.26800507959593212        8.3684455135346128E-002  0.37100460187880696       0.24869827100318020       0.20733093029459662       0.26242761670244158       0.27194529141144036       0.56975079856085109       0.35908802535549217       0.33888011190608991       0.18704250154327406       0.24317749573965369     
   1.2473697577909342        1.3740132511212200        1.0566638292457899        1.4007077486361743        1.1505590202885521        1.5107668843509794        1.4067783010428652        1.3557852924015465        1.2932808648349303        1.0575499962109811        1.2960449546023920        1.4082668395194096        1.4143423199947953     
   8.2989874573707635E-003  0.28596603012969163        9.0873091887898369E-002  0.39020733560513343       0.26252057260265155       0.22051348261421821       0.27916944520313114       0.28922080897454822       0.57978368337163233       0.36379084442758675       0.34932505086111421       0.20084376557038461       0.26092391628236333     
   1.1090219035252697        1.1434854783172659        1.2474660419341506        1.1550976116949485        1.1963172162444378        1.3969364704755658        1.4899614042048426        1.1664645236481157        1.1974570343764583        1.2921424129540136        1.1706778075648654        1.2639307764982990        1.1783986449002024     
   9.6251237995310327E-003  0.30467129028849016        9.8694806270937463E-002  0.40818708907688805       0.27358184227034715       0.23386958628478272       0.29413093977261417       0.30583286257756243       0.59043257962452356       0.36823136151641761       0.35894102900018698       0.21451474231188772       0.27796025274088182     
   1.3989928461740746        1.2937826915807282        1.2187760030112935        1.2200251086347726        1.2055632964164607        1.5455972192539247        1.1389651696991641        1.5230406932961407        1.3379467818838127        1.0616693337026379        1.2977747474241110        1.3476077069102126        1.2758178364552257     
   1.1333686017579930E-002  0.32291586735326461       0.10741971968094648       0.42472681073320934       0.28063088151342747       0.24843154059356456       0.30807793779061948       0.32229145775545553       0.60063199530588940       0.37278596302404088       0.36989182946015681       0.22935664228004596       0.29449459395369626     
   1.3877819164494023        1.3758076069394212        1.5615424963357813        1.4327312027640546        1.0772412302250742        1.2996088339290297        1.1889632485959813        1.2971236798258960        1.5175365854097715        1.2035543892164107        1.3663594448577359        1.3148214648226659        1.2673732201317125     
   1.3292362212072258E-002  0.33951383504100674       0.11634907830319134       0.44206550248100696       0.28784629844538795       0.26411738204594298       0.32144855470852102       0.33796206683147650       0.61026661206604282       0.38068690983223719       0.38252132025258417       0.24189960021502482       0.31150382235314106     
   1.2359836742201038        1.4331005815135633        1.1953155290710977        1.3446452385760650        1.1143541793113183        1.1431993624582661        1.1834320543937569        1.1948131171922840        1.1825028385586984        1.2989160836327565        1.3510696362106402        1.1663630385812866        1.4352465957064098     
   1.5399299824770722E-002  0.35448289335068739       0.12497112883626181       0.45999170015995500       0.29529353525558177       0.28019991570278785       0.33516035842968583       0.35395090886835828       0.61998617124562994       0.38765421205641698       0.39673729768881133       0.25441423001506475       0.32848091732113749     
   1.3108156241057671        1.2343579798021354        1.2204190392148515        1.1551656489563926        1.0315461050700805        1.4870026908954788        1.1381013815670129        1.4101772581938445        1.5143593916537770        1.3764643455462304        1.1872405009029074        1.4396735735259822        1.3254919144726989     
   1.7704869970740788E-002  0.36691253322004791       0.13365401254055209       0.47596088941105630       0.30257726365470428       0.29366162140543145       0.34970883973962652       0.37053127882296766       0.62959732747206087       0.39434217891709561       0.41079766017954061       0.26727249546670756       0.34491860434707011     
   1.1837490008513494        1.2713139861603391        1.2529007898923230        1.3723248561456838        1.1558393048741551        1.1519721476170393        1.2594908134422391        1.4047022620295408        1.4255724284203006        1.2805925202703794        1.3891946071452044        1.0840354078433052        1.3379505622082919     
   2.0173722364914343E-002  0.37598603306509676       0.14338310553001005       0.49146354241614865       0.31781828744847296       0.30252194788235137       0.36373521271101822       0.38782458119213492       0.63876053100113872       0.40094903647557839       0.42490004793776842       0.28185932787045848       0.36105116628826589     
   1.3273194672665563        1.0051788921346725        1.1717913352945775        1.1163738084262655        1.2954763126853706        1.0993738192019582        1.3230547673654161        1.2845679941698480        1.1659751859812610        1.4125392264386938        1.2410310995902087        1.3410142446057598        1.4587409356991443     
   2.2893562019050330E-002  0.38623232256434314       0.15427228296076315       0.50831576371625409       0.33402903951858720       0.31164764719778887       0.37911532876642656       0.40468142998111545       0.64740418510725894       0.40744539700551602       0.43886660749266099       0.29694425015648118       0.37696351922041937     
   1.3248992115984903        1.2634883998496607        1.0722046777567493        1.4349898285610831        1.3347809241213138        1.0900015660782429        1.3609681050174713        1.1865499454203852        1.2371173600372183        1.4028247056654219        1.4556186175898815        1.1557641064569437        1.3056641706510170     
   2.5798064445407252E-002  0.39634093598434633       0.16561134628094840       0.52602630163174036       0.35169762956192141       0.32080881999665095       0.39444558147246411       0.42046423169271963       0.65584004454818356       0.41382661627806000       0.45290215583742527       0.31124050961288818       0.39273163804230143     
   1.2429621378268882        1.2168594804082640        1.2583711855950115        1.1356780392486632        1.3693011788799598        1.1956479893433289        1.1366645687035890        1.3429673175276107        1.3251077728519576        1.2674167864871562        1.2465618923009207        1.3981208061262793        1.4565511166510137     
   2.9428279122679868E-002  0.40548603510578413       0.17736240534951492       0.54399747491487316       0.36809415468632806       0.32962267149033975       0.40975963485594014       0.43559288059848755       0.66483956314855486       0.42043036620238783       0.46725480569245864       0.32584678586605859       0.40750392448271572     
   1.1907897390455509        1.0381122319463560        1.3223440317265469        1.2605649387093976        1.3274837266836668        1.1358571012239711        1.0182619585291126        1.4380339660134653        1.3368080664746551        1.4788192324871310        1.3832961022586221        1.1337989708125982        1.1635946031532276     
   3.3731721055502664E-002  0.41531017104463308       0.18991225932906791       0.56213809243540624       0.38384430112729673       0.34155003380323645       0.41932157723847063       0.45011471111142937       0.67396213204806765       0.42711443564714480       0.48148562793445687       0.34123982090619914       0.42130479839408047     
   1.2602724763299329        1.0435352436184426        1.1264505519955781        1.5502228012001156        1.2845955783898275        1.3274889165385844        1.1328540532624585        1.3677998874384207        1.4364850159954727        1.3866828995656306        1.4360138803448499        1.2028125859902559        1.2133207981588989     
   3.9143734996532266E-002  0.43211419596797529       0.20285905216984898       0.57466744337410824       0.39928132059374832       0.35661984541103120       0.43034757397324452       0.46428185795781046       0.68269535146047511       0.43364957543695326       0.49563150354733371       0.35733343894400277       0.43503301898005309     
   1.2283284504639524        1.2823975542227080        1.2393791489913104        1.2036606045293146        1.4579698923520570        1.1931670859243197        1.2517661075400379        1.2822242762806446        1.2030826080606267        1.0916446746050650        1.1520907123722446        1.2216140365489425        1.1804690069712824     
   4.5350893746148320E-002  0.44775514917258957       0.21572032484122602       0.58407129373301103       0.41533885620238475       0.37109426039399773       0.44170315479489214       0.47899491682872009       0.69097518466528807       0.44023865806973589       0.50957831140072074       0.37390267912448588       0.44969995177905253     
   1.3109986127437525        1.3375554934705616        1.2431506392511025        1.0238684589038489        1.2461003316233790        1.3270463596444808        1.0380174586267907        1.0800583006169922        1.3860630533257945        1.2048796423325838        1.2195189292420248        1.2998709003432358        1.4493795199899706     
   5.3397059814061988E-002  0.46265489001606391       0.22834860812299293       0.59423422317775076       0.43236089337250805       0.38623461133688669       0.45093742052190294       0.49363150520201327       0.69905753903441858       0.44670447701460031       0.52406540671082225       0.39073975818069007       0.46559020999435763     
   1.4236719900214578        1.1865751508568882        1.3381468281541382        1.1752957292510455        1.3459395270468781        1.1809339610204710        1.1724992128423879        1.2851355335809476        1.2383388900047876        1.1926187438684264        1.4697367619618313        1.3529315716966523        1.2457836701314129     
   6.1859172890776186E-002  0.47703224639364550       0.24015137569449430       0.60431726243206951       0.44935844379270046       0.40213284144020678       0.46125483757643715       0.50881012743911647       0.70717130592892830       0.45342934214388636       0.53998703114872049       0.40744836027712256       0.48118765691224263     
   1.3645594771426259        1.1982670728180331        1.2872926059590457        1.2181057882248674        1.3051980198879545        1.3128637348284209        1.1461898619634829        1.3616161926910282        1.1750439727658639        1.2878527984571373        1.3106230804051087        1.3048033125768999        1.3208806389803973     
   7.1604198966660662E-002  0.49227358673622529       0.25024255707842569       0.61408830467886066       0.46661922910020537       0.41980615695828605       0.47538129972165410       0.52340886873198622       0.71522579876054548       0.46003287922575775       0.55698418323535737       0.42293085401271646       0.49596966775807411     
   1.2282150568920018        1.2785147754904975        1.1123218513298134        1.0937519478827460        1.3894534247057739        1.1460341359117370        1.2117026234159622        1.3209489261789034        1.3731874471259491        1.2258585450639781        1.2871118835282898        1.2531338211672061        1.2536803969227153     
   8.1232004172300434E-002  0.50940755758159317       0.26247931694321158       0.62747305032090717       0.48417690741275288       0.43868500050222559       0.49076701631536135       0.53879428158596321       0.72347024068495536       0.46625516051783544       0.57473222126497292       0.43806059641369000       0.50654386320295286     
   1.2562322159519745        1.4166411109063866        1.1444672686015451        1.1357559244502902        1.4595042701340868        1.3165336986249396        1.2334063589511521        1.2811851214481607        1.1422159845784372        1.2363488005075882        1.3311021336126230        1.0544103741044493        1.0564972169812248     
   9.2232923752046558E-002  0.52641328753413130       0.27499983329204897       0.64410944933722336       0.50253146469032794       0.45749618839689105       0.50647697023631710       0.55489720174803170       0.73213025884348459       0.47244127775848926       0.59127451912606799       0.45372147405171526       0.51762565018461959     
   1.1274233421029478        1.2649606552803754        1.0433539788798187        1.1598641848421569        1.2838556314401073        1.3641041234568985        1.4623808588932516        1.2227466440724102        1.2622986435307526        1.2694688117299200        1.2708045613325125        1.0934999883651813        1.0517428810324814     
  0.10451696443633685       0.54447933756861322       0.28688069499838714       0.66043448579006592       0.52156676328741181       0.47698737024175031       0.52305097325336947       0.57090707462901635       0.74069022629813674       0.47874733654744384       0.60749762591389889       0.47043278288053153       0.52885599993871557     
   1.2581381413207531        1.0716186723952983        1.2004365186765906        1.5261854173475147        1.4404925729099070        1.2933576270088127        1.3099513633560769        1.3478732235858417        1.3022286600481854        1.3081290627457389        1.3469363019261678        1.3333018035265713        1.1426285429900571     
  0.11808056862318142       0.56353106301958178       0.30178745606821095       0.67638168667792609       0.53963841557171921       0.49594956624042391       0.53977719974912564       0.58341749923035580       0.74910705611540829       0.48504317387047263       0.62278623309137482       0.48725815074046513       0.54230297704598462     
   1.1543940354790985        1.3477840468356201        1.2940605432907482        1.3869810696325979        1.5162035239535090        1.3240720209295929        1.1890388146502773        1.3647659276179560        1.2495480090696198        1.1627747059473699        1.2518677052303542        1.4200339883665356        1.3734375389889306     
  0.13264704456371848       0.58256966101329655       0.31808204746602475       0.69103724103842157       0.55620622579519574       0.51565218733614526       0.55440590606714779       0.59437097978099096       0.75700716088559772       0.49127022575339258       0.63846111025420538       0.50326520923041795       0.55669918473595836     
   1.2290748562145479        1.4547796727144533        1.2635286346160872        1.1342632000388906        1.4519092688098627        1.1422901836309707        1.2767738823346446        1.0964631906396256        1.2263377135029330        1.3466816771976307        1.1065694138049269        1.3763527883200466        1.2274455609885728     
  0.14921882737557499       0.59956776344267848       0.33486677993795094       0.70519600077380884       0.57289428283230925       0.53535344143648533       0.56781970689396166       0.60602553164991535       0.76488678240202279       0.49743898177184942       0.65579983139047360       0.51813753292379172       0.57048800403005584     
   1.3509656450019070        1.1769837600548274        1.3670823621953068        1.1949559325191053        1.1952230083952857        1.2822281185538538        1.3440362575033351        1.2408059203618707        1.2399817467601739        1.0977742799874390        1.3346102666099926        1.3261297599968351        1.0364938392882286     
  0.16838557368822263       0.61567516375881604       0.35177908951124337       0.72032911817213585       0.58903255646245967       0.55299114543880468       0.58182271139759967       0.61902957335554809       0.77319869915565054       0.50355827570409017       0.67237248801852212       0.53066438829186180       0.58398795351470867     
   1.3058295081528666        1.2915136002967502        1.0144591471716808        1.4730105233716690        1.1513019784230425        1.2504869912635581        1.1558230084525285        1.1500062281659933        1.0952629304512218        1.4148362359959628        1.4265845309940013        1.3595493342552407        1.3366204315234003     
  0.19009213612068365       0.63236818216317936       0.36939172578250434       0.73542169125974621       0.60587890361511221       0.56976816562047750       0.59572856111511696       0.63578280663476261       0.78173153662110317       0.50971619491206632       0.68856332286305377       0.54287961077907720       0.59785671196681023     
   1.2940207243668902        1.3382424155782677        1.2822429695926167        1.5125721877178622        1.3056572571088774        1.1052782616982035        1.3952013606260352        1.2169219476037474        1.1838079060413753        1.3950530090618392        1.1832754014819020        1.0344680174708254        1.2600569463368534     
  0.21604580586257571       0.64903255928621439       0.38805910651041842       0.74936805215771096       0.62237445482158604       0.58635528265273407       0.61048148615384690       0.65353053149264317       0.78994919540621955       0.51670373970719230       0.70567268001558625       0.55514887834221271       0.61272382503163381     
   1.1766329059481362        1.1390205277008005        1.4407632740288179        1.2037976162728425        1.3636004364067256        1.1502127416485559        1.3227590379849614        1.4165164975977096        1.3700141898135565        1.3394449176427057        1.2946953563574650        1.2264775295406305        1.4013279719550822     
  0.25267679934454668       0.66503398122709778       0.40786361206689165       0.76225984947543479       0.63728756699240907       0.60401681321182377       0.62528766940262881       0.67191092332078006       0.79785289629987499       0.52436671961871684       0.72226810738378089       0.56914777392032379       0.62768941693655111     
   1.2608477183549078        1.2478843409781417        1.2943945827315735        1.5975128730956154        1.3032798912740375        1.1352694404126933        1.2267467661535203        1.5489768965059645        1.2242252474526683        1.3064137481951001        1.1442452427152412        1.1107496181016634        1.3405290647690842     
  0.30979807022656125       0.68141058601221127       0.42890412673610562       0.77422141286699597       0.65221443951420555       0.62393515803264687       0.63897158213049443       0.69063597902787288       0.80555606909400701       0.53231726483704189       0.73941709078687012       0.58431416417348669       0.64242718530161613     
   1.1741239897668230        1.3447546266380914        1.8022651731276451        1.1140380777273897        1.4581306367037288        1.2983854879247581        1.4067027923654343        1.4848626224003305        1.2356757894763704        1.4891900300615231        1.2992789728470702        1.1525298022165671        1.2441690451153384     
  0.37515347221180595       0.69817890535120253       0.44168516861725093       0.78653229921653722       0.66673913319975298       0.64320212018195200       0.65409097662365945       0.70903671512771138       0.81328594125071318       0.54008241934682943       0.75596381983708760       0.59995313365588487       0.65711991339007647     
   1.1213672939476975        1.5377257713827306        1.1229531819056224        1.4683534712945070        1.3852213313230486        1.2794114814018258        1.2613887447987466        1.1279765511731925        1.2815733790840527        1.2910232718049632        1.2820781277293256        1.2407777409429361        1.2489554691500615     
  0.43800720775512036       0.71493592798899486       0.45244345905945393       0.79979816119460390       0.68140250709930739       0.66257808816830110       0.67093779510818607       0.72724013717357239       0.82128633212058721       0.54792942698231373       0.77292432436618252       0.61603739402613833       0.67251428267277014     
   1.1927589527379829        1.2019777393278606        1.1469213863209391        1.4967735874854227        1.1470935904557966        1.2267661567885231        1.1467547344128193        1.3730606375508694        1.3173066483124067        1.6043016341398408        1.1361953199684804        1.1824676258637576        1.2484052027393511     
  0.50292374051700284       0.73159944805554622       0.46320991725492672       0.81243699486782595       0.69685656154549125       0.68230728599579848       0.68914788962679818       0.74462044960900542       0.82906138528654272       0.55595865324845184       0.78971570485397313       0.63199467772929951       0.68859304332459381     
   1.2416861022664056        1.2725403579342272        1.1287586775680933        1.2435117232209929        1.0951896730223538        1.0994151865206612        1.5458159804948333        1.3056805532013684        1.1952556162356278        1.3728307316083113        1.2267877747044988        1.4310967145059059        1.4506644253525922     
  0.56125444230123434       0.74825074688021054       0.47420999653615598       0.82409948189089710       0.71284256604540897       0.70202637615152641       0.70780240851494458       0.76019092535995325       0.83677224672707040       0.56407144516860530       0.80706124381088551       0.64704785717776225       0.70580803262263725     
   1.1886798310552809        1.1658596639802450        1.1337439533333860        1.4329960100254562        1.4905370337638362        1.2185269917901249        1.4341431191026826        1.2797235942445013        1.2959554015449937        1.4368245608800869        1.3183657403156934        1.5000762178914473        1.3491186519024478     
  0.61057583213980227       0.76488462571966531       0.48530345911376782       0.83535204732846635       0.72946476891249212       0.72142289457711750       0.72612572286964272       0.77493436178884390       0.84447856261094667       0.57186423653250207       0.82475824844338663       0.66207941809999626       0.72364412541896828     
   1.0394708654972171        1.3227590379849614        1.4445224377228090        1.2412377356098114        1.1964660420833542        1.3287915372695920        1.3814126099102266        1.1859043071420414        1.2063095559798938        1.1514568815522555        1.2124338406966515        1.1069893379944165        1.4547638362539526     
  0.65471396876259280       0.78101547182461939       0.50278056613088939       0.84671390192336304       0.74578205220330118       0.73997510236387032       0.74436948410464143       0.78958150995441079       0.85198443471664209       0.57974225832659554       0.84041510248480589       0.67537314081349242       0.74139352662672975     
   1.2340412609019100        1.3540080555323071        1.1502540601341611        1.3285059491634730        1.2950631448791963        1.1641418995899699        1.3009359309637758        1.1137520460786801        1.0993902118937733        1.1725276573645247        1.3054495701654536        1.2165712146883534        1.2916850747505957     
  0.69498993658507735       0.79622348085086780       0.52377570648828431       0.85758011827421454       0.76238802882423551       0.75699867664354181       0.76225935406554901       0.80350220933036642       0.85884238918434441       0.58794448601597804       0.85449083236012446       0.69033187800562146       0.75902944726472377     
   1.1982798626360973        1.1182243602908832        1.1973080045405735        1.3931724624161079        1.1908518747669645        1.4031177815951574        1.2669729717246832        1.1040385527494148        1.2540781008024560        1.3536570340527290        1.3818762824425088        1.4627769656895755        1.3351752824441439     
  0.72799102472789567       0.81087848306557575       0.54104604174235293       0.86830870166233176       0.78048720049039833       0.77311774501291253       0.77980423519272712       0.81693939300077201       0.86566909316280949       0.59635537274094297       0.86791710286340673       0.70640998321596304       0.77573443153423449     
   1.4096262549180227        1.3810524339060093        1.0965475287025899        1.2333954538908385        1.2237307530995178        1.0822097306183436        1.4937807566403121        1.1417927104352295        1.1889632485959813        1.2324613858836304        1.3417223614789566        1.2624408893614518        1.4381997698557774     
  0.75762735938401127       0.82542935884762636       0.55843930136472864       0.87889003800628784       0.79470029792381980       0.79008927413675345       0.79747387272172232       0.82935225986549665       0.87259874701035511       0.60432526872351555       0.88139847746897726       0.72561790299326878       0.79200174926981404     
   1.0983168402507262        1.1789346628187716        1.0608361742227819        1.3289974254181203        1.0711673723173001        1.1888996057870689        1.1368010770480665        1.2528972486451899        1.2530536697965406        1.4274635463039960        1.4356601060859522        1.1853987466897624        1.1992399376588110     
  0.78513579199934214       0.83894546527936664       0.57559030030896852       0.88960859604833398       0.80879503571514277       0.80776503772726316       0.81504504262764554       0.83700350945222945       0.87977739756530193       0.61220303375243268       0.89533759363316257       0.74708174982260311       0.80805528279092820     
   1.0666256526761360        1.2342937029555978        1.1751257078163595        1.2823334642399640        1.1242743474152741        1.3115973915228598        1.2746387450579257        1.0573664671565024        1.3088391025848218        1.1197431873237145        1.2861152275471390        1.2597917541916017        1.3177006511936180     
  0.81221782185443980       0.85171372312474380       0.59624582422334438       0.90040724065412692       0.82312775341911282       0.82584891402987215       0.83237118682643452       0.84489427338265388       0.88729374090424706       0.62090218991748813       0.90850916266319892       0.76865966965585208       0.82347106169023976     
   1.0784578950498571        1.2782539535476551        1.3389129359299721        1.1336046721217499        1.2698289299030590        1.2573695284909892        1.4139447608259166        1.2092381676099102        1.2197576855047896        1.2387802735102087        1.3775368198655455        1.2862284065976732        1.2518315908005582     
  0.83799640131179343       0.86536858797330529       0.62260546827566365       0.91077583398110185       0.83867196256787702       0.84415601624768466       0.84958601741133954       0.85340971445406422       0.89484875990051893       0.63073548465455265       0.92088230703514418       0.79101177742165973       0.84033296203999763     
   1.1465528114899137        1.1764868736269685        1.3347604520706406        1.3831645030940840        1.1401934896822246        1.2926328572133041        1.1599949732300010        1.0582624903076043        1.2804753694559348        1.3518709290249917        1.2025725436371055        1.2378733040617023        1.1921804353377186     
  0.86239662480297563       0.88027413755912398       0.65074565145141883       0.92073588849989729       0.85626573520943894       0.86238946805206962       0.86649106653006081       0.86269519101788350       0.90242318369705132       0.64249196486767934       0.93276280286257196       0.81307652576745448       0.85710501124799687     
   1.3139505683614299        1.1556471035827989        1.2483448072586139        1.2438080937644802        1.3953072946379859        1.3895622831600210        1.2405123438094066        1.1333659257540385        1.2407684588035337        1.3038296180765911        1.3146909228540227        1.3693161117309580        1.3515182752753860     
  0.88455030881565833       0.89538950208371448       0.67897911039514669       0.93088567726992533       0.87415836148196380       0.88022338493943542       0.88334830739072290       0.87250995947237220       0.91036089768638606       0.65502241363347469       0.94190586068394644       0.83774375989584260       0.87353692254291293     
   1.2784704516308707        1.2092360944536960        1.2057078551452187        1.2690527253055230        1.3305211990730310        1.3259582108435171        1.1792136739301144        1.0049067513167540        1.0769445967649709        1.4924631290890680        1.2464613909849014        1.2912679225693213        1.3435744510809893     
  0.90380392921750363       0.91086299397963322       0.70930077185721219       0.94083432980035608       0.89205704146530118       0.89777358443196953       0.89987056869406046       0.88813401120102109       0.91869446776302433       0.66817586420480268       0.94808642480862404       0.86148505073875614       0.89058110842263538     
   1.3420718546349504        1.1780152614437482        1.3965363891926594        1.2013364217673987        1.4251189554040886        1.5120221617908292        1.3091639314413333        1.3236753966548838        1.1769426073537139        1.1759074992719314        1.0538858058612184        1.5520271312990626        1.3045324362583686     
  0.92077842575729896       0.92522624085906380       0.74184406653234758       0.95019610428458079       0.90938640687617855       0.91496727511850573       0.91672078381602662       0.90698949987898614       0.92769357885741721       0.68130033711011306       0.95469324932939892       0.88523463784822765       0.90865172706272246     
   1.0839129754884043        1.2370299421898452        1.2616162527081332        1.1125471007430898        1.2388148065985212        1.4745070735406980        1.4007611404609190        1.2064503805659514        1.1509142167530713        1.2217369313362196        1.0211417373368668        1.1073869256709850        1.2340202897539756     
  0.93576858401529628       0.93950318425042378       0.77568079943286550       0.95944016517868502       0.92737316093535704       0.93123100860371621       0.93274279712881769       0.92598760678725456       0.93756596940541292       0.69704792189366416       0.96123920728885603       0.90845266107145539       0.92697633992241069     
   1.0177595616293786        1.2369079677533303        1.2083020551973638        1.2785628522577392        1.2245256140490954        1.2622289577187824        1.3331159027660449        1.2657764326712670        1.2528051764407062        1.2178822088461345        1.1414076493452578        1.1822601681849541        1.3522562278766959     
  0.95072046470837013       0.95421424262923471       0.81410887789470754       0.96856872422234652       0.94423373023056945       0.94690860489312767       0.95016842858859130       0.94704394840822004       0.94856625700512420       0.72333531426240183       0.96795018519176168       0.93235439513481555       0.94588803262401344     
   1.2765852051426980        1.1492843589754445        1.4010737696460016        1.3906462691417050        1.3385591865874729        1.3144057788220749        1.2231482889892265        1.4949654175628351        1.4071026059053418        1.5341395023791948        1.1157761912022008        1.1860279771295099        1.1387851426452602     
  0.96694295389223928       0.96938403732473188       0.85729014089748790       0.97798865123067402       0.96150435925056488       0.96319265654649400       0.96775800571581827       0.96583407936848553       0.96035371102614042       0.75409055910467671       0.97497267342476168       0.95709089820058257       0.96444975915845688     
   1.1966981617513259        1.4332148691421263        1.5663713342130883        1.1785828545389274        1.2942335901285420        1.3330259955784878        1.3018492386974392        1.4093017686608469        1.3749982663279616        1.2181693127652076        1.0774077578640164        1.3097442599736788        1.2791268069094150     
  0.98331124754313781       0.98426112434766566       0.91673912159716908       0.98925581253138817       0.98159854336546259       0.98026395970890656       0.98367522350605352       0.98323955911961702       0.97779522672780739       0.83747865573939018       0.98820544761375262       0.97880399104528659       0.98232731188323841     
   1.2088898327190001        1.5147310529245355        1.3922687203872504        1.3801839798933380        1.2225787692415149        1.3151592868464876        1.1169072776575784        1.4517448531056756        1.4278426424647381        1.1889632485959813        1.6877039892918422        1.3889438881391287        1.2814763980938606     
   1.0000000000000000        1.0000000000000000        1.0000000000000000        1.0000000000000000        1.0000000000000000        1.0000000000000000        1.0000000000000000        1.0000000000000000        1.0000000000000000        1.0000000000000000        1.0000000000000000        1.0000000000000000        1.0000000000000000     
   1.0884297192918875        1.4334134893275783        1.3675199502108721        1.2845921369628766        1.3049709233151745        1.2238500922158471        1.2155595988523937        1.4383456560402592        1.1172706524957341        1.0252607108516316        1.2448385571095366        1.3249316600426817        1.2683341740469678     
  -15.757785221007611        4.6750879064447330        10.453491860662162        1.8496318178577911        2.8359924741155140        4.7015107185421936        2.2349208883612599       -3.8098804758510383        8.4917132522999790        2.4997933159191064        1.9263507371320563        1.1906494141103825        1.5623610391527151E-002
   4.3979916199354783       -3.7584998820890232      -0.50607062859220220       -11.602497466747582        4.5912419106638191        1.2108887932320433        3.0564116697045005        3.6753038667600815        5.5055591019940149        1.5540126813662158       0.80931926652166053        3.2175186496589077       -1.3441530953132730     
   5.3116476859407191        6.3464203841126805       0.94929117901508675       -8.7929026407320254        1.5889944049808895       -1.8271631328928146        3.0146127229057398       -2.3094115916846385        7.9867941961602442      -0.82190942571097780        1.4829787980366644       -1.4776422563912395       -9.2240079014036400E-002
   3.0916413051571645       -7.9985467652477382       -7.6323144718882810E-002   5.8017560995951225       -3.8778539953414337       -4.2919451705695986        1.8087252700168786        3.4227398567053267      -0.97088451862231739        3.5545678594928320       0.33179804516218281        1.1182098936936677        3.4068760287515309     
   5.3513327309200962        3.5201644470236277       -5.2354157462333015        1.9862371334049951       -5.8656479842279827       -6.3252802376256696        2.0874363356045160      -0.28402749725195753        2.4076762062014745       -4.7252038937896570       0.22896425156675101       -2.8666259958774929       0.26619601298011686     
   9.9759936709447352       0.84074091145121965       -20.275287939197558        6.8284936561739276       -5.6304751995116860        2.1076252287886490       0.44064272977211860        4.0726173844328040      -0.51720165834775633       -3.4196856213418414       -3.7017556979363468        1.8452845718664312       0.48254907473841546     
   10.020861461620939       -1.2165591762076278      -0.71448865597212363       0.43047870877608507        2.3577674033255969       0.63666617802138092       -8.4734664131594908       -2.5913160569759586       -4.3493933035223158       -2.1623326102607554        2.1939424979819329        3.9865936201067509        4.1738684681498981     
   11.608269074955489       -4.1669449686540183       -2.7513444306889974        1.7223001083022154        3.3655090086265482        7.0720528502003974        2.1303693275014237        2.2062319531832988       0.99324741351353896       -3.5187618163331882        7.4615044009377934E-002  -8.1554377669200520       -5.5506826909909384     
   1.9461702326065509     
           1           1           1           1           1           1           1           1           1           1           1           1           1
  0.59625334292738486       0.18276273955052122       -1.2642030198949414E-003  -4.0238018240349565        1.8688252866402091E-002   1.3823601456520000E-005
   1.1721715006962148E-002   1.4212957344910225E-002   0.0000000000000000        0.0000000000000000        0.0000000000000000        0.0000000000000000     
   5.0000000000000001E-003  0.29948192818641345     
