     
 Collinear #          43
 
 part:           1
 comp:           0
  0.99999999821686092        276.25012425660560        276.25012474919799     
  0.99999999982980114        276.25012470218053        276.25012474919799     
  0.99999999998305722        276.25012474451756        276.25012474919799     
  0.99999999999830613        276.25012474873006        276.25012474919799     
  0.99999999999983069        276.25012474915121        276.25012474919799     
  0.99999999999998290        276.25012474919328        276.25012474919799     
  0.99999999999999833        276.25012474919754        276.25012474919799     
  0.99999999999999978        276.25012474919794        276.25012474919799     
  0.99999999999999978        276.25012474919794        276.25012474919799     
   1.0000000000000000        276.25012474919799        276.25012474919799     
 comp:           1
   0.0000000000000000        0.0000000000000000     
   0.0000000000000000        0.0000000000000000     
   0.0000000000000000        0.0000000000000000     
   0.0000000000000000        0.0000000000000000     
   0.0000000000000000        0.0000000000000000     
   0.0000000000000000        0.0000000000000000     
   0.0000000000000000        0.0000000000000000     
   0.0000000000000000        0.0000000000000000     
   0.0000000000000000        0.0000000000000000     
   0.0000000000000000        0.0000000000000000     
 comp:           2
   0.0000000000000000        0.0000000000000000     
   0.0000000000000000        0.0000000000000000     
   0.0000000000000000        0.0000000000000000     
   0.0000000000000000        0.0000000000000000     
   0.0000000000000000        0.0000000000000000     
   0.0000000000000000        0.0000000000000000     
   0.0000000000000000        0.0000000000000000     
   0.0000000000000000        0.0000000000000000     
   0.0000000000000000        0.0000000000000000     
   0.0000000000000000        0.0000000000000000     
 comp:           3
  0.99999999821686092        276.25012425660560        276.25012474919799     
  0.99999999982980114        276.25012470218053        276.25012474919799     
  0.99999999998305722        276.25012474451756        276.25012474919799     
  0.99999999999830613        276.25012474873006        276.25012474919799     
  0.99999999999983069        276.25012474915121        276.25012474919799     
  0.99999999999998290        276.25012474919328        276.25012474919799     
  0.99999999999999833        276.25012474919754        276.25012474919799     
  0.99999999999999978        276.25012474919794        276.25012474919799     
  0.99999999999999978        276.25012474919794        276.25012474919799     
   1.0000000000000000        276.25012474919799        276.25012474919799     
 
 part:           2
 comp:           0
   1.0000000236735562        276.25000653981994        276.25000000000000     
   1.0000000022683946        276.25000062664401        276.25000000000000     
   1.0000000002258951        276.25000006240350        276.25000000000000     
   1.0000000000225799        276.25000000623771        276.25000000000000     
   1.0000000000022580        276.25000000062374        276.25000000000000     
   1.0000000000002258        276.25000000006236        276.25000000000000     
   1.0000000000000226        276.25000000000625        276.25000000000000     
   1.0000000000000022        276.25000000000063        276.25000000000000     
   1.0000000000000002        276.25000000000006        276.25000000000000     
   1.0000000000000002        276.25000000000006        276.25000000000000     
 comp:           1
   0.0000000000000000        0.0000000000000000     
   0.0000000000000000        0.0000000000000000     
   0.0000000000000000        0.0000000000000000     
   0.0000000000000000        0.0000000000000000     
   0.0000000000000000        0.0000000000000000     
   0.0000000000000000        0.0000000000000000     
   0.0000000000000000        0.0000000000000000     
   0.0000000000000000        0.0000000000000000     
   0.0000000000000000        0.0000000000000000     
   0.0000000000000000        0.0000000000000000     
 comp:           2
   0.0000000000000000        0.0000000000000000     
   0.0000000000000000        0.0000000000000000     
   0.0000000000000000        0.0000000000000000     
   0.0000000000000000        0.0000000000000000     
   0.0000000000000000        0.0000000000000000     
   0.0000000000000000        0.0000000000000000     
   0.0000000000000000        0.0000000000000000     
   0.0000000000000000        0.0000000000000000     
   0.0000000000000000        0.0000000000000000     
   0.0000000000000000        0.0000000000000000     
 comp:           3
   1.0000000236735562       -276.25000653981994       -276.25000000000000     
   1.0000000022683946       -276.25000062664401       -276.25000000000000     
   1.0000000002258951       -276.25000006240350       -276.25000000000000     
   1.0000000000225799       -276.25000000623771       -276.25000000000000     
   1.0000000000022580       -276.25000000062374       -276.25000000000000     
   1.0000000000002258       -276.25000000006236       -276.25000000000000     
   1.0000000000000226       -276.25000000000625       -276.25000000000000     
   1.0000000000000022       -276.25000000000063       -276.25000000000000     
   1.0000000000000002       -276.25000000000006       -276.25000000000000     
   1.0000000000000002       -276.25000000000006       -276.25000000000000     
 
 part:           3
 comp:           0
   1.0000000653908427        73.565678105255316        73.565673294733941     
   1.0000000202778419        73.565674786487037        73.565673294733941     
   1.0000000064001373        73.565673765564355        73.565673294733941     
   1.0000000020235138        73.565673443595102        73.565673294733941     
   1.0000000006398790        73.565673341807070        73.565673294733941     
   1.0000000002023470        73.565673309619740        73.565673294733941     
   1.0000000000639877        73.565673299441244        73.565673294733941     
   1.0000000000202347        73.565673296222528        73.565673294733941     
   1.0000000000063989        73.565673295204675        73.565673294733941     
   1.0000000000020235        73.565673294882799        73.565673294733941     
 comp:           1
   1.0000000058313574        58.807910001603751        58.807909658673815     
   1.0000000018083166        58.807909765017136        58.807909658673815     
   1.0000000005707448        58.807909692238127        58.807909658673815     
   1.0000000001804508        58.807909669285749        58.807909658673815     
   1.0000000000570624        58.807909662029537        58.807909658673815     
   1.0000000000180447        58.807909659734989        58.807909658673815     
   1.0000000000057063        58.807909659009390        58.807909658673815     
   1.0000000000018046        58.807909658779934        58.807909658673815     
   1.0000000000005707        58.807909658707374        58.807909658673815     
   1.0000000000001803        58.807909658684423        58.807909658673815     
 comp:           2
   1.0000001723291503        44.006139615070474        44.006132031531138     
   1.0000000534396447        44.006134383203197        44.006132031531138     
   1.0000000168667389        44.006132773771078        44.006132031531138     
   1.0000000053327109        44.006132266203117        44.006132031531138     
   1.0000000016863191        44.006132105739518        44.006132031531138     
   1.0000000005332599        44.006132054997842        44.006132031531138     
   1.0000000001686316        44.006132038951961        44.006132031531138     
   1.0000000000533260        44.006132033877805        44.006132031531138     
   1.0000000000168632        44.006132032273221        44.006132031531138     
   1.0000000000053326        44.006132031765802        44.006132031531138     
 comp:           3
   1.0000000000000000        3.7203042225384833        3.7203042225384833     
   1.0000000000000000        3.7203042225384833        3.7203042225384833     
   1.0000000000000000        3.7203042225384833        3.7203042225384833     
   1.0000000000000000        3.7203042225384833        3.7203042225384833     
   1.0000000000000000        3.7203042225384833        3.7203042225384833     
   1.0000000000000000        3.7203042225384833        3.7203042225384833     
   1.0000000000000000        3.7203042225384833        3.7203042225384833     
   1.0000000000000000        3.7203042225384833        3.7203042225384833     
   1.0000000000000000        3.7203042225384833        3.7203042225384833     
   1.0000000000000000        3.7203042225384833        3.7203042225384833     
 
 part:           4
 comp:           0
   1.0000000981628108        73.203590335366073        73.203583149496595     
   1.0000000304405008        73.203585377850331        73.203583149496595     
   1.0000000096076982        73.203583852814532        73.203583149496595     
   1.0000000030376397        73.203583371862706        73.203583149496595     
   1.0000000009605678        73.203583219813595        73.203583149496595     
   1.0000000003037577        73.203583171732745        73.203583149496595     
   1.0000000000960565        73.203583156528282        73.203583149496595     
   1.0000000000303757        73.203583151720210        73.203583149496595     
   1.0000000000096056        73.203583150199762        73.203583149496595     
   1.0000000000030376        73.203583149718952        73.203583149496595     
 comp:           1
   1.0000000166093188        20.545216021016504        20.545215679774465     
   1.0000000051505860        20.545215785594365        20.545215679774465     
   1.0000000016256394        20.545215713173576        20.545215679774465     
   1.0000000005139740        20.545215690334171        20.545215679774465     
   1.0000000001625298        20.545215683113675        20.545215679774465     
   1.0000000000513962        20.545215680830413        20.545215679774465     
   1.0000000000162530        20.545215680108385        20.545215679774465     
   1.0000000000051397        20.545215679880059        20.545215679774465     
   1.0000000000016254        20.545215679807857        20.545215679774465     
   1.0000000000005140        20.545215679785024        20.545215679774465     
 comp:           2
   1.0000001097169282        68.778940788373930        68.778933242160647     
   1.0000000340234578        68.778935582257787        68.778933242160647     
   1.0000000107385589        68.778933980747283        68.778933242160647     
   1.0000000033951810        68.778933475677576        68.778933242160647     
   1.0000000010736301        68.778933316003773        68.778933242160647     
   1.0000000003395111        68.778933265511853        68.778933242160647     
   1.0000000001073628        68.778933249544949        68.778933242160647     
   1.0000000000339511        68.778933244495761        68.778933242160647     
   1.0000000000107363        68.778933242899072        68.778933242160647     
   1.0000000000033951        68.778933242394160        68.778933242160647     
 comp:           3
   1.0000000000000000       -14.246378896660710       -14.246378896660710     
   1.0000000000000000       -14.246378896660710       -14.246378896660710     
   1.0000000000000000       -14.246378896660710       -14.246378896660710     
   1.0000000000000000       -14.246378896660710       -14.246378896660710     
   1.0000000000000000       -14.246378896660710       -14.246378896660710     
   1.0000000000000000       -14.246378896660710       -14.246378896660710     
   1.0000000000000000       -14.246378896660710       -14.246378896660710     
   1.0000000000000000       -14.246378896660710       -14.246378896660710     
   1.0000000000000000       -14.246378896660710       -14.246378896660710     
   1.0000000000000000       -14.246378896660710       -14.246378896660710     
 
 part:           5
 comp:           0
  0.99999994223017774        257.11163331681024        257.11164817010444     
  0.99999998208545093        257.11164356406522        257.11164817010444     
  0.99999999434577047        257.11164671633617        257.11164817010444     
  0.99999999821231744        257.11164771047044        257.11164817010444     
  0.99999999943469609        257.11164802475821        257.11164817010444     
  0.99999999982123544        257.11164812414199        257.11164817010444     
  0.99999999994346978        257.11164815556987        257.11164817010444     
  0.99999999998212352        257.11164816550820        257.11164817010444     
  0.99999999999434686        257.11164816865096        257.11164817010444     
  0.99999999999821232        257.11164816964481        257.11164817010444     
 comp:           1
  0.99999999373806514       -191.40062889366021       -191.40063009219850     
  0.99999999805816031       -191.40062972052917       -191.40063009219850     
  0.99999999938711226       -191.40062997489139       -191.40063009219850     
  0.99999999980622500       -191.40063005510984       -191.40063009219850     
  0.99999999993872413       -191.40063008047025       -191.40063009219850     
  0.99999999998062294       -191.40063008848972       -191.40063009219850     
  0.99999999999387246       -191.40063009102568       -191.40063009219850     
  0.99999999999806233       -191.40063009182762       -191.40063009219850     
  0.99999999999938727       -191.40063009208123       -191.40063009219850     
  0.99999999999980627       -191.40063009216141       -191.40063009219850     
 comp:           2
  0.99999980429749058       -135.43221324545124       -135.43223974988041     
  0.99999993931222364       -135.43223153079893       -135.43223974988041     
  0.99999998084558972       -135.43223715575573       -135.43223974988041     
  0.99999999394400219       -135.43223892970306       -135.43223974988041     
  0.99999999808496187       -135.43223949052251       -135.43223974988041     
  0.99999999939441286       -135.43223966786439       -135.43223974988041     
  0.99999999980849652       -135.43223972394466       -135.43223974988041     
  0.99999999993944133       -135.43223974167881       -135.43223974988041     
  0.99999999998084976       -135.43223974728684       -135.43223974988041     
  0.99999999999394407       -135.43223974906024       -135.43223974988041     
 comp:           3
   1.0000000000000000        105.50026948490645        105.50026948490645     
   1.0000000000000000        105.50026948490645        105.50026948490645     
   1.0000000000000000        105.50026948490645        105.50026948490645     
   1.0000000000000000        105.50026948490645        105.50026948490645     
   1.0000000000000000        105.50026948490645        105.50026948490645     
   1.0000000000000000        105.50026948490645        105.50026948490645     
   1.0000000000000000        105.50026948490645        105.50026948490645     
   1.0000000000000000        105.50026948490645        105.50026948490645     
   1.0000000000000000        105.50026948490645        105.50026948490645     
   1.0000000000000000        105.50026948490645        105.50026948490645     
 
 part:           6
 comp:           0
   1.0000000192230094        148.61909824257131        148.61909538566505     
   1.0000000059610961        148.61909627159775        148.61909538566505     
   1.0000000018814543        148.61909566528510        148.61909538566505     
   1.0000000005948542        148.61909547407174        148.61909538566505     
   1.0000000001881058        148.61909541362115        148.61909538566505     
   1.0000000000594842        148.61909539450554        148.61909538566505     
   1.0000000000188105        148.61909538846066        148.61909538566505     
   1.0000000000059486        148.61909538654911        148.61909538566505     
   1.0000000000018809        148.61909538594460        148.61909538566505     
   1.0000000000005949        148.61909538575344        148.61909538566505     
 comp:           1
   1.0000000061830476        112.04750544654529        112.04750475375022     
   1.0000000019173765        112.04750496858748        112.04750475375022     
   1.0000000006051666        112.04750482155762        112.04750475375022     
   1.0000000001913338        112.04750477518870        112.04750475375022     
   1.0000000000605040        112.04750476052953        112.04750475375022     
   1.0000000000191329        112.04750475589402        112.04750475375022     
   1.0000000000060503        112.04750475442815        112.04750475375022     
   1.0000000000019134        112.04750475396460        112.04750475375022     
   1.0000000000006051        112.04750475381802        112.04750475375022     
   1.0000000000001914        112.04750475377166        112.04750475375022     
 comp:           2
   1.0000006764836538        22.647189796631977        22.647174476188638     
   1.0000002097790566        22.647179227091534        22.647174476188638     
   1.0000000662109301        22.647175975679126        22.647174476188638     
   1.0000000209337296        22.647174950278465        22.647174476188638     
   1.0000000066196999        22.647174626106139        22.647174476188638     
   1.0000000020933291        22.647174523596625        22.647174476188638     
   1.0000000006619687        22.647174491180358        22.647174476188638     
   1.0000000002093328        22.647174480929436        22.647174476188638     
   1.0000000000661968        22.647174477687809        22.647174476188638     
   1.0000000000209333        22.647174476662720        22.647174476188638     
 comp:           3
   1.0000000000000000       -94.974194810784240       -94.974194810784240     
   1.0000000000000000       -94.974194810784240       -94.974194810784240     
   1.0000000000000000       -94.974194810784240       -94.974194810784240     
   1.0000000000000000       -94.974194810784240       -94.974194810784240     
   1.0000000000000000       -94.974194810784240       -94.974194810784240     
   1.0000000000000000       -94.974194810784240       -94.974194810784240     
   1.0000000000000000       -94.974194810784240       -94.974194810784240     
   1.0000000000000000       -94.974194810784240       -94.974194810784240     
   1.0000000000000000       -94.974194810784240       -94.974194810784240     
   1.0000000000000000       -94.974194810784240       -94.974194810784240     
 
 part:           7
 comp:           0
   1.0484750590865155        1.3079642271125608E-004   1.2474919796872662E-004
   1.0046463323545427        1.2532882420345198E-004   1.2474919796872662E-004
   1.0004627122299905        1.2480692094830827E-004   1.2474919796872662E-004
   1.0000462520995832        1.2475496788105401E-004   1.2474919796872662E-004
   1.0000046250188110        1.2474977493611390E-004   1.2474919796872662E-004
   1.0000004624999692        1.2474925566522684E-004   1.2474919796872662E-004
   1.0000000462499778        1.2474920373837427E-004   1.2474919796872662E-004
   1.0000000046249979        1.2474919854569140E-004   1.2474919796872662E-004
   1.0000000004624992        1.2474919802642301E-004   1.2474919796872662E-004
   1.0000000000462497        1.2474919797449623E-004   1.2474919796872662E-004
 comp:           1
  -2.5755053253100427E-006  -0.0000000000000000     
  -7.9866982376989025E-007  -0.0000000000000000     
  -2.5207793763947763E-007  -0.0000000000000000     
  -7.9698795833820148E-008  -0.0000000000000000     
  -2.5202490147523030E-008  -0.0000000000000000     
  -7.9697119154610450E-009  -0.0000000000000000     
  -2.5202437121639353E-009  -0.0000000000000000     
  -7.9697102565000773E-010  -0.0000000000000000     
  -2.5202436247485735E-010  -0.0000000000000000     
  -7.9697105518145867E-011  -0.0000000000000000     
 comp:           2
  -5.6954625120358835E-005  -0.0000000000000000     
  -1.7661753583165764E-005  -0.0000000000000000     
  -5.5744417603335093E-006  -0.0000000000000000     
  -1.7624560876078972E-006  -0.0000000000000000     
  -5.5732689206492569E-007  -0.0000000000000000     
  -1.7624190095887230E-007  -0.0000000000000000     
  -5.5732571945258540E-008  -0.0000000000000000     
  -1.7624186427267366E-008  -0.0000000000000000     
  -5.5732570012158617E-009  -0.0000000000000000     
  -1.7624187080324730E-009  -0.0000000000000000     
 comp:           3
  0.94362759562199372        1.1771678573500161E-004   1.2474919796872662E-004
  0.99459987352072488        1.2407553652150736E-004   1.2474919796872662E-004
  0.99946224996908128        1.2468211408366185E-004   1.2474919796872662E-004
  0.99994624751952876        1.2474249238989902E-004   1.2474919796872662E-004
  0.99999462497707681        1.2474852743892789E-004   1.2474919796872662E-004
  0.99999946249995830        1.2474913091602751E-004   1.2474919796872662E-004
  0.99999994625001865        1.2474919126345956E-004   1.2474919796872662E-004
  0.99999999462500233        1.2474919729819998E-004   1.2474919796872662E-004
  0.99999999946249973        1.2474919790167390E-004   1.2474919796872662E-004
  0.99999999994624977        1.2474919796202132E-004   1.2474919796872662E-004
 
 part: i_fks+j_fks
 comp:           0
   1.0000000201072481        276.25025505302830        276.25024949839599     
   1.0000000019279938        276.25025003100473        276.25024949839599     
   1.0000000001920091        276.25024955143851        276.25024949839599     
   1.0000000000191926        276.25024950369794        276.25024949839599     
   1.0000000000019191        276.25024949892617        276.25024949839599     
   1.0000000000001918        276.25024949844897        276.25024949839599     
   1.0000000000000191        276.25024949840127        276.25024949839599     
   1.0000000000000018        276.25024949839650        276.25024949839599     
   1.0000000000000000        276.25024949839599        276.25024949839599     
   1.0000000000000000        276.25024949839599        276.25024949839599     
 comp:           1
  -2.5755053253100427E-006   0.0000000000000000     
  -7.9866982376989025E-007   0.0000000000000000     
  -2.5207793763947763E-007   0.0000000000000000     
  -7.9698795833820148E-008   0.0000000000000000     
  -2.5202490147523030E-008   0.0000000000000000     
  -7.9697119154610450E-009   0.0000000000000000     
  -2.5202437121639353E-009   0.0000000000000000     
  -7.9697102565000773E-010   0.0000000000000000     
  -2.5202436247485735E-010   0.0000000000000000     
  -7.9697105518145867E-011   0.0000000000000000     
 comp:           2
  -5.6954625120358835E-005   0.0000000000000000     
  -1.7661753583165764E-005   0.0000000000000000     
  -5.5744417603335093E-006   0.0000000000000000     
  -1.7624560876078972E-006   0.0000000000000000     
  -5.5732689206492569E-007   0.0000000000000000     
  -1.7624190095887230E-007   0.0000000000000000     
  -5.5732571945258540E-008   0.0000000000000000     
  -1.7624186427267366E-008   0.0000000000000000     
  -5.5732570012158617E-009   0.0000000000000000     
  -1.7624187080324730E-009   0.0000000000000000     
 comp:           3
  0.99999997276018870        276.25024197339133        276.25024949839599     
  0.99999999739120982        276.25024877771705        276.25024949839599     
  0.99999999974021969        276.25024942663163        276.25024949839599     
  0.99999999997403255        276.25024949122246        276.25024949839599     
  0.99999999999740319        276.25024949767862        276.25024949839599     
  0.99999999999974010        276.25024949832419        276.25024949839599     
  0.99999999999997402        276.25024949838883        276.25024949839599     
  0.99999999999999734        276.25024949839525        276.25024949839599     
  0.99999999999999933        276.25024949839582        276.25024949839599     
  0.99999999999999978        276.25024949839593        276.25024949839599     
     
 Collinear #          74
 
 part:           1
 comp:           0
  0.99999999940404483        276.25004152860504        276.25004169323768     
  0.99999999994311672        276.25004167752365        276.25004169323768     
  0.99999999999433786        276.25004169167352        276.25004169323768     
  0.99999999999943412        276.25004169308136        276.25004169323768     
  0.99999999999994382        276.25004169322216        276.25004169323768     
  0.99999999999999467        276.25004169323620        276.25004169323768     
  0.99999999999999956        276.25004169323756        276.25004169323768     
   1.0000000000000002        276.25004169323773        276.25004169323768     
   1.0000000000000002        276.25004169323773        276.25004169323768     
   1.0000000000000000        276.25004169323768        276.25004169323768     
 comp:           1
   0.0000000000000000        0.0000000000000000     
   0.0000000000000000        0.0000000000000000     
   0.0000000000000000        0.0000000000000000     
   0.0000000000000000        0.0000000000000000     
   0.0000000000000000        0.0000000000000000     
   0.0000000000000000        0.0000000000000000     
   0.0000000000000000        0.0000000000000000     
   0.0000000000000000        0.0000000000000000     
   0.0000000000000000        0.0000000000000000     
   0.0000000000000000        0.0000000000000000     
 comp:           2
   0.0000000000000000        0.0000000000000000     
   0.0000000000000000        0.0000000000000000     
   0.0000000000000000        0.0000000000000000     
   0.0000000000000000        0.0000000000000000     
   0.0000000000000000        0.0000000000000000     
   0.0000000000000000        0.0000000000000000     
   0.0000000000000000        0.0000000000000000     
   0.0000000000000000        0.0000000000000000     
   0.0000000000000000        0.0000000000000000     
   0.0000000000000000        0.0000000000000000     
 comp:           3
  0.99999999940404483        276.25004152860504        276.25004169323768     
  0.99999999994311672        276.25004167752365        276.25004169323768     
  0.99999999999433786        276.25004169167352        276.25004169323768     
  0.99999999999943412        276.25004169308136        276.25004169323768     
  0.99999999999994382        276.25004169322216        276.25004169323768     
  0.99999999999999467        276.25004169323620        276.25004169323768     
  0.99999999999999956        276.25004169323756        276.25004169323768     
   1.0000000000000002        276.25004169323773        276.25004169323768     
   1.0000000000000002        276.25004169323773        276.25004169323768     
   1.0000000000000000        276.25004169323768        276.25004169323768     
 
 part:           2
 comp:           0
   1.0000000079120939        276.25000218571586        276.24999999999994     
   1.0000000007581351        276.25000020943475        276.24999999999994     
   1.0000000000754981        276.25000002085631        276.24999999999994     
   1.0000000000075469        276.25000000208473        276.24999999999994     
   1.0000000000007550        276.25000000020850        276.24999999999994     
   1.0000000000000757        276.25000000002086        276.24999999999994     
   1.0000000000000075        276.25000000000205        276.24999999999994     
   1.0000000000000011        276.25000000000023        276.24999999999994     
   1.0000000000000004        276.25000000000006        276.24999999999994     
   1.0000000000000000        276.24999999999994        276.24999999999994     
 comp:           1
   0.0000000000000000        0.0000000000000000     
   0.0000000000000000        0.0000000000000000     
   0.0000000000000000        0.0000000000000000     
   0.0000000000000000        0.0000000000000000     
   0.0000000000000000        0.0000000000000000     
   0.0000000000000000        0.0000000000000000     
   0.0000000000000000        0.0000000000000000     
   0.0000000000000000        0.0000000000000000     
   0.0000000000000000        0.0000000000000000     
   0.0000000000000000        0.0000000000000000     
 comp:           2
   0.0000000000000000        0.0000000000000000     
   0.0000000000000000        0.0000000000000000     
   0.0000000000000000        0.0000000000000000     
   0.0000000000000000        0.0000000000000000     
   0.0000000000000000        0.0000000000000000     
   0.0000000000000000        0.0000000000000000     
   0.0000000000000000        0.0000000000000000     
   0.0000000000000000        0.0000000000000000     
   0.0000000000000000        0.0000000000000000     
   0.0000000000000000        0.0000000000000000     
 comp:           3
   1.0000000079120939       -276.25000218571586       -276.24999999999994     
   1.0000000007581351       -276.25000020943475       -276.24999999999994     
   1.0000000000754981       -276.25000002085631       -276.24999999999994     
   1.0000000000075469       -276.25000000208473       -276.24999999999994     
   1.0000000000007550       -276.25000000020850       -276.24999999999994     
   1.0000000000000757       -276.25000000002086       -276.24999999999994     
   1.0000000000000075       -276.25000000000205       -276.24999999999994     
   1.0000000000000011       -276.25000000000023       -276.24999999999994     
   1.0000000000000004       -276.25000000000006       -276.24999999999994     
   1.0000000000000000       -276.24999999999994       -276.24999999999994     
 
 part:           3
 comp:           0
   1.0000000211357956        3.9356518080129312        3.9356517248298006     
   1.0000000065542562        3.9356517506250706        3.9356517248298006     
   1.0000000020686688        3.9356517329713609        3.9356517248298006     
   1.0000000006540453        3.9356517274038954        3.9356517248298006     
   1.0000000002068234        3.9356517256437855        3.9356517248298006     
   1.0000000000654030        3.9356517250872045        3.9356517248298006     
   1.0000000000206823        3.9356517249111991        3.9356517248298006     
   1.0000000000065401        3.9356517248555405        3.9356517248298006     
   1.0000000000020681        3.9356517248379403        3.9356517248298006     
   1.0000000000006539        3.9356517248323746        3.9356517248298006     
 comp:           1
  0.99999980006286393      -0.42355157468541865      -0.42355165936912442     
  0.99999993799905806      -0.42355163310852256      -0.42355165936912442     
  0.99999998043112548      -0.42355165108069515      -0.42355165936912442     
  0.99999999381296223      -0.42355165674859430      -0.42355165936912442     
  0.99999999804352435      -0.42355165854045590      -0.42355165936912442     
  0.99999999938130923      -0.42355165910707693      -0.42355165936912442     
  0.99999999980435283      -0.42355165928625776      -0.42355165936912442     
  0.99999999993813127      -0.42355165934291983      -0.42355165936912442     
  0.99999999998043532      -0.42355165936083777      -0.42355165936912442     
  0.99999999999381317      -0.42355165936650396      -0.42355165936912442     
 comp:           2
   1.0000000309762960        3.4244177296595910        3.4244176235838175     
   1.0000000096058168        3.4244176564781461        3.4244176235838175     
   1.0000000030318092        3.4244176339659984        3.4244176235838175     
   1.0000000009585588        3.4244176268663233        3.4244176235838175     
   1.0000000003031171        3.4244176246218170        3.4244176235838175     
   1.0000000000958538        3.4244176239120612        3.4244176235838175     
   1.0000000000303115        3.4244176236876172        3.4244176235838175     
   1.0000000000095852        3.4244176236166415        3.4244176235838175     
   1.0000000000030311        3.4244176235941977        3.4244176235838175     
   1.0000000000009586        3.4244176235870998        3.4244176235838175     
 comp:           3
   1.0000000000000000       0.65237522200815246       0.65237522200815246     
   1.0000000000000000       0.65237522200815246       0.65237522200815246     
   1.0000000000000000       0.65237522200815246       0.65237522200815246     
   1.0000000000000000       0.65237522200815246       0.65237522200815246     
   1.0000000000000000       0.65237522200815246       0.65237522200815246     
   1.0000000000000000       0.65237522200815246       0.65237522200815246     
   1.0000000000000000       0.65237522200815246       0.65237522200815246     
   1.0000000000000000       0.65237522200815246       0.65237522200815246     
   1.0000000000000000       0.65237522200815246       0.65237522200815246     
   1.0000000000000000       0.65237522200815246       0.65237522200815246     
 
 part:           4
 comp:           0
  0.99999998466869533        256.31732796455753        256.31733189423664     
  0.99999999524572880        256.31733067563454        256.31733189423664     
  0.99999999849944632        256.31733150961873        256.31733189423664     
  0.99999999952557406        256.31733177263305        256.31733189423664     
  0.99999999984997612        256.31733185578292        256.31733189423664     
  0.99999999995255839        256.31733188207653        256.31733189423664     
  0.99999999998499778        256.31733189039130        256.31733189423664     
  0.99999999999525568        256.31733189302059        256.31733189423664     
  0.99999999999849976        256.31733189385210        256.31733189423664     
  0.99999999999952560        256.31733189411506        256.31733189423664     
 comp:           1
   1.0000000523603665        105.33155730031764        105.33155178511899     
   1.0000000162370641        105.33155349539416        105.33155178511899     
   1.0000000051247782        105.33155232491983        105.33155178511899     
   1.0000000016202872        105.33155195578635        105.33155178511899     
   1.0000000005123699        105.33155183908771        105.33155178511899     
   1.0000000001620253        105.33155180218537        105.33155178511899     
   1.0000000000512368        105.33155179051585        105.33155178511899     
   1.0000000000162026        105.33155178682563        105.33155178511899     
   1.0000000000051237        105.33155178565868        105.33155178511899     
   1.0000000000016203        105.33155178528965        105.33155178511899     
 comp:           2
  0.99999996994904905       -229.88957652781147       -229.88958343621206     
  0.99999999068113432       -229.88958129390193       -229.88958343621206     
  0.99999999705875897       -229.88958276005138       -229.88958343621206     
  0.99999999907007586       -229.88958322243218       -229.88958343621206     
  0.99999999970593778       -229.88958336861023       -229.88958343621206     
  0.99999999990700961       -229.88958341483453       -229.88958343621206     
  0.99999999997059386       -229.88958342945190       -229.88958343621206     
  0.99999999999070088       -229.88958343407430       -229.88958343621206     
  0.99999999999705946       -229.88958343553605       -229.88958343621206     
  0.99999999999907008       -229.88958343599828       -229.88958343621206     
 comp:           3
   1.0000000000000000        41.850454315860496        41.850454315860496     
   1.0000000000000000        41.850454315860496        41.850454315860496     
   1.0000000000000000        41.850454315860496        41.850454315860496     
   1.0000000000000000        41.850454315860496        41.850454315860496     
   1.0000000000000000        41.850454315860496        41.850454315860496     
   1.0000000000000000        41.850454315860496        41.850454315860496     
   1.0000000000000000        41.850454315860496        41.850454315860496     
   1.0000000000000000        41.850454315860496        41.850454315860496     
   1.0000000000000000        41.850454315860496        41.850454315860496     
   1.0000000000000000        41.850454315860496        41.850454315860496     
 
 part:           5
 comp:           0
   1.0000000158862783        271.51669231506321        271.51668800167351     
   1.0000000049263695        271.51668933926504        271.51668800167351     
   1.0000000015548716        271.51668842384709        271.51668800167351     
   1.0000000004915996        271.51668813515101        271.51668800167351     
   1.0000000001554543        271.51668804388197        271.51668800167351     
   1.0000000000491589        271.51668801502097        271.51668800167351     
   1.0000000000155456        271.51668800589437        271.51668800167351     
   1.0000000000049156        271.51668800300820        271.51668800167351     
   1.0000000000015545        271.51668800209558        271.51668800167351     
   1.0000000000004916        271.51668800180698        271.51668800167351     
 comp:           1
  0.99999994592447916       -108.03860978502259       -108.03861562726699     
  0.99999998323106298       -108.03861381557425       -108.03861562726699     
  0.99999999470735101       -108.03861505545652       -108.03861562726699     
  0.99999999832663755       -108.03861544647923       -108.03861562726699     
  0.99999999947084639       -108.03861557009797       -108.03861562726699     
  0.99999999983266730       -108.03861560918860       -108.03861562726699     
  0.99999999994708477       -108.03861562155011       -108.03861562726699     
  0.99999999998326683       -108.03861562545916       -108.03861562726699     
  0.99999999999470846       -108.03861562669530       -108.03861562726699     
  0.99999999999832656       -108.03861562708620       -108.03861562726699     
 comp:           2
   1.0000000297135241        246.28724748143034        246.28724016336852     
   1.0000000092142287        246.28724243271546        246.28724016336852     
   1.0000000029082152        246.28724087962482        246.28724016336852     
   1.0000000009194825        246.28724038982534        246.28724016336852     
   1.0000000002907603        246.28724023497909        246.28724016336852     
   1.0000000000919462        246.28724018601372        246.28724016336852     
   1.0000000000290761        246.28724017052957        246.28724016336852     
   1.0000000000091946        246.28724016563302        246.28724016336852     
   1.0000000000029077        246.28724016408464        246.28724016336852     
   1.0000000000009195        246.28724016359499        246.28724016336852     
 comp:           3
   1.0000000000000000       -37.303682518660636       -37.303682518660636     
   1.0000000000000000       -37.303682518660636       -37.303682518660636     
   1.0000000000000000       -37.303682518660636       -37.303682518660636     
   1.0000000000000000       -37.303682518660636       -37.303682518660636     
   1.0000000000000000       -37.303682518660636       -37.303682518660636     
   1.0000000000000000       -37.303682518660636       -37.303682518660636     
   1.0000000000000000       -37.303682518660636       -37.303682518660636     
   1.0000000000000000       -37.303682518660636       -37.303682518660636     
   1.0000000000000000       -37.303682518660636       -37.303682518660636     
   1.0000000000000000       -37.303682518660636       -37.303682518660636     
 
 part:           6
 comp:           0
  0.99999997747776315        20.730327912366697        20.730328379260062     
  0.99999999301580489        20.730328234475405        20.730328379260062     
  0.99999999779563298        20.730328333562809        20.730328379260062     
  0.99999999930305117        20.730328364812085        20.730328379260062     
  0.99999999977960963        20.730328374691297        20.730328379260062     
  0.99999999993030653        20.730328377815294        20.730328379260062     
  0.99999999997796096        20.730328378803186        20.730328379260062     
  0.99999999999303046        20.730328379115580        20.730328379260062     
  0.99999999999779610        20.730328379214374        20.730328379260062     
  0.99999999999930300        20.730328379245613        20.730328379260062     
 comp:           1
   1.0000001424818792        3.1306159475731201        3.1306155015171404     
   1.0000000441839427        3.1306156398400762        3.1306155015171404     
   1.0000000139454337        3.1306155451749316        3.1306155015171404     
   1.0000000044090900        3.1306155153203057        3.1306155015171404     
   1.0000000013942500        3.1306155058820009        3.1306155015171404     
   1.0000000004408998        3.1306155028974278        3.1306155015171404     
   1.0000000001394247        3.1306155019536255        3.1306155015171404     
   1.0000000000440903        3.1306155016551700        3.1306155015171404     
   1.0000000000139424        3.1306155015607890        3.1306155015171404     
   1.0000000000044089        3.1306155015309431        3.1306155015171404     
 comp:           2
  0.99999997181249611       -19.822073792005490       -19.822074350740287     
  0.99999999125899341       -19.822074177475404       -19.822074350740287     
  0.99999999724114408       -19.822074296054041       -19.822074350740287     
  0.99999999912773996       -19.822074333450285       -19.822074350740287     
  0.99999999972417253       -19.822074345272814       -19.822074350740287     
  0.99999999991277588       -19.822074349011324       -19.822074350740287     
  0.99999999997241740       -19.822074350193542       -19.822074350740287     
  0.99999999999127753       -19.822074350567391       -19.822074350740287     
  0.99999999999724165       -19.822074350685611       -19.822074350740287     
  0.99999999999912770       -19.822074350722996       -19.822074350740287     
 comp:           3
   1.0000000000000000       -5.1991470192080076       -5.1991470192080076     
   1.0000000000000000       -5.1991470192080076       -5.1991470192080076     
   1.0000000000000000       -5.1991470192080076       -5.1991470192080076     
   1.0000000000000000       -5.1991470192080076       -5.1991470192080076     
   1.0000000000000000       -5.1991470192080076       -5.1991470192080076     
   1.0000000000000000       -5.1991470192080076       -5.1991470192080076     
   1.0000000000000000       -5.1991470192080076       -5.1991470192080076     
   1.0000000000000000       -5.1991470192080076       -5.1991470192080076     
   1.0000000000000000       -5.1991470192080076       -5.1991470192080076     
   1.0000000000000000       -5.1991470192080076       -5.1991470192080076     
 
 part:           7
 comp:           0
   1.0484750752041947        4.3714320577045509E-005   4.1693237741995892E-005
   1.0046463339704885        4.1886958448856182E-005   4.1693237741995892E-005
   1.0004627123915923        4.1712529719744716E-005   4.1693237741995892E-005
   1.0000462521157440        4.1695166142453676E-005   4.1693237741995892E-005
   1.0000046250204275        4.1693430574072140E-005   4.1693237741995892E-005
   1.0000004625001311        4.1693257025123816E-005   4.1693237741995892E-005
   1.0000000462499941        4.1693239670307894E-005   4.1693237741995892E-005
   1.0000000046249995        4.1693237934827096E-005   4.1693237741995892E-005
   1.0000000004624998        4.1693237761279003E-005   4.1693237741995892E-005
   1.0000000000462497        4.1693237743924186E-005   4.1693237741995892E-005
 comp:           1
  -1.1888182733117758E-005  -0.0000000000000000     
  -3.6865514420235418E-006  -0.0000000000000000     
  -1.1635575270705745E-006  -0.0000000000000000     
  -3.6787881821429604E-007  -0.0000000000000000     
  -1.1633127194190167E-007  -0.0000000000000000     
  -3.6787107889329466E-008  -0.0000000000000000     
  -1.1633102718170371E-008  -0.0000000000000000     
  -3.6787100231793461E-009  -0.0000000000000000     
  -1.1633102314673018E-009  -0.0000000000000000     
  -3.6787101594925165E-010  -0.0000000000000000     
 comp:           2
  -1.4891272989017417E-005  -0.0000000000000000     
  -4.6178162923334492E-006  -0.0000000000000000     
  -1.4574854006714835E-006  -0.0000000000000000     
  -4.6080919446546085E-007  -0.0000000000000000     
  -1.4571787518210253E-007  -0.0000000000000000     
  -4.6079950010389458E-008  -0.0000000000000000     
  -1.4571756859269299E-008  -0.0000000000000000     
  -4.6079940418472710E-009  -0.0000000000000000     
  -1.4571756353843923E-009  -0.0000000000000000     
  -4.6079942125946986E-010  -0.0000000000000000     
 comp:           3
  0.94362758186930695        3.9342889110781707E-005   4.1693237741995892E-005
  0.99459987213132517        4.1468088926930052E-005   4.1693237741995892E-005
  0.99946224983003940        4.1670817196313927E-005   4.1693237741995892E-005
  0.99994624750562411        4.1690996626468651E-005   4.1693237741995892E-005
  0.99999462497568670        4.1693013639829326E-005   4.1693237741995892E-005
  0.99999946249981941        4.1693215331873076E-005   4.1693237741995892E-005
  0.99999994625000477        4.1693235500984560E-005   4.1693237741995892E-005
  0.99999999462500100        4.1693237517894779E-005   4.1693237741995892E-005
  0.99999999946250007        4.1693237719585779E-005   4.1693237741995892E-005
  0.99999999994624955        4.1693237739754859E-005   4.1693237741995892E-005
 
 part: i_fks+j_fks
 comp:           0
   1.0000000067201795        276.25008524292559        276.25008338647541     
   1.0000000006443679        276.25008356448211        276.25008338647541     
   1.0000000000641731        276.25008340420322        276.25008338647541     
   1.0000000000064149        276.25008338824750        276.25008338647541     
   1.0000000000006417        276.25008338665270        276.25008338647541     
   1.0000000000000644        276.25008338649320        276.25008338647541     
   1.0000000000000067        276.25008338647723        276.25008338647541     
   1.0000000000000011        276.25008338647569        276.25008338647541     
   1.0000000000000002        276.25008338647547        276.25008338647541     
   1.0000000000000000        276.25008338647541        276.25008338647541     
 comp:           1
  -1.1888182733117758E-005   0.0000000000000000     
  -3.6865514420235418E-006   0.0000000000000000     
  -1.1635575270705745E-006   0.0000000000000000     
  -3.6787881821429604E-007   0.0000000000000000     
  -1.1633127194190167E-007   0.0000000000000000     
  -3.6787107889329466E-008   0.0000000000000000     
  -1.1633102718170371E-008   0.0000000000000000     
  -3.6787100231793461E-009   0.0000000000000000     
  -1.1633102314673018E-009   0.0000000000000000     
  -3.6787101594925165E-010   0.0000000000000000     
 comp:           2
  -1.4891272989017417E-005   0.0000000000000000     
  -4.6178162923334492E-006   0.0000000000000000     
  -1.4574854006714835E-006   0.0000000000000000     
  -4.6080919446546085E-007   0.0000000000000000     
  -1.4571787518210253E-007   0.0000000000000000     
  -4.6079950010389458E-008   0.0000000000000000     
  -1.4571756859269299E-008   0.0000000000000000     
  -4.6079940418472710E-009   0.0000000000000000     
  -1.4571756353843923E-009   0.0000000000000000     
  -4.6079942125946986E-010   0.0000000000000000     
 comp:           3
  0.99999999089599823        276.25008087149416        276.25008338647541     
  0.99999999912809856        276.25008314561256        276.25008338647541     
  0.99999999991317767        276.25008336249073        276.25008338647541     
  0.99999999999132150        276.25008338407798        276.25008338647541     
  0.99999999999913269        276.25008338623581        276.25008338647541     
  0.99999999999991362        276.25008338645154        276.25008338647541     
  0.99999999999999156        276.25008338647308        276.25008338647541     
  0.99999999999999933        276.25008338647524        276.25008338647541     
   1.0000000000000002        276.25008338647547        276.25008338647541     
   1.0000000000000000        276.25008338647541        276.25008338647541     
     
 Collinear #          51
 
 part:           1
 comp:           0
  0.99999999940556172        276.25004142287298        276.25004158708657     
  0.99999999994326150        276.25004157141257        276.25004158708657     
  0.99999999999435185        276.25004158552628        276.25004158708657     
  0.99999999999943534        276.25004158693059        276.25004158708657     
  0.99999999999994360        276.25004158707100        276.25004158708657     
  0.99999999999999423        276.25004158708498        276.25004158708657     
  0.99999999999999933        276.25004158708640        276.25004158708657     
  0.99999999999999978        276.25004158708651        276.25004158708657     
   1.0000000000000000        276.25004158708657        276.25004158708657     
   1.0000000000000000        276.25004158708657        276.25004158708657     
 comp:           1
   0.0000000000000000        0.0000000000000000     
   0.0000000000000000        0.0000000000000000     
   0.0000000000000000        0.0000000000000000     
   0.0000000000000000        0.0000000000000000     
   0.0000000000000000        0.0000000000000000     
   0.0000000000000000        0.0000000000000000     
   0.0000000000000000        0.0000000000000000     
   0.0000000000000000        0.0000000000000000     
   0.0000000000000000        0.0000000000000000     
   0.0000000000000000        0.0000000000000000     
 comp:           2
   0.0000000000000000        0.0000000000000000     
   0.0000000000000000        0.0000000000000000     
   0.0000000000000000        0.0000000000000000     
   0.0000000000000000        0.0000000000000000     
   0.0000000000000000        0.0000000000000000     
   0.0000000000000000        0.0000000000000000     
   0.0000000000000000        0.0000000000000000     
   0.0000000000000000        0.0000000000000000     
   0.0000000000000000        0.0000000000000000     
   0.0000000000000000        0.0000000000000000     
 comp:           3
  0.99999999940556172        276.25004142287298        276.25004158708657     
  0.99999999994326150        276.25004157141257        276.25004158708657     
  0.99999999999435185        276.25004158552628        276.25004158708657     
  0.99999999999943534        276.25004158693059        276.25004158708657     
  0.99999999999994360        276.25004158707100        276.25004158708657     
  0.99999999999999423        276.25004158708498        276.25004158708657     
  0.99999999999999933        276.25004158708640        276.25004158708657     
  0.99999999999999978        276.25004158708651        276.25004158708657     
   1.0000000000000000        276.25004158708657        276.25004158708657     
   1.0000000000000000        276.25004158708657        276.25004158708657     
 
 part:           2
 comp:           0
   1.0000000078919495        276.25000218015106        276.25000000000000     
   1.0000000007562047        276.25000020890155        276.25000000000000     
   1.0000000000753055        276.25000002080316        276.25000000000000     
   1.0000000000075273        276.25000000207945        276.25000000000000     
   1.0000000000007527        276.25000000020793        276.25000000000000     
   1.0000000000000753        276.25000000002080        276.25000000000000     
   1.0000000000000075        276.25000000000210        276.25000000000000     
   1.0000000000000007        276.25000000000017        276.25000000000000     
   1.0000000000000000        276.25000000000000        276.25000000000000     
   1.0000000000000000        276.25000000000000        276.25000000000000     
 comp:           1
   0.0000000000000000        0.0000000000000000     
   0.0000000000000000        0.0000000000000000     
   0.0000000000000000        0.0000000000000000     
   0.0000000000000000        0.0000000000000000     
   0.0000000000000000        0.0000000000000000     
   0.0000000000000000        0.0000000000000000     
   0.0000000000000000        0.0000000000000000     
   0.0000000000000000        0.0000000000000000     
   0.0000000000000000        0.0000000000000000     
   0.0000000000000000        0.0000000000000000     
 comp:           2
   0.0000000000000000        0.0000000000000000     
   0.0000000000000000        0.0000000000000000     
   0.0000000000000000        0.0000000000000000     
   0.0000000000000000        0.0000000000000000     
   0.0000000000000000        0.0000000000000000     
   0.0000000000000000        0.0000000000000000     
   0.0000000000000000        0.0000000000000000     
   0.0000000000000000        0.0000000000000000     
   0.0000000000000000        0.0000000000000000     
   0.0000000000000000        0.0000000000000000     
 comp:           3
   1.0000000078919495       -276.25000218015106       -276.25000000000000     
   1.0000000007562047       -276.25000020890155       -276.25000000000000     
   1.0000000000753055       -276.25000002080316       -276.25000000000000     
   1.0000000000075273       -276.25000000207945       -276.25000000000000     
   1.0000000000007527       -276.25000000020793       -276.25000000000000     
   1.0000000000000753       -276.25000000002080       -276.25000000000000     
   1.0000000000000075       -276.25000000000210       -276.25000000000000     
   1.0000000000000007       -276.25000000000017       -276.25000000000000     
   1.0000000000000000       -276.25000000000000       -276.25000000000000     
   1.0000000000000000       -276.25000000000000       -276.25000000000000     
 
 part:           3
 comp:           0
   1.0000000103578404        13.599452947574088        13.599452806713126     
   1.0000000032119887        13.599452850394416        13.599452806713126     
   1.0000000010137751        13.599452820499911        13.599452806713126     
   1.0000000003205225        13.599452811072057        13.599452806713126     
   1.0000000001013563        13.599452808091515        13.599452806713126     
   1.0000000000320517        13.599452807149010        13.599452806713126     
   1.0000000000101357        13.599452806850964        13.599452806713126     
   1.0000000000032052        13.599452806756714        13.599452806713126     
   1.0000000000010136        13.599452806726910        13.599452806713126     
   1.0000000000003206        13.599452806717485        13.599452806713126     
 comp:           1
   1.0000001899312649       -2.2492267659811320       -2.2492263387827283     
   1.0000000588981000       -2.2492264712578858       -2.2492263387827283     
   1.0000000185895488       -2.2492263805948309       -2.2492263387827283     
   1.0000000058774070       -2.2492263520023470       -2.2492263387827283     
   1.0000000018585637       -2.2492263429630590       -2.2492263387827283     
   1.0000000005877283       -2.2492263401046624       -2.2492263387827283     
   1.0000000001858560       -2.2492263392007605       -2.2492263387827283     
   1.0000000000587728       -2.2492263389149216       -2.2492263387827283     
   1.0000000000185856       -2.2492263388245313       -2.2492263387827283     
   1.0000000000058773       -2.2492263387959475       -2.2492263387827283     
 comp:           2
   1.0000000380835261        5.0070267265585251        5.0070265358732993     
   1.0000000118097845        5.0070265950052040        5.0070265358732993     
   1.0000000037274304        5.0070265545366421        5.0070265358732993     
   1.0000000011784915        5.0070265417740378        5.0070265358732993     
   1.0000000003726646        5.0070265377392404        5.0070265358732993     
   1.0000000001178466        5.0070265364633606        5.0070265358732993     
   1.0000000000372664        5.0070265360598931        5.0070265358732993     
   1.0000000000117846        5.0070265359323054        5.0070265358732993     
   1.0000000000037268        5.0070265358919590        5.0070265358732993     
   1.0000000000011784        5.0070265358791994        5.0070265358732993     
 comp:           3
   1.0000000000000000        12.314952447655033        12.314952447655033     
   1.0000000000000000        12.314952447655033        12.314952447655033     
   1.0000000000000000        12.314952447655033        12.314952447655033     
   1.0000000000000000        12.314952447655033        12.314952447655033     
   1.0000000000000000        12.314952447655033        12.314952447655033     
   1.0000000000000000        12.314952447655033        12.314952447655033     
   1.0000000000000000        12.314952447655033        12.314952447655033     
   1.0000000000000000        12.314952447655033        12.314952447655033     
   1.0000000000000000        12.314952447655033        12.314952447655033     
   1.0000000000000000        12.314952447655033        12.314952447655033     
 
 part:           4
 comp:           0
   1.0000000233642414        217.15948880031530        217.15948372654867     
   1.0000000072453021        217.15948529993474        217.15948372654867     
   1.0000000022867783        217.15948422314426        217.15948372654867     
   1.0000000007230045        217.15948388355596        217.15948372654867     
   1.0000000002286298        217.15948377619779        217.15948372654867     
   1.0000000000722991        217.15948374224908        217.15948372654867     
   1.0000000000228630        217.15948373151357        217.15948372654867     
   1.0000000000072300        217.15948372811872        217.15948372654867     
   1.0000000000022864        217.15948372704517        217.15948372654867     
   1.0000000000007230        217.15948372670567        217.15948372654867     
 comp:           1
   1.0000000799531785       -85.320087393563938       -85.320080571952303     
   1.0000000247936549       -85.320082687348943       -85.320080571952303     
   1.0000000078254283       -85.320081239618474       -85.320080571952303     
   1.0000000024741444       -85.320080783046507       -85.320080571952303     
   1.0000000007823782       -85.320080638704880       -85.320080571952303     
   1.0000000002474092       -85.320080593061277       -85.320080571952303     
   1.0000000000782376       -85.320080578627540       -85.320080571952303     
   1.0000000000247409       -85.320080574063198       -85.320080571952303     
   1.0000000000078237       -85.320080572619830       -85.320080571952303     
   1.0000000000024740       -85.320080572163391       -85.320080571952303     
 comp:           2
   1.0000000178367545        170.70985311041002        170.70985006550035     
   1.0000000055312164        170.70985100973348        170.70985006550035     
   1.0000000017457749        170.70985036352130        170.70985006550035     
   1.0000000005519569        170.70985015972482        170.70985006550035     
   1.0000000001745406        170.70985009529616        170.70985006550035     
   1.0000000000551945        170.70985007492260        170.70985006550035     
   1.0000000000174540        170.70985006847994        170.70985006550035     
   1.0000000000055196        170.70985006644258        170.70985006550035     
   1.0000000000017453        170.70985006579829        170.70985006550035     
   1.0000000000005520        170.70985006559457        170.70985006550035     
 comp:           3
   1.0000000000000000        103.60364175641274        103.60364175641274     
   1.0000000000000000        103.60364175641274        103.60364175641274     
   1.0000000000000000        103.60364175641274        103.60364175641274     
   1.0000000000000000        103.60364175641274        103.60364175641274     
   1.0000000000000000        103.60364175641274        103.60364175641274     
   1.0000000000000000        103.60364175641274        103.60364175641274     
   1.0000000000000000        103.60364175641274        103.60364175641274     
   1.0000000000000000        103.60364175641274        103.60364175641274     
   1.0000000000000000        103.60364175641274        103.60364175641274     
   1.0000000000000000        103.60364175641274        103.60364175641274     
 
 part:           5
 comp:           0
  0.99999997631244197        274.50012733453536        274.50013383677322     
  0.99999999265443629        274.50013182041499        274.50013383677322     
  0.99999999768157699        274.50013320036578        274.50013383677322     
  0.99999999926699046        274.50013363556201        274.50013383677322     
  0.99999999976820653        274.50013377314588        274.50013383677322     
  0.99999999992670063        274.50013381665252        274.50013383677322     
  0.99999999997682076        274.50013383041050        274.50013383677322     
  0.99999999999266997        274.50013383476113        274.50013383677322     
  0.99999999999768219        274.50013383613697        274.50013383677322     
  0.99999999999926692        274.50013383657199        274.50013383677322     
 comp:           1
  0.99999992339594224        112.56384787422446        112.56385649707263     
  0.99999997624491399        112.56385382310854        112.56385649707263     
  0.99999999250236715        112.56385565311017        112.56385649707263     
  0.99999999762949388        112.56385623023932        112.56385649707263     
  0.99999999925039451        112.56385641269415        112.56385649707263     
  0.99999999976295439        112.56385647038987        112.56385649707263     
  0.99999999992503952        112.56385648863480        112.56385649707263     
  0.99999999997629552        112.56385649440436        112.56385649707263     
  0.99999999999250400        112.56385649622885        112.56385649707263     
  0.99999999999762956        112.56385649680581        112.56385649707263     
 comp:           2
  0.99999998180627270       -211.55167770347754       -211.55168155239113     
  0.99999999435808540       -211.55168035883460       -211.55168155239113     
  0.99999999821928642       -211.55168117567817       -211.55168155239113     
  0.99999999943699669       -211.55168143328683       -211.55168155239113     
  0.99999999982196608       -211.55168151472776       -211.55168155239113     
  0.99999999994370092       -211.55168154048096       -211.55168155239113     
  0.99999999998219669       -211.55168154862480       -211.55168155239113     
  0.99999999999437006       -211.55168155120012       -211.55168155239113     
  0.99999999999821965       -211.55168155201449       -211.55168155239113     
  0.99999999999943689       -211.55168155227202       -211.55168155239113     
 comp:           3
   1.0000000000000000       -133.88647324979678       -133.88647324979678     
   1.0000000000000000       -133.88647324979678       -133.88647324979678     
   1.0000000000000000       -133.88647324979678       -133.88647324979678     
   1.0000000000000000       -133.88647324979678       -133.88647324979678     
   1.0000000000000000       -133.88647324979678       -133.88647324979678     
   1.0000000000000000       -133.88647324979678       -133.88647324979678     
   1.0000000000000000       -133.88647324979678       -133.88647324979678     
   1.0000000000000000       -133.88647324979678       -133.88647324979678     
   1.0000000000000000       -133.88647324979678       -133.88647324979678     
   1.0000000000000000       -133.88647324979678       -133.88647324979678     
 
 part:           6
 comp:           0
   1.0000000272562506        47.240930917575589        47.240929629964974     
   1.0000000084522227        47.240930029255829        47.240929629964974     
   1.0000000026677092        47.240929755990038        47.240929629964974     
   1.0000000008434422        47.240929669809972        47.240929629964974     
   1.0000000002667149        47.240929642564829        47.240929629964974     
   1.0000000000843425        47.240929633949392        47.240929629964974     
   1.0000000000266716        47.240929631224958        47.240929629964974     
   1.0000000000084344        47.240929630363418        47.240929629964974     
   1.0000000000026672        47.240929630090974        47.240929629964974     
   1.0000000000008435        47.240929630004821        47.240929629964974     
 comp:           1
   1.0000000593719498       -24.994551070312749       -24.994549586337605     
   1.0000000184113711       -24.994550046521532       -24.994549586337605     
   1.0000000058110377       -24.994549731581873       -24.994549586337605     
   1.0000000018372599       -24.994549632259091       -24.994549586337605     
   1.0000000005809815       -24.994549600858978       -24.994549586337605     
   1.0000000001837221       -24.994549590929658       -24.994549586337605     
   1.0000000000580980       -24.994549587789738       -24.994549586337605     
   1.0000000000183722       -24.994549586796811       -24.994549586337605     
   1.0000000000058098       -24.994549586482819       -24.994549586337605     
   1.0000000000018372       -24.994549586383524       -24.994549586337605     
 comp:           2
   1.0000000184845552        35.834805613407902        35.834804951017468     
   1.0000000057321008        35.834805156426185        35.834804951017468     
   1.0000000018091784        35.834805015849021        35.834804951017468     
   1.0000000005720031        35.834804971515084        35.834804951017468     
   1.0000000001808798        35.834804957499259        35.834804951017468     
   1.0000000000571991        35.834804953067184        35.834804951017468     
   1.0000000000180880        35.834804951665646        35.834804951017468     
   1.0000000000057199        35.834804951222438        35.834804951017468     
   1.0000000000018088        35.834804951082283        35.834804951017468     
   1.0000000000005720        35.834804951037967        35.834804951017468     
 comp:           3
   1.0000000000000000        17.967879045729003        17.967879045729003     
   1.0000000000000000        17.967879045729003        17.967879045729003     
   1.0000000000000000        17.967879045729003        17.967879045729003     
   1.0000000000000000        17.967879045729003        17.967879045729003     
   1.0000000000000000        17.967879045729003        17.967879045729003     
   1.0000000000000000        17.967879045729003        17.967879045729003     
   1.0000000000000000        17.967879045729003        17.967879045729003     
   1.0000000000000000        17.967879045729003        17.967879045729003     
   1.0000000000000000        17.967879045729003        17.967879045729003     
   1.0000000000000000        17.967879045729003        17.967879045729003     
 
 part:           7
 comp:           0
   1.0484750752247940        4.3603023704166779E-005   4.1587086555031602E-005
   1.0046463339725540        4.1780314048111785E-005   4.1587086555031602E-005
   1.0004627123917988        4.1606329415319425E-005   4.1587086555031602E-005
   1.0000462521157645        4.1589010045773252E-005   4.1587086555031602E-005
   1.0000046250204295        4.1587278896156522E-005   4.1587086555031602E-005
   1.0000004625001315        4.1587105789064602E-005   4.1587086555031602E-005
   1.0000000462499943        4.1587088478434120E-005   4.1587086555031602E-005
   1.0000000046249995        4.1587086747371852E-005   4.1587086555031602E-005
   1.0000000004624996        4.1587086574265613E-005   4.1587086555031602E-005
   1.0000000000462497        4.1587086556954990E-005   4.1587086555031602E-005
 comp:           1
   1.7355633356547745E-005   0.0000000000000000     
   5.3820198271440866E-006   0.0000000000000000     
   1.6986850120513302E-006   0.0000000000000000     
   5.3706861948212649E-007   0.0000000000000000     
   1.6983276158086107E-007   0.0000000000000000     
   5.3705732079832530E-008   0.0000000000000000     
   1.6983240425389615E-008   0.0000000000000000     
   5.3705720900547155E-009   0.0000000000000000     
   1.6983239836321268E-009   0.0000000000000000     
   5.3705722890591774E-010   0.0000000000000000     
 comp:           2
  -7.7468989329557253E-006  -0.0000000000000000     
  -2.4023302866281878E-006  -0.0000000000000000     
  -7.5822880311790188E-007  -0.0000000000000000     
  -2.3972713814102430E-007  -0.0000000000000000     
  -7.5806927493967379E-008  -0.0000000000000000     
  -2.3972209483550587E-008  -0.0000000000000000     
  -7.5806767996712153E-009  -0.0000000000000000     
  -2.3972204493540007E-009  -0.0000000000000000     
  -7.5806765367333635E-010  -0.0000000000000000     
  -2.3972205381820735E-010  -0.0000000000000000     
 comp:           3
  0.94362758185172990        3.9242721922183059E-005   4.1587086555031602E-005
  0.99459987212954926        4.1362510969874927E-005   4.1587086555031602E-005
  0.99946224982986165        4.1564723092161076E-005   4.1587086555031602E-005
  0.99994624750560623        4.1584851145394698E-005   4.1587086555031602E-005
  0.99999462497568481        4.1586863023430170E-005   4.1587086555031602E-005
  0.99999946249981941        4.1587064201965067E-005   4.1587086555031602E-005
  0.99999994625000477        4.1587084319725898E-005   4.1587086555031602E-005
  0.99999999462500089        4.1587086331501050E-005   4.1587086555031602E-005
  0.99999999946249973        4.1587086532678531E-005   4.1587086555031602E-005
  0.99999999994624966        4.1587086552796282E-005   4.1587086555031602E-005
 
 part: i_fks+j_fks
 comp:           0
   1.0000000067030697        276.25008502589668        276.25008317417314     
   1.0000000006427274        276.25008335172663        276.25008317417314     
   1.0000000000640092        276.25008319185571        276.25008317417314     
   1.0000000000063982        276.25008317594063        276.25008317417314     
   1.0000000000006397        276.25008317434987        276.25008317417314     
   1.0000000000000637        276.25008317419076        276.25008317417314     
   1.0000000000000064        276.25008317417490        276.25008317417314     
   1.0000000000000004        276.25008317417326        276.25008317417314     
   1.0000000000000000        276.25008317417314        276.25008317417314     
   1.0000000000000000        276.25008317417314        276.25008317417314     
 comp:           1
   1.7355633356547745E-005   0.0000000000000000     
   5.3820198271440866E-006   0.0000000000000000     
   1.6986850120513302E-006   0.0000000000000000     
   5.3706861948212649E-007   0.0000000000000000     
   1.6983276158086107E-007   0.0000000000000000     
   5.3705732079832530E-008   0.0000000000000000     
   1.6983240425389615E-008   0.0000000000000000     
   5.3705720900547155E-009   0.0000000000000000     
   1.6983239836321268E-009   0.0000000000000000     
   5.3705722890591774E-010   0.0000000000000000     
 comp:           2
  -7.7468989329557253E-006   0.0000000000000000     
  -2.4023302866281878E-006   0.0000000000000000     
  -7.5822880311790188E-007   0.0000000000000000     
  -2.3972713814102430E-007   0.0000000000000000     
  -7.5806927493967379E-008   0.0000000000000000     
  -2.3972209483550587E-008   0.0000000000000000     
  -7.5806767996712153E-009   0.0000000000000000     
  -2.3972204493540007E-009   0.0000000000000000     
  -7.5806765367333635E-010   0.0000000000000000     
  -2.3972205381820735E-010   0.0000000000000000     
 comp:           3
  0.99999999091917657        276.25008066559491        276.25008317417314     
  0.99999999913031834        276.25008293392352        276.25008317417314     
  0.99999999991339827        276.25008315024940        276.25008317417314     
  0.99999999999134337        276.25008317178174        276.25008317417314     
  0.99999999999913436        276.25008317393400        276.25008317417314     
  0.99999999999991318        276.25008317414915        276.25008317417314     
  0.99999999999999112        276.25008317417070        276.25008317417314     
  0.99999999999999900        276.25008317417286        276.25008317417314     
  0.99999999999999978        276.25008317417308        276.25008317417314     
   1.0000000000000000        276.25008317417314        276.25008317417314     
