   0.0000000000000000        0.0000000000000000        0.0000000000000000        0.0000000000000000        0.0000000000000000        0.0000000000000000        0.0000000000000000        0.0000000000000000        0.0000000000000000        0.0000000000000000        0.0000000000000000        0.0000000000000000        0.0000000000000000     
  0.23744473656970760        5.6294590011569954E-003   5.0369024085774212E-003   8.6551881556272085E-003   1.4672072735151007E-002   1.4493682388158926E-002   6.0433394524840776E-002   1.4523407776732618E-002  0.40001244588638746       0.14953450520997053        6.8666111441905167E-002   1.8812499674739986E-002   1.5467586379535495E-002
  0.71128389463797204       0.74282440913501080        1.2310431901014651       0.99709236388473688       0.80461643965130558        1.0268780959114874       0.71128389463797204       0.92333643944701804       0.79132572122524114       0.85151020587607917       0.86842075973689969       0.99673829227326805       0.99532009389806886     
  0.27762725438060132        1.1518631006880714E-002   1.0305083651860503E-002   1.7490841969783101E-002   2.9316220662872677E-002   2.7134770159598396E-002   9.9451917331419185E-002   2.9106882793072761E-002  0.52154066481288108       0.20018362833552253       0.11142624239857808        3.6778714800843458E-002   3.0561551074548901E-002
   1.0517263581920639        1.3418448754472330        1.3303409110259734        1.1218478950616624        1.0432245460701419       0.87353923133278966       0.89917845858339285       0.91792687341041612       0.94550303350095999       0.78316204478950002       0.79798084868835140       0.90181754242304013        1.1819336323105427     
  0.29824421390390066        1.6469235952181679E-002   1.5696246494965295E-002   2.7252654891707976E-002   4.3931022959900735E-002   4.0589768807455587E-002  0.12725714626728207        4.2367215623077749E-002  0.57965402122387533       0.23396887533127819       0.14888273000305779        5.4565299133756857E-002   4.4551931492438156E-002
  0.97462477486805088        1.0457231858365406        1.1690846392076362       0.92002743137270837        1.2200483526319577       0.79100321469129020       0.75400983074293659       0.89960425595324478       0.98343831988697550       0.86381397745189548       0.79126951414657920        1.1609725909653290       0.79986837483238959     
  0.32177860659090057        2.1497603438267471E-002   2.1017589127051973E-002   3.7775219636170067E-002   5.8919803344657642E-002   5.3627359271483030E-002  0.15115026398551343        5.3841515422843975E-002  0.61338679899630466       0.25716130948312893       0.19062121099621709        7.4668816479592018E-002   5.8056573621067253E-002
  0.92124033900217517        1.1990919830866755        1.0652384281418663       0.99696401158398018       0.97677457061328254       0.83708666596764636       0.88949550461544535       0.73822048261276640       0.97985499957672273       0.98487405859729582       0.92974844546270552        1.2564064964624733       0.99846029446233275     
  0.33396770005743220        2.5673940544795642E-002   2.6152108134863492E-002   4.9359049037073936E-002   7.4834446486193279E-002   6.7407519367935390E-002  0.17459764592634178        6.4944976937614793E-002  0.63980843470891513       0.27805451314879115       0.21556266029148660        9.4880622426923356E-002   7.1691872042703539E-002
  0.92929357201057694        1.0037746226139865        1.0676211958704356       0.91939481019735136        1.0113143147975230       0.94768012875408503        1.0596988781172902       0.99912116876039447       0.80717287733690968        1.0597117302656835       0.81917238386841940        1.0328392717291126       0.82407042211354786     
  0.34624574960556054        2.9770952564395964E-002   3.0819556339478370E-002   6.2261314478695824E-002   9.1430017997435317E-002   8.1283950185597934E-002  0.19623085562535034        7.8023693724882229E-002  0.66330313745299496       0.29080148300249481       0.24066929322742028       0.11393210560984303        8.5795704753403340E-002
  0.89347719549307691       0.88217696732282247       0.92265925473928190        1.1831535898198542       0.96411665397128121       0.97855755103998054       0.89539259889742939        1.0617916583699205       0.93907047448734859       0.94078390315416105        1.0308853427348823        1.0923125681127037       0.89841847071825576     
  0.35888805415315589        3.4532206918205681E-002   3.5329787250059627E-002   7.5064997718221532E-002  0.10935670119832555        9.6523341529585249E-002  0.21374354997091458        9.1058521662276529E-002  0.68406644200223865       0.30363333021023131       0.25454872249193650       0.13035544988876119        9.9836021575757605E-002
   1.0018129913669114        1.0415851414592991        1.0215839300310692        1.1284064951384984        1.0219649640618698        1.0047088520267962       0.97944464539875642       0.95554267056221642       0.88770237549970143       0.87461349016344492       0.88533851202917713        1.0330140098235170       0.84857844892521961     
  0.37171101105149035        3.9597593900657667E-002   4.0192443448415389E-002   8.8704031771678751E-002  0.12710650518500111       0.11268026057572283       0.22954742592080088       0.10496014001775691       0.70279196395877641       0.31606504322068002       0.26781764994236701       0.14336784275904760       0.11416026884731496     
  0.77766390680074071        1.1823515607341675       0.99892952359315479       0.90808322927239715       0.97996812522661991       0.89058124540210526       0.84707669080153769       0.81190441414072123       0.96756225767947768       0.87677753148131909       0.94080483460904651       0.95354513834934218       0.91908026433293699     
  0.38449820489477871        4.4589633596467143E-002   4.5515634065576537E-002  0.10163204893986075       0.14435364374784607       0.12814807843581358       0.24501706706007240       0.11818189226444820       0.72141026488094329       0.32557581612589276       0.27838614502933562       0.15683557198884138       0.12843094372098041     
  0.72152725786639882        1.1743731443638052       0.84955512398213950       0.95230212759821742       0.98191420915432415       0.88953258516192324       0.93592110954331931       0.85104839414573519       0.80280130369041924       0.96621875044873939       0.83764578888059416       0.84654607862936404        1.0633672769787545     
  0.39696445462503749        4.9299426962169268E-002   5.1464235556253492E-002  0.11335646094288805       0.15980803309534536       0.14192431548253170       0.25807664591872048       0.13147429108390488       0.73761883338527579       0.33436701162613391       0.28782719347671865       0.17116240250914971       0.14151171820550007     
  0.80252662638948236       0.93958439943001071        1.0749566941843742       0.86830108502892489       0.91605078311745325       0.87204307806141634        1.0305510401334346       0.94217511180700819       0.95780129591057095       0.75090293730357438       0.80112401070831984       0.85896420304063792       0.88447332875236218     
  0.41115147852329537        5.3670913743289902E-002   5.8161129118579055E-002  0.12468316886156139       0.17285015311726168       0.15481309112532649       0.27137047737556536       0.14442133106599392       0.75059376054679150       0.34403802223738167       0.29712783505340984       0.18606480577938894       0.15410734574504772     
  0.76269297064754837       0.96376638763609312        1.1516190734004508       0.85729074867061505       0.97328830354642737        1.1321078490085834       0.91129944658138140       0.94932279289913879       0.92833012582342034       0.82272118763765500        1.0307716559928406       0.85268803634644619       0.89405727135177759     
  0.42672349011315674        5.8020473669313316E-002   6.5272321023172458E-002  0.13617458674590421       0.18485325996422983       0.16830938259855679       0.28381566611557596       0.15696462527341853       0.76296885112361712       0.35412729762959672       0.30738704472036921       0.20129543002167299       0.16669116694347613     
  0.80336402884312075        1.1404181373223967       0.95089885806222407        1.0530780024616169       0.87950446683280559       0.85936486432909098        1.0619535066028039       0.83067848567085611       0.87364893721127912       0.91089570823746280       0.91506726646786540       0.94754855862393883       0.89555991035621962     
  0.44216086069252442        6.2434156500224047E-002   7.2355738206932252E-002  0.15024942505159883       0.19656971153274841       0.18195017383784490       0.29669550683200263       0.17182754249720883       0.77479399774557367       0.36380459216100508       0.31723899215604068       0.21582654842970067       0.18071329050756157     
  0.87073194635210482       0.75929814242449545       0.81981253125139508       0.79948585957966156       0.72009311134195375       0.86838311506702737       0.92533914355298619       0.96160755096573647       0.89942433123357446       0.91685918485270979       0.87451172629512719        1.1885522078774131       0.82087572168066181     
  0.45767274657475332        6.7067433410702718E-002   7.9582151894498479E-002  0.16581122456228584       0.21096628420363780       0.19546382155963876       0.30969852338086751       0.18767698676878436       0.78583805297407650       0.37285245115413518       0.32664706309046271       0.23086313752167001       0.19528979511632868     
  0.94243831806110379        1.0984789908697841        1.0355229640196348       0.87800181999275162       0.82902618416716045       0.85218535956685437       0.88635288069821894       0.89637184224430200       0.95306748890136073       0.96072555298395468        1.0415107279189668       0.92291523749314075       0.90641191262616960     
  0.47409335286144294        7.2003459270594219E-002   8.6943258582167407E-002  0.18113151887785156       0.22497543461370978       0.20900442041343920       0.32208013939398361       0.20417518827320627       0.79631627243061887       0.38093758797707700       0.33573298157166814       0.24626570705451850       0.20892953424139510     
   1.0890454833245069        1.0534601498720775       0.81079309863654647       0.83589437455635662       0.95490637796409916       0.92815315377951324       0.89932007950139092       0.92279443716195886        1.0298940073901812       0.98395515218052831       0.98432960257068314       0.82986160154797739       0.72876782943324814     
  0.49026884169345863        7.7249683242202175E-002   9.4356771293783379E-002  0.19675693926853133       0.23811063892675660       0.22255604596336401       0.33368367665151527       0.22151836466496164       0.80596889937136706       0.38860562899596374       0.34493222225793002       0.26338153123306551       0.22249384047337475     
   1.0007394660752893       0.92031966100770202       0.96494682814357990       0.84318390705189272       0.91005605695081337       0.86827312532827705        1.0309793633044568        1.0429252395958266       0.86097432218104586       0.85415548422416199       0.73434828655013484        1.0400056084760265       0.87831544478872658     
  0.50453830822625845        8.2824447429277137E-002  0.10217334074135706       0.21263348138783442       0.25112350571540698       0.23655651770325237       0.34533398839832047       0.23670878651011271       0.81505870880240439       0.39565040132698404       0.35500709983769285       0.28029723039107546       0.23591424296665769     
  0.83466352619575690        1.0623053629872139        1.2003354903269190       0.92881341118278615       0.90740043183196939       0.82108227367018516       0.78129356067851630       0.83466352619575690       0.85044467131518398       0.82900720808753370       0.83031991353692336       0.79483478118394757       0.85320537524816165     
  0.51820507936711424        8.8530407541829781E-002  0.11050465463006263       0.22851592439226606       0.26445807375602959       0.25057764064869015       0.35705966465762090       0.25024537411027897       0.82327464383161730       0.40311416128780836       0.36600100493980120       0.29731916152100679       0.24966998664109091     
  0.90655819559111595        1.0183051943780943        1.0286054074315516        1.0250339649411715       0.81747209187416781       0.91278235717943967       0.99513334562194955       0.95974524980683473       0.96702553094337396       0.88887041778798148       0.84510618101886925        1.0401637914132753       0.83092662945154361     
  0.53256951148467468        9.4184206203448764E-002  0.11885762658089817       0.24463995973902647       0.27790016070075435       0.26506586353858491       0.36849435417759835       0.26598747689762386       0.83043828666862618       0.41050503134672017       0.37687305341351313       0.31498723591099775       0.26523960868500218     
  0.90463781452131797       0.93840787707064943       0.82792652548211598       0.89616800009439734       0.86545049715733235        1.0557303687931689       0.84239105881475007        1.1416492306936707       0.92018624104253299       0.99505941160847955       0.81526131537403945       0.87497253702908717       0.94092620426910778     
  0.54734297619162420       0.10032160848255364       0.12713002396422177       0.26204870036630734       0.29035286935728921       0.28041007984280186       0.37977326470090328       0.28206980100756224       0.83740414408078956       0.41774409983372057       0.38760967660813495       0.33312840706164565       0.28119403420221978     
   1.1729055981160676       0.88258155807867267       0.93727682156159153       0.98037752363532293       0.96611142586546095        1.0757096000986288       0.83466352619575690        1.0423421765822074       0.85346031234178343        1.0036079684388104       0.98128925608521955        1.0490354328478599       0.94388601056586197     
  0.56229771320635413       0.10697277389610996       0.13560250258133141       0.27789084887020093       0.30125211826036369       0.29522562397121427       0.39129042369422451       0.29929270724232565       0.84399435998494776       0.42514820037971496       0.39815158269372442       0.35105444868191471       0.29695107244393831     
  0.89924528100824763        1.0420889711544101       0.81538533074309727       0.84333052382793217       0.83497954816478315       0.88128107886246709       0.88966426893334360       0.94920327030138540       0.86285484277339264       0.89749383193636423        1.0791067149282272       0.98204861112668485       0.79132572122524114     
  0.57669456051795509       0.11320806907334541       0.14476494724074007       0.29492478308092790       0.31328441029701126       0.30990000013299979       0.40263114770942904       0.31648395677419705       0.85041559856292726       0.43248813808857511       0.40870817018512134       0.36785981066212792       0.31195072402776325     
  0.90602735353209563       0.93208609664677489        1.0490190380359818        1.0265939801135948       0.90295257811522855        1.1006884450987307        1.0411410263539334       0.79350228128650879       0.87432398614811568       0.83593729067443057       0.98504548343158760       0.93564997671831129       0.86431269712505820     
  0.59029016630125319       0.11915437963485551       0.15493645131424977       0.31135262176102491       0.32527625973490620       0.32527882082464987       0.41425706935093026       0.33198637900633637       0.85711804801696645       0.43970222186078772       0.42094283656822723       0.38367369688189745       0.32602677601598529     
   1.0633768637127203       0.95903189052491389       0.90939020568829187       0.89420156288478603       0.90827733158495383       0.94136485986964491       0.92449289765934350       0.86462623775921332        1.0862152645204126        1.0459489311346473        1.0197320470752753       0.97781654331630619       0.99381988344064875     
  0.60216141159477132       0.12589790106930512       0.16604242208485123       0.32706186374499413       0.33801561439786793       0.33986459636006161       0.42602976012740262       0.34816732938355677       0.86343416977980036       0.44649017028337978       0.43462061168917770       0.39787161498402518       0.34085726546654965     
  0.88601287819362440        1.0671632048272706        1.0148963631400576        1.1424999831219194       0.92858944484246420       0.83495174612706369       0.98895908633192342       0.97051420913789921       0.91907234491379119       0.99036596882700267        1.2493590661477150        1.2278658795239912       0.89578762234213272     
  0.61374398216041781       0.13273876240126223       0.17735193906163849       0.34309164953876747       0.35213895707189058       0.35337064812840735       0.43670945403266931       0.36197716333624175       0.86847125322970153       0.45302248115064669       0.44866105795240929       0.41234231548560080       0.35577009438832113     
  0.87123947076314989       0.93607045504572572       0.83328349561082893        1.0068737785436468       0.97944464539875642       0.81764922404148399       0.80187535596877757       0.85777789779082148       0.91360853228864536       0.95237377876201268       0.88410190499347374       0.83442843005783285       0.86153760397199552     
  0.62497929581375367       0.14042827183210999       0.18909503366362471       0.35837478513412557       0.36854797767656217       0.36637384884881574       0.44661259922875002       0.37673770652218252       0.87354631008220318       0.45951111259876531       0.46390220361778717       0.42730754335849469       0.37016584880188452     
  0.90532744377332985       0.96682069779736712        1.0190662429191497        1.0186544774593036       0.93250203060453296       0.97238178478045356       0.98949038522224930       0.84761858443749905       0.98832754102908182       0.86751844242859555        1.2589910165155522        1.0990650370317292       0.86533353943241831     
  0.63701040323434843       0.14761357019336332       0.20132999171919769       0.37445586741992642       0.38537427060852514       0.37963717385708062       0.45550797071740806       0.39124561915167855       0.87868886180457939       0.46631525077043878       0.47872107125190999       0.44311706151123476       0.38377947893475656     
  0.84481312621781079       0.80358523502796286       0.99226337249002672       0.94807969904263567       0.93194699081700838       0.98713503657912549       0.96488074659316003       0.84838412561409060       0.89833455990197730        1.0041447300533199        1.2909110882659574        1.1041176079594841       0.82678445451840110     
  0.64874533983050564       0.15594412221501971       0.21403335124618328       0.39053562202974323       0.40089328831253490       0.39275859001616925       0.46431163011205540       0.40821737738477315       0.88381328299301076       0.47324370633900020       0.49251729768756930       0.45936449120642597       0.39693429290329724     
  0.95299408510448991       0.93783885987063631       0.98748818481728839       0.95957762021273929        1.1134591074552365       0.75739507563292452       0.85879602540614564       0.85758525451631917        1.0536658854727539       0.90508368997541278       0.93169019077513249       0.95936881504098070       0.97377591525672136     
  0.66059909244260517       0.16409876096066930       0.22655515805713355       0.40668893836351327       0.41529031537279537       0.40537508967283398       0.47353241853969802       0.42140660693553011       0.88909595645147688       0.47980233680457685       0.50497717175383439       0.47509355123190411       0.40998037929393116     
  0.86394411460218823        1.0046313240114930       0.85247523553016158       0.92289917797080656       0.93943728654289660       0.88954382891169692       0.85923891809630260       0.90528081120719228       0.92808860601459120        1.0890927609482426       0.95012525319231156       0.93152707228634235       0.82442851691027275     
  0.67435624343277589       0.17256186165516385       0.23930691587980560       0.42166467538691960       0.42934163737411180       0.41942574405350747       0.48249325435956147       0.43305124437442677       0.89396825138639746       0.48747578546832554       0.51648187609412299       0.49076068928766986       0.42442753827460739     
  0.80614236068503264       0.92105966099758951       0.88565159041982866       0.98996805150083067       0.97564552578347052       0.81608935554462281        1.0505601517916578       0.84402039419796204        1.1424748222774792        1.1841529260190682       0.87664784188680900        1.0757487060153970       0.96308326573654945     
  0.68854840222993696       0.18073713291598881       0.25336440095709756       0.43625165150934220       0.44542929740461051       0.43476782510241374       0.49244624111108720       0.44471544326718476       0.89852028655157512       0.49593813805982112       0.52893249310940060       0.50592891809825247       0.44037996411746411     
  0.86807942765745960        1.1709818981164091       0.82274622658362861        1.0635173841942327       0.87238244878020721        1.0054244053889958       0.87282675297872292       0.94032110423735149       0.84717671612246293        1.1761946356801329        1.0614921336224794       0.87641494020247435       0.92452080839216721     
  0.70198121722746754       0.18902564340962152       0.26631079190850132       0.45211973741137179       0.46317866797415114       0.45163839154290930       0.50234160752092305       0.45717567230199557       0.90302738606020605       0.50351270372968182       0.54221453836417888       0.51926481728497231       0.45694103451815110     
   1.2109378845483190        1.2068824818849946       0.87985060688754957       0.99395346308753307        1.0720514611418939       0.98328834151571853       0.94784591477979885       0.88122367652226108       0.93670740497145366       0.91337481446114022       0.85050380364757161       0.78018644166555273       0.92403538054040657     
  0.71375313773682658       0.19704440560551506       0.28042567578244126       0.46684787767498154       0.48052336903282777       0.46909055457209198       0.51284737179375461       0.47095047424341402       0.90719805438287460       0.51049560088181956       0.55590867117009324       0.53275899874523691       0.47345220278451228     
  0.98656305724829385       0.95771522168060474       0.96999762193101358       0.79132572122524114        1.1099573146125634       0.93060861471251677       0.94754894445264715       0.89476330999393983        1.0748247850409240       0.78342690492140266       0.94893015782099621       0.94756015964001672        1.0086203732323937     
  0.72574620814282209       0.20500364998717691       0.29473128627090284       0.48090440323501177       0.49698709562535442       0.48616358772841289       0.52390535460617804       0.48613618698402622       0.91115636694078994       0.51761051800210767       0.56998432106644348       0.54555785943863089       0.48922475917881364     
  0.92701103574968480       0.75263506143469738       0.96180882608428198       0.81915698298718054       0.86656717301143626        1.1725252355971032       0.85856427441514982        1.1191068018086281       0.87347098944360602       0.93572102771001753        1.0435696638730794       0.98146296898557928       0.80811640319468592     
  0.73766160868508768       0.21309680001440356       0.30975094417679339       0.49638658791724272       0.51380775362559428       0.50325008700005913       0.53454260377966989       0.50448071635465019       0.91519273429105763       0.52493581385935328       0.58458468952806319       0.56001832228019000       0.50551575959925032     
  0.85202065348647604       0.91259169229487425        1.0883331171529536       0.92114791298692245       0.84154752996773130        1.0824902095330147       0.99164939906721283       0.97384070872471351       0.97933929832987554       0.85184313454347382        1.0161904984815351       0.91529526868144373        1.2824361187215640     
  0.75017170945705991       0.22195553058748063       0.32601545239141072       0.51224785398203931       0.53142844914113574       0.52015847257661618       0.54531611556769810       0.52423700906143744       0.91875233947059853       0.53207842671253913       0.59966433370058858       0.57436668198204599       0.52247721553790427     
   1.0423956901706231       0.85240930982714480        1.0257912474319992       0.83368596400875095        1.2221036054234631       0.87412313778739092       0.98992307047108286       0.92988631627483420       0.93349772228457228       0.94636476256550628       0.91897634508652593       0.83384799054231229        1.0287712437788104     
  0.76336461230499397       0.23175538460790851       0.34354274219999337       0.52932938599417101       0.55026681837267899       0.53603955212421617       0.55611674869506156       0.54395248917098404       0.92221928397463393       0.53887947172362771       0.61399302961706337       0.58971825186660087       0.53920818230284995     
  0.81354166134146244       0.95510096355898988        1.1483468011878311       0.96725689307046248       0.90682194364892299       0.98188758642714014       0.97820719810727796        1.1281676476295421       0.85916911815541830       0.93804388466556232       0.83474902324814826       0.82760038364651167        1.2306688303702984     
  0.77514587148644731       0.24184369972514091       0.36101134504567339       0.54533920661718771       0.56916883726347522       0.55308352114604220       0.56660372991287145       0.56218273979693922       0.92554037137965006       0.54514221328078039       0.62782932569286709       0.60568463432874364       0.55614470976392549     
  0.93175978223600964        1.0250606621204363       0.97452228167108046       0.95049077456575060       0.84902146788516852       0.89860262675996516       0.93483474988503601       0.98078712288758096       0.75101294530456475       0.93987674211133687        1.0160335799723352        1.0119806581241573       0.92238267461239054     
  0.78657947436458353       0.25249913466147966       0.38023607019550942       0.56086538970882516       0.58820468737281872       0.57341833365339112       0.57687413242191277       0.58197281951955748       0.92909574284184770       0.55115981554349525       0.64185852542890121       0.62196519846764287       0.57342077556812321     
   1.0570572544394554       0.97814580679841723       0.94367520413179184       0.95102223648381778        1.0769929978743817       0.99952722299573749       0.95028977785270996       0.90813818477608899       0.94935080916230119        1.0219571858199639        1.0273784934471146       0.96128749866501395        1.2515749255813324     
  0.79607196709425654       0.26342974715655038       0.40056330341421753       0.57769768465523108       0.60809366052885194       0.59256934377118797       0.58655753113144582       0.60295582870522257       0.93231994882043190       0.55827813838865703       0.65600211959680410       0.63767189867530338       0.59077270588261876     
  0.89779706264763104       0.89362867719705341       0.82347061179180170       0.86696954536877302        1.1061986155958834        1.2998134479175130       0.91019551055108860        1.2435303486886236       0.94374704890220029        1.1501169898593451       0.80138071697364222       0.87867811687105168        1.3081313440432045     
  0.80566249695853687       0.27476893755205184       0.41990928204045191       0.59475507292219143       0.62697995065035417       0.61040538965637259       0.59642913640514006       0.62235403703206960       0.93530258571115710       0.56535996499227126       0.67178238607803387       0.65283779581550561       0.60851543882140025     
  0.76830575470404561       0.82495721566083169       0.88988264214651258        1.0340492176545724       0.90229214927871781       0.93430672613708465       0.85614447748352374        1.3057191100420120       0.84398442764903503       0.90813738035799541        1.1398748594298780       0.88404262987868576       0.92273312146806441     
  0.81656754181779490       0.28663458209009357       0.44010335552114949       0.61150127656925468       0.64271463806795925       0.62845972352292645       0.60704848775143638       0.64124386564154123       0.93806914546484599       0.57302297168218896       0.68892321198856776       0.66743334751913574       0.62654691959992093     
  0.92498617522584203       0.91683281590597399       0.99832714177147097        1.0713672604192173       0.83582922034485219       0.97415953812173339       0.86154986319734539       0.83971557540963548       0.84758353963003996       0.95373132161118523       0.96384026313408344       0.95627116548980806       0.91805781758273985     
  0.82750915302297923       0.29959204013812502       0.46142104524234789       0.62828752093798368       0.65824213819194766       0.64636104280730300       0.61817689000242426       0.65877623077622727       0.94070492213297108       0.58028566638018142       0.70509108922468477       0.68231632403874309       0.64457637855854188     
  0.87600288032817997       0.83944778869674708       0.84726583191041271       0.91512431227021485        1.0789868550293227       0.84328113227033841       0.81400155571085020       0.87438805724876811       0.97270159698965186        1.1333363609494989       0.98949115219575756        1.1421618299677232        1.0080455617349944     
  0.83712117682092202       0.31297917711314122       0.48527892301956527       0.64463466771962052       0.67347827631965074       0.66382631079027465       0.62980599618761857       0.67464676430901416       0.94347824485130638       0.58727563035475927       0.71982677379430449       0.69807065069794927       0.66341532089134969     
  0.92512025144355781        1.0487925229498711       0.94896969703694412       0.95949074094696907       0.80395667642489321        1.1783226571174892       0.99760912956569558       0.97900470258302041       0.82360145133312890       0.94777604727244757        1.0353099322298751        1.2548272880815126       0.95841126377901209     
  0.84733152577711923       0.32719914994550503       0.50994821146418612       0.66155809499550289       0.68994643397008781       0.68230050619950278       0.64111647746227529       0.69038147108045467       0.94646255902666743       0.59404133169392215       0.73379760384484483       0.71457863439119484       0.68275271901806212     
  0.93782069660252665       0.96861618576914676       0.81722758742240531        1.0505083605848080       0.97328467345287129        1.0386594345119988        1.0473662919833302       0.98831927196332248        1.2835154805361393       0.84032343800308973       0.93502020399515917        1.0758324693984980        1.0211613532747197     
  0.85702640675614417       0.34243161831961433       0.53428455640540962       0.67994985607417802       0.70765978929617823       0.70145837773425523       0.65142340728057901       0.70748567668954898       0.94957518596906176       0.60062157456883691       0.74726668103456806       0.73169205834032858       0.69993399157059821     
  0.95170921105385942       0.93200549861564530        1.0592202465459273       0.88297841577874214       0.95948226076474807        1.0015658629203339       0.93452780722483419       0.92882470970328290        1.0669480461705172        1.0013061984471783        1.0969130713675705       0.92702646929979793       0.95661578570101335     
  0.86711719707245394       0.35807426702827849       0.55886261984234709       0.69852820605906385       0.72527957166659041       0.72089577174472941       0.66113916766094971       0.72515007485270011       0.95265677249227088       0.60724232549385859       0.76266427751145405       0.74892760723937968       0.71709578845546529     
  0.92029937194906886        1.0541659761873079       0.96315001505471043       0.96217910996051459        1.1035262465770312        1.0352195357396927       0.95828331701444880       0.93945948701687643        1.0228335011371275        1.1285207970645121       0.95182362133047704        1.0062701949759931        1.0786290567875461     
  0.87812379715458833       0.37594199601696054       0.58403127625612061       0.71593348794435396       0.74150682688933101       0.73928184308243272       0.67164206524775638       0.74253714024402195       0.95568072052066633       0.61429106812483003       0.77867622945592696       0.76676534373402649       0.73323266083500982     
  0.84775390661925476       0.99110705831478774       0.95436345472068818        1.0962252397200893        1.0047164603022762        1.0037101910902957       0.93772682346926406        1.0465246148360994        1.0049543031257853       0.93831272798541399        1.0177203270186186       0.90630490256271845       0.84756323416148394     
  0.88821170549150796       0.39288922336715371       0.60967026194685714       0.73313547984753413       0.75781418537920042       0.75737414758876964       0.68296907856912736       0.76046833881939224       0.95869914196273065       0.62180131361700031       0.79233563642069293       0.78412356843721553       0.74936013094031806     
  0.89565144052503831       0.78246724516807187       0.85894218412494827        1.1326893991053557       0.94972958904390137        1.0399269444702020       0.96145953261488437       0.95358713958917307       0.94102221734703184        1.0130365805923853       0.99904532803246793        1.0532600210256522       0.93682783475605336     
  0.89737202165474683       0.40987524311540446       0.63333894371096433       0.75047589212927912       0.77462466192995194       0.77390717781467666       0.69425997328399891       0.77900244025428289       0.96161932126441529       0.63018973197548256       0.80492396169023728       0.80117010216063445       0.76477701648699115     
  0.90012470278113377        1.0237174602050358       0.79095639618431579       0.93925181732578011       0.87396139041122667       0.97196782039789298       0.89029876563558252       0.94765359155469797       0.97049318209723290       0.99126229445855985       0.88037477270783460       0.83466352619575690       0.88000766504127692     
  0.90635151618369902       0.42794223672911136       0.65929983150769877       0.76836777979105564       0.79006312380033905       0.79074020444149895       0.70716879700667279       0.79757860326357055       0.96442180738046523       0.63761258780186780       0.82026186871287665       0.81716313469563917       0.78043681021866740     
   1.0244407126305799       0.88707163219641771       0.96126846087667706       0.87738302808123980        1.3245480708786401       0.99341013667621669        1.0542529111728405        1.1690895628278037        1.1047868411034554       0.94995807828209300       0.88421323836581511       0.84049699275547851        1.0254046169840654     
  0.91547672440387751       0.44660183531666731       0.68728615876768617       0.78552604510202317       0.80549531297326404       0.80713726744184033       0.72069793316969699       0.81454950355793043       0.96696845559919953       0.64602071685325269       0.83509187507505811       0.83266448307033314       0.79580425763378027     
  0.84692320952724909        1.0013311783832430       0.91609370970388859       0.89953113176079136       0.89349169055870870        1.1510229852858196        1.1827655527337506       0.92884065562241735       0.92747085487150960       0.94386739459314317       0.81805983601083121       0.74490729891405261       0.92012445597319670     
  0.92421948641734153       0.46641241860716037       0.71811832151763999       0.80172590555392786       0.82237268547463716       0.82472415516764641       0.73419395710966506       0.83029302727377940       0.96948564963726147       0.65449138371521498       0.84883319291616854       0.84790286987077657       0.81050563184597102     
   1.0328863984719785       0.95328636348990248       0.79132572122524114       0.96483070492932810       0.99976585976593868        1.0745344155053191        1.0448732584317075        1.1209147809928641        1.0983117162857174       0.91138300823097751        1.0218538542889777       0.91158827250706320       0.79803494556335275     
  0.93172385839786331       0.48630842984487954       0.74878312499324129       0.81988304942147450       0.83982416508627966       0.84162928666199965       0.74816787903969351       0.84560299121160454       0.97192453403332946       0.66313556243157767       0.86243496771715822       0.86357818051403590       0.82471158994794447     
  0.92927910712750084       0.87891551122560263       0.91795591310355584       0.96280875443604308       0.91699946519662234       0.95829903312105447        1.1590920100862694       0.96300966528237597       0.91769338967795899       0.96725729789101289       0.92557417087461757       0.88600413616435503       0.93481030867125281     
  0.93869622124801710       0.50790494814010934       0.77864762069511895       0.83882126171491012       0.85816801915731833       0.85742213212290397       0.76270106028617868       0.86060514837338409       0.97428921863222584       0.67206374384639278       0.87612838003034077       0.88014911964712228       0.84104972787664667     
  0.85761943973208854       0.86805006140281626       0.81754773108586642       0.95780797435398279        1.0202887015199424        1.0122152531681052        1.0448394374374430       0.96450074642197736        1.1456596580388907       0.98505479132184726       0.96927866194472756        1.1241343895577700       0.86077847898599147     
  0.94567077465961868       0.53098600853196964       0.80643856521019963       0.85760733703980940       0.87527416566540450       0.87267876891841545       0.77715586258008551       0.87675007174458375       0.97720792657291300       0.68147709440885262       0.89003460519742095       0.89608168947010258       0.85737119392013628     
   1.1217659024527926       0.84576833917789385       0.93102980798313228       0.79978786880175590       0.93784413878792328       0.84979806632351074        1.1644134046058807       0.89085400591340580        1.1842544511933790        1.0119011305733403       0.92406352382791024       0.98021539631876631       0.87032049760898078     
  0.95263989470189236       0.55708985969191294       0.83308794771549199       0.87598980279063554       0.88983856878776646       0.88763809168012486       0.79185586231040872       0.89416294365882187       0.97978067690803650       0.69178307128885608       0.90409387057529245       0.90872478505639065       0.87351838109430457     
   1.0491025121427315       0.98965083474431437       0.81817978411552506       0.93178579002207640       0.89304380095346614       0.91834169021078704        1.1106012822431079       0.99178182525866831        1.0716686387121039        1.1904637359887804       0.96126185600000535       0.98393720555222974       0.98985468299274437     
  0.95955260561515865       0.58401767664230897       0.86288643793475195       0.89283920937411554       0.90581126797379652       0.90246175921672755       0.80842731240897037       0.91129402732688947       0.98238343169502162       0.70256608306182744       0.91714035522216908       0.92037274434915373       0.88946146585090913     
   1.0305382795640843       0.84472278220752117       0.91672847251412648       0.90177820324526548        1.4282980572069526       0.96757628076470559        1.0382320548578190        1.0395385725715971       0.91855037732224931       0.92151107019406153        1.1065903868050262       0.82176832695804602        1.1403866480776665     
  0.96637318098549529       0.61628404787604019       0.89250320973689290       0.90876221385697376       0.92236689788083792       0.91809338075861946       0.82648948791739030       0.92569784012250167       0.98498544092472085       0.71478674408260867       0.92958975828547474       0.93230980057424717       0.90693160173868248     
   1.0890595901607660       0.84317261899842477       0.95565504987967143       0.88340636555192664       0.93237737140424959        1.0562766376862840        1.0016988452893780        1.1385250506467668       0.98115234027574261       0.96598110337775656        1.0053657357515555       0.77730721836144967        1.2505540444210479     
  0.97314370157403074       0.65442150994845105       0.91676174125958065       0.92467509770765333       0.94023336630240217       0.93439963112041879       0.84525003368948814       0.93959762854412154       0.98746675140689333       0.72893413301961085       0.94238673960965358       0.94537418704051857       0.92523565950960573     
   1.2272147320196349       0.80548232513235463       0.84284563627504028       0.91672114343822830       0.90454295050177091       0.84358334531857049       0.96025299462297542       0.89572682237608181        1.3406679868741431       0.98474413240674696       0.88037477270783460       0.89153699458687030       0.98958157003321934     
  0.97988971682922554       0.70069364498729325       0.93968806412618255       0.94223561645346898       0.95623352566120645       0.95016502151603877       0.86509299833633213       0.95284586003390415       0.99009401763228033       0.74438329526548097       0.95580732589514383       0.95878230464478342       0.94329182343528850     
   1.3469783819696273       0.89835026070251889       0.79707379913875298       0.91732498585368905       0.89605047700085405       0.98928281201707546        1.1978499545020103        1.0117946005185650        1.0476239123288733        1.0502606796601237       0.94830048368585729       0.88935993475465158        1.0134362985674423     
  0.98627205140293894       0.76449417736600223       0.96233150687909741       0.96053859218122195       0.97112335826197493       0.96643652823654114       0.88852235268348567       0.96685794145498494       0.99319260792380570       0.77130466197385095       0.97041869821840065       0.97233798977624508       0.96138023264635242     
   1.7564004485751428       0.82839481854595332        1.0354572469474010       0.99411838137318875       0.89941034409840726       0.82997304582557296        1.2183749413454048       0.90211301987685388       0.95407537093263772       0.96416204864890942        1.0162279570223482       0.83049592575543685        1.0521406339236292     
  0.99303296702994925       0.85984226100940242       0.98163685502524600       0.98033467134958763       0.98582573752302149       0.98334054194213383       0.92469392286614494       0.98346688477065280       0.99658571428918230       0.82046481483894584       0.98487627983984660       0.98615537019730171       0.98034236707871292     
   1.2201093384232093       0.81023165696143773       0.94122439514504730       0.89833698032057963       0.86796697207387918       0.89775297089175543        1.0936365360637310        1.0109515380903429       0.90993787171434370        1.0964405543861657       0.96404273869064627       0.84122573169400028        1.1242832019072471     
   1.0000000000000000        1.0000000000000000        1.0000000000000000        1.0000000000000000        1.0000000000000000        1.0000000000000000        1.0000000000000000        1.0000000000000000        1.0000000000000000        1.0000000000000000        1.0000000000000000        1.0000000000000000        1.0000000000000000     
   1.4397793147374778       0.74884500865924797       0.95918849225627678        1.0658964726963616       0.72065321613021749       0.84581080447663937       0.71128389463797204       0.86402049436361184       0.76477072118354994       0.74283912804650631       0.92232317785482243       0.84249718100493454        1.1118338999667641     
   0.0000000000000000        15.326445573478775        13.524392484973029        8.7038678890770651        8.9649753728152906        9.8652079676199804        10.732180246488170        14.083918594063288        0.0000000000000000        17.304350488464831        10.592366004349273        8.2817020411922773        7.0110629542346556     
   0.0000000000000000        8.9777358056311929        6.6403796574522085        10.504263949910413        13.800382369119511        11.864350521187555        8.3688051303861641        9.9768233279005258        0.0000000000000000        13.138150057488161        6.2974146562552633        9.4329447851147261        11.537277171952976     
   12.220705893192410        6.2275489997280200        6.6578536382516029        10.889622780786569        9.4367211717136517        7.6225218579329708        15.176019039776474        10.597382016609128        9.8475866552524138        11.337781149578126        13.708790420908745        8.9016150278011779        8.5069903568023655     
   9.9836847634177470        4.7497957067256333        8.0888195368093943        5.8653044877876201        8.8345821611755113        10.176939724165068        7.5060977109659071        6.0501937725059580        10.264644598289330        11.601329854771407        8.2694070695222237        9.0783960304545150        9.1914218048872520     
   10.349766011821872        8.6093765516116392        7.8527722344440019        11.683525068087308        8.5829735300970871        9.6620457272308506        10.989633876806550        4.3072476965061774        9.5925291368356440        8.4632043360732361        8.8756287310077138        7.8658134988488833        8.5076075522541235     
   9.3186911979046290        6.9086264008675737        7.2196885116801788        10.115293064334825        7.9442758531608746        6.3092129432283990        9.4469936246884139        10.581659702803117        12.299997420605742        7.2750110750030688        9.5625286935478453        9.3269004349714226        8.0242246603211207     
   10.576535321745860        6.3263249416563809        6.0172796035878413        7.0879781897427456        7.4982616495924521        6.6178719677897861        7.6301363226701904        8.6490190420026423        9.5873207558476725        5.5556768423744671        8.5115820002894118        10.743723826703434        9.8718071535168583     
   4.9868364972980839        7.8032323319105075        14.049217436071258        9.9462611271001702        8.8210663202733794        13.553177604438435        3.5637887223179900        11.822805429318212        9.3759670400405266        7.7169900962645217        10.355088188210910        10.887051526450291        9.9821421869302025     
   3.5522677487058681E-003
           1           1           1           1           1           1           1           1           1           1           1           1           1
   1.2583713956400564E-002   5.9948412663067595E-003  -2.9190274589387171E-005   9.1561470256636976        1.1842706241975800E-004   2.2510087828298522E-007
   2.9842428151100113E-004   2.5746249568166132E-004   1.6258528330627680E-005  0.36770856289771636        1.6252189215174985E-005   3.0986408539900403E-008
   5.0000000000000001E-003   8.6916791225327010     
