   0.0000000000000000        0.0000000000000000        0.0000000000000000        0.0000000000000000        0.0000000000000000        0.0000000000000000        0.0000000000000000        0.0000000000000000        0.0000000000000000        0.0000000000000000        0.0000000000000000        0.0000000000000000        0.0000000000000000     
  0.24619057955337520        1.9673464114673355E-003   3.4768290161864639E-003   1.3897410881883215E-002   1.3252579076126142E-002   1.5871350254035355E-002   7.6493837854359870E-002   1.4073855969692396E-002  0.42996635009834921       0.11957946009731632        8.4181075336750885E-002   1.4010476608297406E-002   1.4278710282825440E-002
  0.63904333986114226        1.0192490982133038        1.0218660473197787       0.91429974633572175       0.75639702284133947       0.84242197167463972       0.81742339432837674       0.91502110617399479       0.80677215333497776       0.73854608590240101       0.87107160264082073       0.67555203296602573       0.86728160360358297     
  0.28134872773914066        3.9171656161208438E-003   6.7435759458898802E-003   2.6952366998142293E-002   2.7656863008224782E-002   3.1424215434698324E-002  0.11852309151854576        2.6257641555383338E-002  0.53797496484637730       0.15687720332681879       0.14341105937792209        2.6002550410295418E-002   2.9804150638727323E-002
   1.0853183155474877       0.82221558456354227        1.0208743628263484       0.87210744852140731       0.77332836684799722       0.80441329779428994       0.97119816586624419       0.82558215520401768       0.85556189754120326        1.0076429137033511       0.88236783254725226       0.81002984081753149       0.78718566894234898     
  0.30099240029798718        5.7440325170308353E-003   1.0107835913992917E-002   3.9010722157818423E-002   4.2416681228137271E-002   4.6715089901702700E-002  0.14771014238883232        3.5204190660926900E-002  0.59537401466555895       0.17908408951519397       0.18108610851761867        3.5859499780016860E-002   4.6076740834252651E-002
  0.88190700520285015       0.93155667555446175       0.91122642747311999       0.76394495068652257        1.0118333055477524        1.0817241446342938       0.88152440549151057       0.74538405978557043       0.85498240193253705        1.1184286603745439       0.76835557065205207       0.94594288219261391       0.97432301660512122     
  0.32119073868241171        7.9018032571360960E-003   1.3830785424820427E-002   5.1010931322315795E-002   5.8243902486156789E-002   6.1333176845305530E-002  0.17339152734042382        4.3428240691900488E-002  0.63704577630963755       0.19561897115221988       0.21181778426252504        4.4298021937515232E-002   6.2224372221324632E-002
  0.95214057770855054        1.1652849592425687       0.93893029013836893       0.80070303543516175       0.69767357079658954       0.79359884860703067       0.88136859219165520       0.80537010485156013       0.94210958474737450       0.75915987941666052       0.82780117487982519       0.97540388681611923        1.0060667218717476     
  0.34117605750718705        1.0374745436039534E-002   1.7761037765301961E-002   6.2665361746653603E-002   7.5614597301364619E-002   7.6310364632281941E-002  0.19704828306897751        5.0867769906044670E-002  0.66655229722012643       0.21100704745405263       0.23503568563815153        5.2514728492545133E-002   7.8590315755451445E-002
  0.89119157595876519       0.84475588711268235       0.86434152238139761       0.95384041396739327       0.93037033355103627       0.88567634226978720       0.77694265051828248       0.65463619144671781        1.0177555168642047       0.92630305398353552       0.86475969916045814       0.89697477526034775       0.83351877257152951     
  0.36090106339446321        1.2993834991176432E-002   2.1869138463665002E-002   7.4816354134896609E-002   9.1906442712888073E-002   9.1765794864474740E-002  0.21816420327992589        5.8587284518241918E-002  0.68758226637323083       0.22039440883440720       0.25472454208229744        6.0441145819042585E-002   9.4391755242841546E-002
  0.98505795599260970       0.89017810573652101       0.88756339211683466       0.94147935925786597       0.94031933336578155       0.94228413517697884       0.81095524267856478       0.73581973685907132       0.80319202820741242       0.78725346634825488       0.85642666992852123       0.87070091665339355       0.79283431611740496     
  0.37965369325541254        1.5487223878954483E-002   2.5194042283960404E-002   8.7470015688669231E-002  0.10793144468787509       0.10831200744048269       0.23656415786793644        6.9535870099025315E-002  0.70464533579725708       0.22881550911181833       0.27034540541741892        6.7802249293498248E-002  0.10911552787426655     
  0.90697103911976551        1.0480531986335933       0.77784001779526291       0.95499080381950363       0.88266857659215792       0.85939835962742539       0.84293584394496823       0.82161247517994074        1.0133919403446483       0.76974501820641905       0.96248581243794795       0.83626067232582302       0.85783729367611894     
  0.39563638021246228        1.7947793684273346E-002   2.7705829665901311E-002  0.10056722732809005       0.12317416906250736       0.12594627743946885       0.25376351755032966        8.3856917546023271E-002  0.72017153400573708       0.23608008061579047       0.28615429158991562        7.5644500891759961E-002  0.12365265061091932     
  0.82994224392570071       0.86527314392602672       0.72383023049718143       0.98418181357828372       0.81623920943070971        1.0681078272086915       0.83349354856626812       0.85125577924321294       0.75101042570035770       0.82394367989671435       0.90417825576927646       0.97626214524992594       0.88478680356875106     
  0.41188977669009535        2.0541096447524759E-002   3.0387749652626521E-002  0.11387339677321243       0.13880039377824921       0.14393949263347977       0.27072049893294586        9.7676403684432755E-002  0.73540397939545987       0.24280744572846866       0.30151638600185510        8.3480072654248422E-002  0.13931540753944463     
  0.76648381864327775       0.74720733848311072       0.84892296923146848       0.96536113790657685       0.92583063839406732       0.92758100525483567       0.93932489132854413       0.83185380695135980       0.99552131202634797       0.76189169577497651       0.94248056661775426       0.97403986014647714       0.83715808369112055     
  0.42833130651589857        2.3426888519852886E-002   3.3138076106559132E-002  0.12726035975798414       0.15564697047769510       0.16094616858895730       0.28803905269937263       0.11217023337090203       0.75012348309588794       0.24914139329641039       0.31603297526515828        9.2947126843399910E-002  0.15684105890853650     
  0.82669599607256306       0.74734859612174631       0.90766333986459879       0.93924226154741475       0.91073992096806622        1.1348888359345111       0.79300952275260839       0.79079197998759643       0.90571943797021814       0.81109070324045462       0.97597528524334731       0.85901851253479544       0.84732316388519291     
  0.44418818108031927        2.6540566529758280E-002   3.6101920341074303E-002  0.14039838273781041       0.17260414743405164       0.17619711138104763       0.30557264410263640       0.12698748698958745       0.76223562945249079       0.25606045094863089       0.33010074339528789       0.10311373790207062       0.17432957526049200     
  0.96130508702430562       0.83957767143744033       0.93462018406158542       0.83386978080588614       0.72875494117217543       0.77037911558306305        1.0306805098858309       0.94536328934005476       0.90102319054217206       0.79194063391319913       0.77914700642253676       0.96899112962654932       0.82036464681613552     
  0.45957716460778686        2.9926432133828885E-002   4.0452431694747715E-002  0.15209989003764446       0.19053061975657073       0.19202846174236754       0.32254927297528080       0.14185324166263477       0.77279010967819028       0.26450017672682696       0.34274036781196532       0.11367467689037698       0.19225467371525368     
  0.69693389295328123       0.98958963988923176       0.81337506358904810       0.79543007443223335       0.94254239598763345       0.93589923753363746       0.79091739869562538       0.85751179341909478       0.81629318475729196       0.81848308937491454       0.70300901657011527        1.0121904676991074       0.80313065668809736     
  0.47390370762835321        3.3548208453652209E-002   4.5557822951806264E-002  0.16325230348906505       0.20864124252975569       0.20857056689930822       0.33751155015838785       0.15689882340687836       0.78285361634845607       0.27294447482980400       0.35581005493027401       0.12409457278250702       0.21007027777898127     
  0.89197014641163053       0.82617268442014313        1.0844791039275807       0.85961103449454324       0.77463675161473289       0.80102595956286671       0.89317937093449851       0.87472991336921535       0.98789218059146466       0.76763561225813548       0.72180198216680558       0.93118955989017560        1.0541025825915824     
  0.48822649128850421        3.6949264697642974E-002   5.0436718257815295E-002  0.17500072748459378       0.22477497481582789       0.22200499759760881       0.35141690201678161       0.17273065292943174       0.79232399507664641       0.28140781297038664       0.36832082359080426       0.13409313965701922       0.22702429852554490     
  0.85644108526882268       0.79998743226631952       0.80132993937028230       0.85245114242220843       0.91197755189769136       0.71953996575835644       0.75612297301496845       0.85184135708392750       0.77991315846060316       0.97131000968939263       0.85440273946554868       0.74337189311824714       0.80553048249199699     
  0.50017051701502946        4.0045705893864192E-002   5.5243205623821394E-002  0.18860937554721793       0.23985136173880803       0.23214004337437513       0.36531782580089700       0.18937451686973483       0.80124678071526978       0.29025018056428092       0.38144124921495359       0.14545602566058616       0.24290198483561426     
  0.88657828733418698       0.74080885784907735       0.81640495358285525       0.85840438143422804       0.80754900816128139       0.75937870655096540       0.88867827176357883        1.0432009557829289       0.74103835355094516       0.93347879115493793       0.79572460248907584       0.99550108650223101       0.81327959445088926     
  0.51236437844591909        4.3208310566844925E-002   6.0471479126262953E-002  0.20438329143146544       0.25432233414910788       0.24149736833257948       0.37875582503278310       0.20603150058668634       0.80962375314085733       0.29937782183200651       0.39410340980695796       0.15860522002232399       0.25927315273863721     
  0.70118635662706552       0.78529735026279213       0.89204159196799648       0.95305206024333577       0.77919339976252422       0.70958505870903010       0.92168639937425290       0.81082862646646292       0.85136263229173492       0.83960290602871102       0.83507307322310387       0.78728707810596632       0.94074221233463173     
  0.52470741930367015        4.6647962626335186E-002   6.6369039170359148E-002  0.21963342549622439       0.27002669847764588       0.25051307263088685       0.39075707938852738       0.22343299385114129       0.81809711332033574       0.30840889731485305       0.40693612478244728       0.16767382727567395       0.27687476384655790     
  0.82939171717723248       0.89543063716586246       0.82479986208542466       0.86189284220539486       0.72204810541384823       0.87744752677533611       0.99771332561808179        1.0408833204958579       0.80313039517230378       0.86170428352811657       0.84794825799583096       0.81914157524074538       0.93401841428100840     
  0.53789503898141644        5.0669677356822575E-002   7.2655741592424022E-002  0.23407815597254031       0.28693199615251352       0.25892945897178926       0.40254562406139821       0.24083141000991104       0.82624208499418428       0.31706100070006149       0.41972467602814184       0.17589869113633211       0.29440730803845089     
  0.74741462998867547       0.92708527173351030       0.80604651719313158       0.72937304090413624       0.76114451793117088       0.69340518025221076       0.76180398852846576        1.0857186722266390       0.90021797562757344        1.0469948225336216       0.85436933870994625       0.95473985655917959       0.84266175982485059     
  0.55120041072627657        5.4988255600813447E-002   7.9342977620339233E-002  0.24873094206074381       0.30241451314287954       0.27182654206373807       0.41429567283890190       0.25794291961543453       0.83403244991335190       0.32530747458038461       0.43301007333991415       0.18340307235769621       0.31143463429640922     
  0.75486594985832689       0.75057899159479591       0.81130337206129743       0.89648371856173792       0.94501003744145995       0.84949549088439680       0.82447263885777045        1.0338998885115525       0.75960332405591946       0.96634808699781782       0.95158921588161138       0.89534519925807043       0.82586751124187419     
  0.56468957235240513        5.9278620695870830E-002   8.6433158269647675E-002  0.26411841779530454       0.31656046864398873       0.28908734029639965       0.42672040169035119       0.27428073511386553       0.84131856828164053       0.33348350458355563       0.44647454202513071       0.19098878520117712       0.32787866733478743     
  0.77711437022936147       0.99419211886186520       0.80558773987678478       0.91748924905876184       0.91371706902289795        1.0568322219874808       0.91024173754487236       0.80567665622878948       0.97657614649941893       0.80302799351730769       0.84242554877422493       0.77912832870915716       0.91884399568164110     
  0.57875642521468862        6.4076863850155499E-002   9.3662624815383316E-002  0.27999567708009010       0.33061033995192041       0.30706727231990266       0.43901920480772444       0.29057427723605700       0.84821203106959242       0.34148674226868719       0.46056716878523063       0.19884594901793573       0.34419176343128632     
  0.74455883306627368       0.88310388541105567       0.85649066989135580        1.0367268805288370        1.2058356183674861       0.79417891829798282       0.73427939934882258       0.86246528515354981       0.79635883411353992       0.85760692997123966       0.99184172045777563       0.87508645942892949       0.84882649923309017     
  0.59288627491456658        6.8955741422148886E-002  0.10140075712592313       0.29518264023488855       0.34572512392557991       0.32441114999925924       0.45099293129562640       0.30629800441885285       0.85459058720045056       0.34927800207500109       0.47542471625353883       0.21149357558912607       0.35988835216878201     
  0.90339349461026597       0.85601023954848099       0.84176696940700069       0.74719343831180218       0.91520605868540472       0.81568168927537110       0.82341314505369523       0.98868513012282999       0.85793497547318920       0.92614302675694771       0.80308633623492287       0.85888773719285072       0.83353807151853754     
  0.60646060110724787        7.4040182974290464E-002  0.10987421836223776       0.31097015490091556       0.36015653266366698       0.34024877790359159       0.46300313926485520       0.32145278695302015       0.86067456632090600       0.35713482642108813       0.48981301330889998       0.22661378596974283       0.37495631113506306     
  0.78934205039730532       0.91307963755048849        1.0290739865468777       0.84942929665777678       0.86089970162644958       0.82529222262546487       0.86516009784904280       0.74163512367480355       0.89784005645875564       0.77015424078917250       0.89614121443822337        1.0146822405556881       0.81537382011307691     
  0.61966238722890532        7.9575167874428629E-002  0.11797128459377580       0.32756427863358512       0.37323075284625423       0.35508417376448514       0.47552123281843162       0.33581646158986811       0.86680114639000327       0.36483644765752715       0.50406827454810899       0.24277396430891715       0.38963117489377930     
  0.75059501475877033       0.89679901503623205       0.85079483806239853       0.90157338567024292       0.79030907750870016       0.81819031938883147       0.84479993185526037        1.0260000668742582        1.0340038630551094       0.87991994544718466       0.88772951745130391       0.95676859874493336       0.85266950573600930     
  0.63278111310784602        8.5440098260184283E-002  0.12558291615767331       0.34232248275716964       0.38772937525790885       0.36890683650729578       0.48792962120409322       0.35068020183044135       0.87301407839203249       0.37252603253763233       0.51772381940267120       0.25877885195155204       0.40520773069638477     
   1.0319642191853711       0.95954936998336815       0.85964819696070882       0.77755936814066595       0.87784311513269964       0.87243026463637163       0.89176161140259835       0.76047009739658999        1.0250524963280918       0.79254374349800283       0.81654233513073293       0.87201563152078787       0.97779986242328454     
  0.64554383459708597        9.1555722769520634E-002  0.13256476822467675       0.35641278610180172       0.40280681770037030       0.38233976234456507       0.50033981850324893       0.36692688144116387       0.87898793622293869       0.37980930345196878       0.53132728824053499       0.27471417845419549       0.42012573431910044     
  0.74331015551774260       0.94714569947594196       0.74170556361397910       0.79206194184951229       0.75467985630020962       0.98065993951969088       0.78727433540617353       0.75489259705081191       0.79033179127741560       0.83084694610909293       0.72426360513560961        1.0459313631796459       0.81688090157543414     
  0.65896487336392184        9.7693551619206079E-002  0.13989101594431633       0.37279798047860085       0.41871511190484462       0.39611329833603598       0.51242900630556543       0.38341039130323479       0.88432849353206733       0.38691842007542071       0.54476176486664174       0.29060253215438331       0.43469659784923931     
  0.85488253064898501       0.79095046841626548       0.74071620647225256       0.96149765544703092       0.83621475825967606       0.88661017897552996       0.75738745908803473       0.84869732533033226       0.91885211549419266       0.75167961682982942       0.84479773776769662       0.95077339253512083       0.81585785125826538     
  0.67152280957234378       0.10384886408805223       0.14777546957163798       0.38982646970607832       0.43493842096389140       0.41025389326137307       0.52455828418053196       0.39986579128766808       0.88935604231886967       0.39432573180758207       0.55736566165034251       0.30709622601378861       0.44903082107350578     
  0.92726770523975399       0.76005361148053607       0.94909049305688109       0.84639250378118691       0.82997021562203099       0.70434614024133479       0.83243208057053342       0.88545690415863354       0.79715086562046666       0.82871637964696876       0.86327689970636634       0.85610476129984825       0.94275264621333965     
  0.68425217208594713       0.11039145987652114       0.15677706809765732       0.40656809302697755       0.44989840086998084       0.42491127808813950       0.53716689293461262       0.41727400568402617       0.89413991673610993       0.40060411325505801       0.56950409338049779       0.32599729141470501       0.46400839820082024     
  0.79313700638132878       0.81039483981780791       0.88186232155806032       0.85642734239030083       0.90741933809528796       0.86040474695469293       0.94691017894511087       0.85437243810503383       0.79238358268879028       0.87770568337681454       0.85027973220429165       0.99887859628778519       0.91753422742390467     
  0.69610677982475500       0.11737171807694019       0.16662046018297505       0.42428393909434281       0.46462621024136147       0.43998570167328516       0.55014671883565369       0.43619811354349658       0.89883331872694983       0.40686752490848793       0.58112529866877649       0.34515725840732286       0.47905373698587811     
  0.76648871217693815       0.73264833010119124       0.85300426418625319       0.98749256757748005       0.76211987980596962       0.92475849248939290       0.89394325065606695       0.82830103592776105       0.92944069567520171       0.92216068275096397       0.78734312573598808       0.80816917169393843       0.86353905008604859     
  0.70766404201591915       0.12463258100544426       0.17680360307829732       0.43909770091152223       0.47898864844218714       0.45592558806573535       0.56260671725943490       0.45589031746435199       0.90323970641184304       0.41293145271485937       0.59323429641089520       0.36498887985865708       0.49481103831821027     
  0.85553431800340007       0.85852157124646578       0.99496866492280112       0.82983655511090271       0.83670629007531572       0.91128419099868752       0.79285401106746578       0.96144477898384928       0.74996408390244229       0.71792231610345059       0.85660411343290022       0.83231733488192272       0.88249298366245099     
  0.71963180670703697       0.13222998476691014       0.18750278481689953       0.44967914730045144       0.49492187082910793       0.47238312783210606       0.57458894820443729       0.47585645410431365       0.90721476915958499       0.41873708091490369       0.60713918372382925       0.38388577401604285       0.50940364686928541     
  0.91227242651263130       0.79035187781952843       0.83063164884657126       0.71771925056005448       0.89497422110695690       0.89557899828920529       0.83857900111312933       0.81171824294720252       0.84602049864685924       0.74547415735410616       0.91887440250554264       0.69800637696906698       0.98791568193184298     
  0.73223575766383509       0.14026378868120759       0.19854816350483998       0.46074859076374397       0.51050697807403833       0.48855356666000832       0.58653243890303908       0.49573450567534205       0.91111717887283783       0.42470413935542090       0.61792832909851103       0.40160646858499083       0.52424154646647181     
  0.84263550363013906       0.89283423672249440       0.89150094323497553       0.71723152743212837        1.1072013228985871       0.90275882450106415       0.92700247781271083       0.84460545066794923       0.85548261812840842       0.92540566698903526       0.92816115286195733       0.87444305115383802       0.84495878729908713     
  0.74454992396142905       0.14866108480717674       0.21020647616340915       0.47242233261430305       0.52626584075814786       0.50451569836635746       0.59848912091803153       0.51450873188704627       0.91486211245618199       0.43085791672280366       0.62699530247351842       0.41836281287554528       0.53902095234276615     
  0.95225962876896264       0.92727455545734727       0.83571644738340245       0.72970556485603921       0.84107799455779142       0.77614715607930995       0.76739849125463022       0.84920215388947018       0.76831530453840069       0.90074958148513851       0.72981497898973391       0.82884807281097506       0.84877647139706069     
  0.75616669616172494       0.15741807904134938       0.22227846347112931       0.48264438939284326       0.54287423563294512       0.52050782823613251       0.61026052909157991       0.53301618628496839       0.91885626296425582       0.43792595951465230       0.63609596471557073       0.43527139784925584       0.55359245921088795     
  0.77942435396679144       0.95787492192134271       0.80392410733053044       0.75953837650179035       0.82584267606349859       0.75913999383029729       0.82194605358672301       0.82625066486972476       0.85472924782469528       0.73907574654252894       0.80799605938786589       0.83471830977229322       0.94164638480907836     
  0.76825241747111317       0.16661875689771669       0.23488722335764506       0.49592303085273165       0.55972085995614174       0.53664946077791331       0.62160741755816784       0.55275939379220940       0.92272461341928969       0.44572740458611831       0.64526577301441901       0.45182258122800734       0.56988409121796968     
  0.82491432153338651       0.91859258414631051       0.89820710025913286       0.74215266930108204       0.93216973527308022       0.92068499677598825       0.80912556825251802       0.84743858373645986       0.74496821609577624       0.97539067868342366       0.75662589411090397       0.97643038602511356        1.0124258055586057     
  0.77983781847360578       0.17605984905929437       0.24753554529045874       0.51171967128088480       0.57647554192282591       0.55295422631326951       0.63296456232537024       0.57355976429245903       0.92667490647567496       0.45381107789256342       0.65432157726784779       0.46789188850839375       0.58647984074997039     
  0.96420187420344994       0.89101841610066290       0.88370569433979584       0.78315041487756276       0.80475223410256758       0.86119848279339140       0.86281894708576945       0.80353295175810302       0.96176960001038869       0.93639839218843535       0.82281487695114841       0.84556924735848382       0.87424546524189073     
  0.79089379379942337       0.18550038840967073       0.26061187765254379       0.52803122295865734       0.59311246439329524       0.56882305636970587       0.64452683773098451       0.59448883424234000       0.93040915712447358       0.46249025266930410       0.66602714239290639       0.48483072338917388       0.60421314060971831     
  0.97715451225353900       0.83539084792687435       0.91707662157333569       0.82505413323996069       0.87910184124387192       0.84973686549639504       0.85800242140835503       0.98255231505841267       0.80007170209760992       0.87014747807002224       0.79546908987583265       0.98476592597990842        1.0207406351463597     
  0.80204998142645678       0.19516244261098945       0.27453044984008051       0.54563942316742420       0.60466453501278961       0.58474166633003999       0.65467737124744863       0.61422085810284022       0.93419296723295664       0.47107711996578788       0.68027884259579252       0.50082208013702845       0.62219790485247561     
  0.80473228472094083       0.77735414907113487       0.90949915189761998       0.95159925723481620       0.71655506578077477       0.79459268400865690       0.79031539928836525       0.84438727895445720       0.74525410116968205       0.92187913519815290        1.2536640558916305       0.91551237830767940       0.91111754238605402     
  0.81274813005979807       0.20539576884539229       0.29020210450638234       0.56499148096457374       0.61449501005972318       0.60113564437107569       0.66484075789718944       0.63125864912297791       0.93623114612489899       0.47966392417036235       0.69437169182097025       0.51786541480193415       0.63986881208605773     
   1.1168353908300910       0.70467790770650196       0.85820162151165102       0.86355200627294859       0.77099382032483088        1.0690222488901699       0.85936418587379393       0.79215669347144912       0.72170383362751422       0.87648946511856451       0.87245266173134506       0.76558787025671071       0.90099881425096384     
  0.82353911613454800       0.21665223975157177       0.30691116784357142       0.58493167278842173       0.62462238652768509       0.61813299330460314       0.67551328784070142       0.64750519017716823       0.93840624057753774       0.48787612611805292       0.70813010467613491       0.53484385691151637       0.65749721185232246     
  0.81020682664507526       0.95567338968303750       0.70281981301164931       0.82142386011809720       0.72491538140107881       0.93960497461588555       0.86431651787038899       0.90482135409528597       0.79895403551576250       0.93407957301293620       0.84486803600939264       0.78507800087982060       0.92982485885494304     
  0.83407405036650151       0.22875247990118469       0.32464221812136973       0.60419470979722989       0.63512658283607504       0.63617219402998149       0.68691059167250712       0.66392320813880767       0.94051959089587567       0.49538306831747697       0.72178888486343928       0.55288421430495838       0.67611590020206003     
  0.93298843202046944       0.95060094958296415       0.85688220370876589       0.81456359175121751       0.68213457477542749        1.0070075637367053       0.88405200193373579       0.93361843721928961       0.75840265692946918       0.82870899234382134       0.92180691031659656       0.86275176720802227       0.88064677371965217     
  0.84466220669634573       0.24179445986344292       0.34332453952874159       0.62296596341861254       0.64528868948766382       0.65491724266640949       0.69909145101197057       0.68091282488990068       0.94261985796809167       0.50340767855317992       0.73449926913132058       0.57124682404357274       0.69559404285847448     
  0.71597663729063554       0.85742310578575931       0.85056257698890581       0.89471565495836447       0.70936677725306274       0.84546069593089734       0.80238604080642817       0.88822209819533915       0.80238778497764429       0.79657315639586856       0.84872582637211313       0.84475832235975312       0.82779622156316324     
  0.85431612709603311       0.25576343139236379       0.36305772125742092       0.64299399755321374       0.66140776442948657       0.67330218078514581       0.71123299585969380       0.69729004930863314       0.94477137289111801       0.51168337348262660       0.74579126719602062       0.58867439738389959       0.71282514295737776     
  0.77941646345061144       0.95901255202227054       0.79783653469150118       0.89452272821207279       0.85603680023604956       0.78728407008091617       0.79583946868696787       0.75784850766566858       0.75568101764010898       0.75205556826939235       0.80413458827995776       0.93921183353996263       0.83837064035893760     
  0.86375825146569785       0.27041355186391114       0.38309975015772768       0.66392336939919472       0.67930329285520130       0.69126890039666045       0.72331664859009515       0.71275897062994198       0.94766967090071907       0.52009165184086370       0.75732247057779611       0.60568505759813029       0.72800997970166859     
  0.93312655876385353       0.82668655550106018       0.81811804558387358       0.75096961014838381       0.79614019510147094       0.79647544543976001       0.90262815418579290       0.90152336868142968       0.76305989645340788       0.99332726875813615       0.87437729379482998       0.75591964449240423       0.78887334104364781     
  0.87305941513017782       0.28632867137526863       0.40215413826564572       0.68457054699537512       0.69677096344410372       0.70912874726503949       0.73466451332008531       0.72879239006076735       0.95102273893874456       0.52851600984338409       0.76955839116475644       0.62399840341259105       0.74127155633607633     
  0.78442291675076548        1.1004386250417104       0.87205353868035684       0.86659365066092497       0.99010444561881827       0.83958886725595305       0.99180753077055062       0.78989564229857534       0.87623840776383122       0.97835188981212506       0.83552219690826102       0.83005131258059595       0.89889794553735725     
  0.88278185914590290       0.29835568268459306       0.42148701987061954       0.70416130634290031       0.71396238924423849       0.72695322310216293       0.74633377924166167       0.74417263408395184       0.95422954895302381       0.53696543329461699       0.78292161987498732       0.64244053342031771       0.75183137621246499     
   1.0255175380123567       0.76139147995433787       0.89712428322949522       0.92855044626371908       0.86965035773493704        1.1357567013263190       0.90374840969499637       0.94580101689517737        1.0137621099974219       0.80559888426067428       0.91638283974685775       0.86169860466397696       0.75549210024338098     
  0.89316542982009117       0.30737685819779476       0.44250017315732504       0.72291182097193585       0.72982294165008099       0.74350894607039908       0.75853062820218708       0.75824950962661164       0.95713915549726158       0.54569037792947150       0.79627367466241561       0.65995933177678845       0.76196181387055828     
  0.85120907603946461       0.74989209155634873       0.81765477630821559       0.81521344846730914       0.98693134432197804        1.0222900322639967       0.84594557591038833       0.86397968017724114       0.75736286963356270       0.90908907965283348       0.99910777513141313       0.71825173837167378       0.70012618438135499     
  0.90300969762701289       0.31719781951012477       0.46482135499041205       0.73872697500892281       0.74486335996290332       0.75884485223802634       0.77139104000912873       0.77262225972126752       0.95988648237690866       0.55491918327861967       0.80975663142869359       0.67795453795350169       0.77259402184332127     
  0.98059594256096194       0.78140562466975771       0.84195375775394887       0.84308473254598315       0.86342373491754820       0.73220909048798255       0.97818465139823318       0.84609434369032599       0.96107220220793155       0.87122227855958401       0.94486930230976718       0.85486047778529994       0.74989209155634873     
  0.91144787310017639       0.32749343794873165       0.48834486255071008       0.75830079264920025       0.75963551060464052       0.77386292911657339       0.78514594543176885       0.78503350472113309       0.96264792960278700       0.56448064187341651       0.82337178419114831       0.69535875230138633       0.78389882680983480     
  0.94154976165346727       0.78722933468784173       0.85293938891654320       0.90903321456374586       0.68630686064937452        1.0590208763978535       0.84324631922659532       0.88744775949199650        1.0550294393349826       0.95829270190073956       0.89556941235720366       0.78045117739813874       0.72273200725655118     
  0.91793876618477110       0.33960283860697255       0.51389863940125236       0.77665007600665792       0.77498879619719496       0.78852100946496650       0.79989422963472001       0.79851498379252128       0.96545600986340896       0.57451834068311558       0.83615377747780095       0.71446054405796122       0.79619890146387551     
  0.74989209155634873       0.85885220915783833       0.69531319063554042       0.85601885426064228       0.85907923911870676       0.70809215732676867       0.97161295107740031       0.78275004104554857       0.92486213952861296       0.83870486898867502       0.86334579738745898       0.97410089179731751       0.81817837619856115     
  0.92273823972104596       0.35804993814403463       0.54320844925568235       0.79526065745872432       0.79184747133585354       0.80393083365269158       0.81485512030017671       0.81320014858864786       0.96825373857809849       0.58449384429444717       0.84724806375994943       0.73592676716625960       0.81129581752160274     
  0.79096073919550569       0.87721465934822085       0.84805386382953263       0.85646040180386707       0.80528778878606710       0.77065537001137074       0.81313205304722225       0.71472809124026560       0.90031912928924418       0.80295462805866857       0.96558495123752996       0.73840112342135522       0.72560991186006085     
  0.92753266274129420       0.38030288931897560       0.57465747852004290       0.81366819867050477       0.80975072139830839       0.81979245205919704       0.82830983351008136       0.82905612925338579       0.97110184541316869       0.59440482855204702       0.85835482322792811       0.75893471169388471       0.82690430067202325     
  0.85986252697592513       0.83676330480524952       0.84250101459033999       0.75025401206920617       0.92816115286195733       0.67509183451101618       0.82502791248059171       0.79096073919550569       0.92515630394761372       0.78972111784841525       0.82814570180657965       0.79981350618175540       0.90254602259521166     
  0.93299956305650811       0.40214415453031443       0.60664839654943237       0.83202177846881986       0.82817203322344968       0.83631235063566944       0.84220606444694968       0.84533317604901870       0.97400472930299842       0.60474621341617474       0.87013640179728291       0.78194385240420927       0.84242119087252143     
  0.77215319290785089       0.91285671842308813       0.74406671105437583       0.73931257489778723       0.98137083463097974       0.89364312012694702       0.93222581362224000       0.88471261159118375        1.0036529460775874       0.80538665924554242       0.76455646671799449       0.81087177439995828       0.85093117101624871     
  0.93808790569064660       0.42390729506278652       0.64075209195669802       0.85011606047629207       0.84675869456713682       0.85313809049899714       0.85682800882181265       0.86153062363831279       0.97697907050788746       0.61598067170530357       0.88179074114575784       0.80399924272167966       0.85952676833219355     
  0.71800568391571085       0.89285103155026790       0.76369507699294203       0.84976267162680574       0.74119874372913030       0.79025743147485072       0.88089846831723140        1.0298417868456851       0.82727688427228019       0.79329575755739212       0.88984317612103803       0.84987342694997769       0.78108288780639457     
  0.94329210823070397       0.44561268152991024       0.67535186087234456       0.86725740469868517       0.86451247395948538       0.86962434693177904       0.87160554470965468       0.87747260976335739       0.97995877439080703       0.62824215044928833       0.89352347057265447       0.82643314024137360       0.87494414290886291     
  0.89603227204839386       0.83981761195324744       0.91482541852853472       0.97660209547103061       0.90341528923874870       0.77225093391502109       0.84630658366614886       0.94492136646301250       0.78947154502602601       0.85503634673571516       0.96695691851354892       0.82693939597104393       0.76173753547333267     
  0.95004863006856610       0.46658062761225400       0.71009288367048806       0.88436347733654153       0.88099834038508740       0.88582710736244064       0.88717794313672738       0.89289950518880812       0.98300404729349455       0.64101367884823857       0.90563923952304726       0.84990989603473155       0.89090248488315771     
  0.94389707908597831       0.71214512210271830       0.93750279173503293       0.75355448933890545       0.94531968690104973       0.81744914618203801       0.76020129973012118       0.86088872771685987       0.85548662937612985       0.93193889228120164       0.75689449574596124       0.87326336982052200       0.79974449209334064     
  0.95760367243839339       0.49317644853566922       0.74750562444806534       0.90293827209560917       0.89724904869745559       0.90250402239424299       0.90393772777840453       0.90828835234429761       0.98545890228217803       0.65468219330346267       0.91873701852313738       0.87374761708502935       0.90853050656422407     
  0.87384559973197085       0.95955298975295300       0.86251866160409740        1.0899254511186061       0.94060396864443985       0.87649147653415527       0.96603949652451637       0.81139254341728062       0.97857263966220032       0.76062036783067311       0.89250846866828648       0.72015299508546404        1.0020737619757789     
  0.96488046394723437       0.52715617767232459       0.78504640646541235       0.91961731051076945       0.91407947594490269       0.91896970473324280       0.92241295186734196       0.92366757495406104       0.98763302053678870       0.67007327985270215       0.93233542406352188       0.89688059546190346       0.92589874307127729     
   1.0007082247786239       0.76963329463504571       0.85509714639240986       0.90298810728571488        1.0254114718824057       0.79760345261691323       0.93520426197118045       0.80831459017160523       0.93900933162970512       0.95131246412150916       0.90495403745977543       0.81055353130268393       0.77888778418208637     
  0.97226578774014250       0.56621740983202318       0.82330345493565860       0.93635880379148229       0.93213826767750829       0.93478361963863399       0.93534569544237989       0.93921219568940495       0.98996810262242396       0.68783991615808404       0.94539605180734476       0.91860167814619575       0.94132699093076599     
  0.85491425428573753       0.87880448529265220       0.80588827537281871       0.83502193401852876       0.96007513172546133       0.72350868203594632       0.87996871871154425       0.83174409065688792       0.83226054427394180       0.83542381865901150       0.86109120777671277       0.87010597222740105       0.78398050512791118     
  0.97935347740961820       0.61488682241853343       0.86432604439589111       0.95292274366288521       0.95021922532983238       0.95045864015732784       0.95198602165912038       0.95499855874116801       0.99225714018122169       0.70656317040751704       0.95774761507094974       0.93937311741596219       0.95498981099339741     
  0.81756143307497053       0.85777836019463927       0.84349660511062752       0.99675072653517627       0.86229049654107104       0.76049255468686117       0.93876747516219239       0.99824897418217962       0.82556228805809528        1.0128353581716696       0.85595516399980831       0.74336212175560223       0.79472801763371592     
  0.98600058735332441       0.67430866958561353       0.90753156955000081       0.96916659472291589       0.96707025407329994       0.96607389276880995       0.96934754950095603       0.97047426074005227       0.99453061164676781       0.73167303858317589       0.97021410753563431       0.95871205399989035       0.96891608971705911     
  0.78220141842660873       0.78817778755255707       0.78762367117036958       0.78670418275743925       0.89738705839752420        1.0945435596240511       0.91808044871396932       0.78141590715691345       0.86618465584142312       0.98139885226247281       0.78100926350926936       0.83305048567216233       0.82551965490317347     
  0.99268260937572139       0.77729701241550797       0.95330873055458709       0.98435811965358444       0.98324921442941648       0.98293150206368451       0.98512551143974114       0.98528122308506061       0.99709909686470255       0.78345802440501344       0.98478360448596214       0.97951183008924891       0.98415879449145960     
   1.1325626953180254       0.79684720858386415       0.91199392613937669       0.97073186320341087       0.90169871470061680       0.81304374921920852       0.77156558902756200       0.81067751185762149       0.75654730209966525       0.85587841711981238       0.95510290512048046       0.75352407478185102       0.94017745818260179     
   1.0000000000000000        1.0000000000000000        1.0000000000000000        1.0000000000000000        1.0000000000000000        1.0000000000000000        1.0000000000000000        1.0000000000000000        1.0000000000000000        1.0000000000000000        1.0000000000000000        1.0000000000000000        1.0000000000000000     
   1.1003752920256893       0.70624535288379253        1.0093941339062464       0.86774240433457450        1.0167774300285986       0.88922194677472310       0.73142912698642015       0.90196983457613478       0.80697486951157205       0.72273200725655118       0.67832849376260174       0.77658467054031843       0.83465505395726003     
   0.0000000000000000        7.9016277679532854        15.392068975246515        12.092356422536849       0.96535439507132192        6.3289630468639011        15.905947008708624        2.1890492425406283        0.0000000000000000        13.301731363374364        3.1708715104920873        7.5961016534915444        5.1549896557866406     
   0.0000000000000000       0.25478984147390554        5.7529443241039679       -2.3734093357399946        6.6716318893737565       0.80128352421243609        17.029703334343591        5.7376812582404355        0.0000000000000000        11.801696715905978        7.5936794016293208        7.8999331916858351        6.6347229791757609     
   8.6540266805830957        7.7658807683986382        2.8534921675610287        6.1012748050696457        12.526812479954284        4.9947847848064040        12.049112282137951        7.7855694006712985        11.347466434104341        6.1926390556274820        1.6971970090504538        6.9375143124745779        4.1639126626780758     
   8.0454408309415637       -8.1201059917846066E-003  -2.3265755687814935        4.9286916003030781        8.5749904316718322        3.7643753786272316        11.129626453352991        6.0590576743578506        7.0311451570179573        7.5187083461626489        9.7672672632414432        8.9098991465164481        6.9996648507507651     
   8.1866838835485805        8.9893563839197856       0.60683986246336163        4.7133151809511773        9.6530824372887469        8.1478073643117881        7.8780760229920181        2.7854334328023205        10.060765829339504        6.1161380250013053        3.8222676765048673       0.22431066835383190        3.3448344178599103     
   9.5364344410362190        5.1255992559725660        4.2411273773193701        1.3804868042681495        6.0973660432954224        8.7407565059253276       -1.5545172592033716        8.5202215274046633        9.9024891648030646       -2.7137204108430177        3.6327492829562571        8.5839665347340777        9.6148737417543106     
   7.7198977513448401        8.8981290466745548        3.6058761356928875      -0.45885287843371936        6.9656325820057381        9.5707352572079465       -9.6800879113929472        7.3447628470411868        9.4766065275810796        12.161954785074229        5.6486543818317800        6.7132402167303145        8.2566449562095094     
  -9.0184680023413399        7.5292895538701012        11.674105052203272        11.498395647041644       -4.0981772348935319        5.2024232560060586       -60.885641955868905        8.4182293596167046       0.18987082783767997        8.1744488085143061        8.8144582995502994        5.5916582716074492        5.4551654454586727     
   7.9704981555093323E-003
           1           1           1           1           1           1           1           1           1           1           1           1           1
   2.9704881393325137E-003   1.3481350004152135E-003  -7.4798917355216117E-007   6.8700671376602820        7.0311746857219242E-005   7.6166359618245669E-008
   7.8218212932330502E-005   7.6511932712115780E-005   1.1704351972312825E-005  0.60969847124287402        1.1700613628705921E-005   1.1329616661354947E-008
   5.0000000000000001E-003   6.9227611144802470     
