     
 Soft #          73
 ME*wgt:
   1.0055624005502108        1.0852436127135428E-016   1.0792404450680863E-016
   1.0000505657274636        1.0792950176462993E-016   1.0792404450680863E-016
   1.0000004670633591        1.0792409491417539E-016   1.0792404450680863E-016
  0.99999857220696420        1.0792389041360949E-016   1.0792404450680863E-016
   1.0000095408986993        1.0792507419918450E-016   1.0792404450680863E-016
  0.99988669132678099        1.0791181577651714E-016   1.0792404450680863E-016
   1.0001845045716096        1.0794395698640673E-016   1.0792404450680863E-016
   1.0153383973287822        1.0957942638278323E-016   1.0792404450680863E-016
   1.0000000005000005        1.0792404456077070E-016   1.0792404450680863E-016
   1.0000000000500000        1.0792404451220484E-016   1.0792404450680863E-016
 wgt:
   1.1111111111111114        4.8843380961829219E-006   4.3959042865646290E-006
   1.0101010101010102        4.4403073601662921E-006   4.3959042865646290E-006
   1.0010010010010011        4.4003045911557849E-006   4.3959042865646290E-006
   1.0001000100010002        4.3963439209567252E-006   4.3959042865646290E-006
   1.0000100001000014        4.3959482460470912E-006   4.3959042865646290E-006
   1.0000010000010002        4.3959086824733123E-006   4.3959042865646290E-006
   1.0000001000000101        4.3959047261551020E-006   4.3959042865646290E-006
   1.0000000100000006        4.3959043305236747E-006   4.3959042865646290E-006
   1.0000000010000003        4.3959042909605343E-006   4.3959042865646290E-006
   1.0000000001000000        4.3959042870042196E-006   4.3959042865646290E-006
