   0.0000000000000000        0.0000000000000000        0.0000000000000000        0.0000000000000000        0.0000000000000000        0.0000000000000000        0.0000000000000000        0.0000000000000000        0.0000000000000000        0.0000000000000000        0.0000000000000000        0.0000000000000000        0.0000000000000000     
   2.3288022842972168E-004   2.1268042494908528E-002   5.6076266006013075E-003   1.5231626247107249E-002   1.5769661155548297E-002   1.6684494515607724E-002   1.6292030362355461E-002   1.5226287579524227E-002  0.32448276553483479       0.13337033963437017        7.5993931133722839E-002   1.3662593149028136E-002   1.6902245508299146E-002
   1.3621962219094808        1.4244553649627303        1.6510821743549027        1.0246646770816958       0.99026214979735960        1.2387515839693783        1.1339727188923616        1.0703610033858406       0.92184625860795488       0.91130910985282532        1.2888062707008281        1.2194661520074499        1.1436657166187931     
   4.6176522881021160E-004   4.2172260624147757E-002   1.1176397545553204E-002   3.2672358571831109E-002   3.3196597730616569E-002   3.3382568259045724E-002   3.1866323265634287E-002   3.1622713545585150E-002  0.40651886494305861       0.19193753904561850       0.13352435528958176        2.7263841143376460E-002   3.3873279430018617E-002
   1.8671278435491432        1.2100112267885281        1.6583492911084339        1.1161287848828221        1.0508938757925512        1.1136076913271236        1.1434429930616345        1.2515381741332285        1.4580000787932774        1.2772528141659791        1.4549712814378741        1.6169576935388648        1.2244672507793108     
   6.9366378613238051E-004   5.7371052756156900E-002   1.6359133291762622E-002   5.1517703827714131E-002   4.6810450993166573E-002   4.8805483878517575E-002   4.7846687456620650E-002   4.6690912391397214E-002  0.44108435805743584       0.21843225443118056       0.17112700501729369        3.9638567026247469E-002   4.8769277560304421E-002
   1.8343178373499334        1.0167719455685129        1.1853868580589881        1.1622916377127457        1.0943683746670021        1.0850680098784626        1.3878592680161561        1.1172553848647147        1.5292836952024607        1.1640707685810090        1.2741325486020458        1.5339771483356428        1.0582960566101278     
   9.3682777163116293E-004   7.2641580838273406E-002   2.1077962844188527E-002   7.2025712396178249E-002   6.2842415846600663E-002   6.3643319744471905E-002   6.3551734601423548E-002   6.2035859935336821E-002  0.46367830454394071       0.24007111216049137       0.20107784423103783        5.1180452340315749E-002   6.5149242839999816E-002
   1.6412710473098884        1.2353318950098979        1.1828113536536153        1.0849249869665052        1.2167388972679078        1.4685373489853535        1.2089231836886856        1.0505975750243037        1.4872123533322150        1.0915887092827756        1.3053012766111893        1.2436679114281839        1.1746385964721699     
   1.2010332742525671E-003   8.9939663240955370E-002   2.5734948184171644E-002   9.4545640354830415E-002   7.8308743698589631E-002   7.7965895613023056E-002   8.0810601021738190E-002   7.7317159800702057E-002  0.48546256689769796       0.25961678509648362       0.22070354038978338        6.2721603107590229E-002   7.8384826001618196E-002
   1.7502523097422173        1.2449277820588665        1.1760034614714547        1.1074183681968421        1.2442999578121665        1.4604458623689178        1.3324639537479157        1.0825155074708921        1.4135334797293484        1.3420075119090835        1.3492502004730695        1.4897988061495808        1.1212803464488519     
   1.4958053780584372E-003  0.10712197670486123        3.0637505083923867E-002  0.11704988508040784        9.0220982130145663E-002   9.2290299253499977E-002   9.8096460998017748E-002   9.3138730664690111E-002  0.50319301047458231       0.27668395466378132       0.23726975091568192        7.3928100174385739E-002   9.2228723804046286E-002
   1.5872453885633524        1.0950524606134211        1.2656583002532009        1.3126970834305065        1.0882489174524457        1.4714416932874097        1.2391882435928654        1.1120504321811255        1.3773122172703725        1.2725060182297698        1.3082070411609474        1.1426735284524399        1.1139288075008948     
   1.8135989022665779E-003  0.12473071476861625        3.6079728008559860E-002  0.13825424398889286       0.10222014928294461       0.10569165014835936       0.11395383770911975       0.10971760142631003       0.51746952176223682       0.28860573250380939       0.25158810299864015        8.4033412038261937E-002  0.10966723830122081     
   1.3245288495946645        1.1556288290561723        1.0526176103403684        1.1388910797055540        1.1728444111812657        1.2064263605746266        1.1794966737819403        1.1314268405603709        1.1204258980229023        1.3330680258762355        1.2879720075035153        1.2181741251570779        1.2373546047453152     
   2.1782690806015728E-003  0.14227627667487933        4.1913245914113141E-002  0.16006743714294350       0.11521983870609603       0.11927473169505194       0.12948275657168998       0.12552814402168339       0.53177176361435297       0.29777244930997737       0.26583709655736154        9.4389684965518070E-002  0.12603243358242797     
   1.4478025245927628        1.0756859763540936        1.2070789074053010        1.0935847799578282        1.2493580014100194        1.1215927621863993        1.0832107312976142        1.3733444942351460        1.2792679989438986        1.1193838187631018        1.0816036058436098        1.1239916168046820        1.1502391621623032     
   2.5945441476381854E-003  0.15947452135667226        4.7956405528141975E-002  0.17972795318666324       0.13130386933936233       0.13297999612328881       0.14465233795027022       0.14058441850190906       0.54418942461879827       0.30796004021971324       0.27966650018336264       0.10559073333674814       0.14315568451674743     
   1.1884805691731277        1.2187588539283294        1.1984625887262346        1.1116636721449216        1.1155794534464603        1.2613589171814894        1.0731504660502813        1.1810892396088641        1.2633614411890013        1.0798595724854998        1.3408192749536065        1.3023441196700341        1.2389027263021568     
   3.0706451415492913E-003  0.17612608555549991        5.3909343239455544E-002  0.19795363326953255       0.14878619494193762       0.14707500748634411       0.15892831536686913       0.15596706152683135       0.55683784629607525       0.31797672325654630       0.29043869748670248       0.11776076325523026       0.16005847201535009     
   1.3068451253275366        1.1497121704620226        1.5385962409705007        1.1558133350693218        1.2775616113211696        1.2241608373537547        1.1291364556122629        1.2291732533366893        1.3777577629435074        1.1572990386246671        1.1098327288134213        1.1187033018868260        1.0630591042617059     
   3.6062405317361314E-003  0.19170394365872151        6.0456152824017804E-002  0.21707369857725131       0.16623896554701886       0.16113536234854342       0.17358162712340519       0.17191258745835389       0.57013664853371482       0.32713575610666923       0.30104672815185751       0.13059799074841011       0.17817527290623436     
   1.3940938089754022        1.0025602174623935        1.1068291584760894        1.2025671569816319        1.3122220640224085        1.0131405373884868        1.1322382486608351        1.2154231540309708        1.6470774301309232        1.2666314194190964        1.3582464992639645        1.3386927807313715        1.4196248612364260     
   4.2081179206665820E-003  0.20757659127789330        6.7887203933006665E-002  0.23589246943927267       0.18370436621574246       0.17576819231641011       0.18987134850167284       0.18861000991484234       0.58335063457582725       0.33496483574407127       0.31122931461432746       0.14355396111770266       0.19707265507235819     
   1.4145817316822471        1.1921552773736952        1.1592612007362328        1.1577827265355989        1.2132359148182352        1.2915692248950019        1.2558390099219621        1.3160703952309973        1.3157560837146276        1.1928316335642142        1.1656089548177269        1.2169793403261009        1.4272345199701473     
   4.8959819506084407E-003  0.22271494730864536        7.5506983281705436E-002  0.25447711732757039       0.20085435264084567       0.18997029227794948       0.20455243632518794       0.20607002203381422       0.59478706859218267       0.34215243256782957       0.32130479146765734       0.15653153736226716       0.21431466230936802     
   1.0731757003324118        1.0770446449209314        1.1701235882617749        1.0169548418113705        1.3062096645795056        1.0555867058929207        1.0192724819535939        1.2639168314229272        1.3440341068690647        1.0884510763280952        1.0728719447050601        1.2171183292413090        1.1844229063213232     
   5.6015935940483385E-003  0.23766537214472472        8.3862010327103081E-002  0.27362022599759472       0.21743393152277599       0.20320420507443684       0.21850394229468126       0.22337249407660267       0.60521729254692536       0.34910282392383679       0.33118461642985964       0.16852539301356723       0.23205113056993615     
   1.2024624412402813        1.2494835965612467        1.3821637183181696        1.1108167396821527        1.0875076381937074        1.1961873782331165        1.0472232079205495        1.2106902560402175        1.1192278740561574        1.0601005019795497        1.0744644119334810        1.1262289553592455        1.1553428743661835     
   6.3909174820614145E-003  0.25062675959388248        9.2630027550868008E-002  0.29256195270505408       0.23383315269790902       0.21538651214617938       0.23247258750107966       0.23933040728375959       0.61512010706219256       0.35669467759008483       0.34170913316039203       0.18005888236456030       0.24973676831259192     
   1.0672994577052524        1.0491531192244890        1.2456368030537326        1.1673625919958763        1.1420274559684640        1.2155321696285413       0.91639744308547078        1.1156725111086876        1.0737655186656232        1.2709131422617157        1.1315584516412700        1.0486791794154169        1.2806462957256637     
   7.3079849742041653E-003  0.26370588145019075       0.10149062270665535       0.31020094306658036       0.24888104880271050       0.22768561243292859       0.24645561739584604       0.25506050860877061       0.62452978444718921       0.36398413381884659       0.35310084712986645       0.19216214891489949       0.26783754197041909     
   1.1914948212242342        1.1573516876777319        1.2017874999699747        1.0896073581399546        1.2355659562511767        1.0254388601349127        1.1245054228139084        1.1313847486106445        1.1970942798382991        1.3695670379114111        1.0970675255771372        1.0508051749956466        1.2280223115368660     
   8.4382337063662362E-003  0.27746002401907088       0.11055996691432639       0.32541743796613187       0.26368233561915833       0.24200621679071108       0.25997385065695355       0.27117290299352570       0.63244807315402218       0.37157793055419092       0.36452812393060707       0.20503223244404506       0.28338745002623228     
   1.0076737976593593        1.1279576474741404        1.1100052853633882        1.0463040708854274        1.1725070316575723        1.2478662589305720       0.99855240901488684        1.2010161560856814        1.3108797756708406        1.0883486891614764        1.2238783070619716        1.3517531264932985        1.1140447270831590     
   9.8030936139161858E-003  0.29237960891174020       0.11996167798564517       0.34117062440047013       0.27958200021921303       0.25732982122433468       0.27861077691639113       0.28742721957407963       0.64017850845160384       0.37917164071140425       0.37701433739999873       0.21826456310893183       0.29743065718005951     
   1.1513536996848424        1.2122809693657559        1.3285635265472586        1.1295439249316119        1.4035540070172612        1.2982234389625706        1.3000602494334623        1.2479121986680908        1.0098180082669466        1.1119339085964257        1.1651860610839380        1.2203505137409989        1.2516605811018091     
   1.1337491307991535E-002  0.30891331138574823       0.12928235957752179       0.35825018221268484       0.29619974435327190       0.27274207415305912       0.29731016520344533       0.30328926507818060       0.64813227119445715       0.38650543371764390       0.39030177790234166       0.23214302150823643       0.31255787330146595     
   1.0721287089593019        1.1847775579071369        1.5902334380381176        1.2697016649469779        1.0192724819535939        1.1222045590105751        1.4526878659757123        1.2058812695842422        1.2547312064868936        1.1406834333468470        1.2333090028144194        1.2494619185528903        1.1522630138652863     
   1.3035169926406624E-002  0.32515135319748401       0.13847357815303857       0.37809861363242248       0.31245569690409047       0.28783490230453307       0.31360180816117467       0.31981291281528607       0.65687802172592347       0.39372829643348528       0.40406246387192685       0.24566663355585444       0.32734358063953384     
   1.1623428663248356        1.3744879706984556        1.0394681437679605        1.1997362322232588        1.1599240984676427        1.0426038978086269        1.2967029286145362        1.2838264192575191        1.3304754385391526        1.1083006486200460        1.2414133579523874        1.0652758379709808        1.2642345832498281     
   1.4932662343512759E-002  0.34085968502750880       0.14757237905213616       0.39996258737630175       0.32797856218054883       0.30360191384249779       0.33013892955874302       0.33691492668354545       0.66605530582890904       0.40066420431203892       0.41735130040009011       0.25908873185358483       0.34111326151205812     
  0.94877292581347650        1.0307847365729288        1.1420336086345844        1.1857321937446867        1.1701527962710399        1.1881906850821404       0.99232457883867742        1.0296881505905029        1.2184216655477460        1.4455208379572146       0.98141987871951541        1.1945671938310032        1.1627776421313476     
   1.7132652062974516E-002  0.35640960820772172       0.15608612864137983       0.42220886167371369       0.34317951654098944       0.31945921242245512       0.34482040114285606       0.35387692538154830       0.67458621870083790       0.40748655090093072       0.43026092849199127       0.27178839815235850       0.35512128788271397     
   1.0858629331470424        1.2580995476129839        1.2605191868644114        1.1567880702989650        1.2192578116181951        1.2170876081824984        1.1795230259660758        1.0568677606896284        1.2534444038606083        1.4533404457534789        1.3387780739418644        1.2844901080265503        1.0148419982518826     
   1.9520732813252395E-002  0.37166379286592460       0.16594903168734207       0.44370924538304374       0.35828842972366626       0.33550046218069174       0.35812216880941911       0.37052535218697569       0.68265134969506180       0.41397534889474241       0.44353791201994175       0.28521059414413485       0.36950429807186669     
   1.1036926268554323        1.2277735956707470        1.2951052344540501        1.2064968046236539        1.0843079879846642        1.2100062537618403        1.1157886782904740        1.2964984099149757        1.1841813942471924       0.92815968513576019        1.3256128229163249        1.0939207221300598        1.1180358145395073     
   2.2255049616123245E-002  0.38756950423194597       0.17702884026962043       0.46267944413117246       0.37424122231742540       0.35146903486814896       0.37072163213570597       0.38623010104543415       0.69050169282288598       0.42038235158808290       0.45784854132938729       0.29979072637418830       0.38437546006165096     
   1.0241230933145715        1.1801487405135191        1.1172718186613890        1.2865706589481865        1.1546773291731414        1.1959446611792257        1.1212152730465534        1.5153072384544757        1.1212135485263333        1.3705927217829204        1.2088452853657965        1.5199368024127278        1.2038800768848443     
   2.5238416679978427E-002  0.40436999701669341       0.18854456036028688       0.48204736313948304       0.39178610637247568       0.36736841405699783       0.38418139081415997       0.40209497464616811       0.69868009942653808       0.42683179098838397       0.47300268048350103       0.31535957954960442       0.39976794589850412     
   1.1439602719551953        1.2228794602732855        1.0078399884256266        1.1989982533070429        1.1920290719252060        1.0909409537714203        1.1278489094933857        1.2991868781230071        1.0165294258286917        1.3282906209159895        1.2353372723280929       0.96898877068262557        1.1746561875698456     
   2.8763788589241529E-002  0.42165091085929257       0.20067833165891158       0.49962134854199031       0.40795152975357618       0.38336958443399166       0.39726316138960521       0.41942944145926170       0.70686829703322029       0.43270365046613735       0.48693716466699560       0.33031215551722815       0.41516646979936350     
   1.3000616374653298        1.1265044351706872        1.4608280208186206        1.0445496013872342        1.0486115787696504        1.3991641342100738        1.3344464984994717        1.2331553445831211        1.0307578582532957        1.2008812770452835        1.3334336855109397        1.3141764660535635        1.2730316193381401     
   3.2946287430985301E-002  0.43991528584822182       0.21280114527853308       0.51633435020765517       0.42117498999913744       0.39912250031925933       0.41106899515714518       0.43812216575027679       0.71542894078917552       0.43785382585707389       0.50075588189698639       0.34447539469131305       0.43058439603475490     
   1.1091231420643772        1.2152986202609468        1.1345043361232394        1.0829772405594662        1.1291061145625723        1.3887965457914075        1.1718648458323018        1.2007941102288073        1.2286777498960857       0.96054857578072506        1.2241411727210345        1.2781059803465973        1.3236061801354440     
   3.7760857838982337E-002  0.45705084487679237       0.22435957515749005       0.53174273976518038       0.43557182196010508       0.41363036240954554       0.42598592017516890       0.45689465883977698       0.72400600428661299       0.44232678998317804       0.51405044846753800       0.35843632772483774       0.44517177472695130     
   1.1123724416806315        1.2716842717421917        1.1432396631563309        1.2671816869272876        1.1594455629374756        1.0210668476474147        1.1293095715019454        1.2925932319251416        1.2105256707764991       0.95557510155037328        1.1502950015051383        1.0962596213662223        1.3594645750068488     
   4.3300741950132941E-002  0.47246536733247918       0.23585887802162317       0.54725319166061348       0.45276984809472037       0.42857254523551924       0.44084534396750458       0.47452357412417662       0.73144839250933347       0.44683912305171564       0.52708973897496936       0.37337108467254637       0.45894055672715955     
   1.0753251222967688        1.2449285936656702        1.0577483177908702        1.1830935319359612        1.3342417900657368        1.1839820245588075       0.99112560748355472        1.5180244433687937        1.1178951777387762       0.89582336858685063        1.1111913482303621        1.3221498550225472        1.0883179755009209     
   4.9429163062321813E-002  0.48691125970559723       0.24777914934549305       0.56317756697275212       0.47048707698868458       0.44474188272924642       0.45589702926515008       0.49164342502799691       0.73930191177006643       0.45194905833956350       0.54144886923027913       0.38855131696241901       0.47280813920485509     
   1.0030661228559448        1.1997966940082154        1.1157384722275738        1.2053665663834674        1.2766311068067775        1.3873633898458189        1.3305776911700220        1.3562529833350569        1.0885037474506687        1.0938450605548322        1.2421064024983988        1.0854250969529109        1.2566963534793922     
   5.5796764228031002E-002  0.50108108660870077       0.25961589361919390       0.57971526946510832       0.48622274709816660       0.46028852495228090       0.47371877351337255       0.50777078003360443       0.74563795800055310       0.45783328285067110       0.55492367687727739       0.40405536910642315       0.48615672873107962     
   1.1693590183961855        1.1592737987220605        1.1098503166878779        1.1949640003730502        1.0645562531364103        1.2197490566572626        1.3187976808116113        1.1706078109455380        1.0065373447999608        1.2007268358543939        1.0762440367708683        1.0815539696068821        1.4816315106064706     
   6.3080643888479157E-002  0.51680168539843396       0.27023453595930302       0.59514170768038299       0.50152519351996483       0.47626825114638854       0.49302593178001419       0.52357290716119043       0.75255136031784187       0.46434804947510827       0.56852681204314459       0.41913917176237198       0.49859708361698513     
   1.0247078031937356        1.1056049738589377        1.1158535095505324        1.4354628795589981        1.3018751839496898        1.2381272976563362        1.2192364325558824        1.1756667176330999        1.1132394279383975        1.2396800436557136        1.1745677582836189        1.1384534220718521        1.3393610172794537     
   7.1154032344559165E-002  0.53369000490336937       0.28325930628553464       0.60940902556219845       0.51720332919914158       0.49290178790092570       0.51107493718267594       0.53852048749624626       0.75974527102307643       0.47106816510145993       0.58327146592569346       0.43590492396344199       0.51137950330499526     
  0.94579522062132448        1.3846035969496508        1.3096813209572769        1.1074572771578086        1.1556618116807569        1.1380077251287344        1.2009119781827911        1.2274321748421706       0.94074234756133579        1.4608685696777028        1.0693988859201968        1.4986339982577290        1.1505167532838696     
   8.0914057858335733E-002  0.54924874100258481       0.29632805136527690       0.62285520057984822       0.53270545566790029       0.50949687942688304       0.52967110753246760       0.55282202836135930       0.76697165842012716       0.47771863283277899       0.59852931024697364       0.45294015118495334       0.52522774622526858     
   1.0093590787174089        1.2160239370847190        1.1489074586267747        1.3648946047929542        1.3062238603517664        1.0676852153855481        1.4659041099893098       0.95980274722639880        1.1766444056916767        1.1087929415797495        1.2065863008257756        1.2491344951678394        1.4978397934186742     
   9.2559259114497958E-002  0.56395728180152138       0.30903970542160930       0.63592298316235496       0.54909859240697045       0.52654630335931918       0.54783213642409678       0.56748835806940523       0.77447750707923080       0.48438369808112747       0.61419044040021786       0.46872336783839830       0.53920926503620770     
   1.2876955284428195        1.2113704636279778        1.1826502500448397        1.1511445081917768        1.0635703959252252        1.2231470026286788        1.2519295351717166        1.0907027166037904        1.1274690684190751        1.3480722241149057        1.2563794051277049        1.3636943642659949        1.0788688808858427     
  0.10531398717258468       0.57830903019451751       0.32158536274257388       0.64832948878428498       0.56654166502356840       0.54108342130463483       0.56532243377029134       0.58325766493180220       0.78167392768708210       0.49097270589196162       0.62911607500583788       0.48365826901471126       0.55240811100824361     
   1.0121396389155171        1.5432962282817937        1.0594590147531837        1.0526215545866238        1.2143617104937248        1.1248229747190479        1.0231935914157535        1.2558634206101706        1.1925209282827340        1.1530343401893846        1.1067495354254568        1.1174814281843266        1.2754115466720102     
  0.11918208162926285       0.59275289151399879       0.33496915632706342       0.66267901141522012       0.58426072319494948       0.55543275737870124       0.58202147465463305       0.59962136723728476       0.78870751965841912       0.49746075954047048       0.64325466982635759       0.49781229250378500       0.56505148825690565     
   1.1722450778920415        1.0235817636062761        1.1202861863405920        1.1047634260885271        1.1255688231976579        1.0157947627403836        1.2167995849198230        1.2001243232079772        1.1552027970639711        1.2580731383500301        1.1451130930464246        1.2780866355184721        1.1657212808961814     
  0.13347604157385956       0.60793984984886229       0.34992537712349070       0.67758577873217252       0.60268163797470875       0.56977085417031337       0.59750058461349187       0.61591254472102119       0.79557779884388824       0.50415629012824781       0.65704922187727610       0.51405954500311757       0.57884012485367342     
   1.0101882114605101        1.0156230812816653        1.1415826985116975        1.3096102904950182        1.2003540887799338        1.2052845586380125        1.1439984794471314        1.0343239688322923        1.1838297587715136        1.2434084997403752        1.1137940128369339        1.1256256070043646        1.0612222637324864     
  0.14993928164377274       0.62336556673587773       0.36382283803563709       0.69295412341127482       0.61840456271468913       0.58883092106039325       0.61226527933847763       0.63228061349188558       0.80240048039533007       0.51098243548226308       0.67076331703438319       0.53256771435649319       0.59361608907948427     
   1.0472929377980071        1.1054214253939203        1.1745983708170760        1.0506640012377457        1.0196325319089008        1.1291828179913201        1.1429550958686876        1.1906526845737140        1.1865008107839841        1.1623129069331182        1.1132431248957726        1.0253386676597831        1.1651280248404170     
  0.16765996232749136       0.63886923663271533       0.37855203066263848       0.70626853198039852       0.63308346405165339       0.60709015352744566       0.62865887757077610       0.64762001996088525       0.80914456623079478       0.51814307637677615       0.68498756926277193       0.54848000511333617       0.60881603873642376     
   1.0725026812062175        1.0886056458564612        1.0282841081116514        1.1668399731353989        1.0489884435312824        1.0708012121630768        1.2866642660012764        1.1929389453334454        1.3466701596042099        1.2590926485136702       0.94094639560374937        1.3877617111188942        1.2034064463325311     
  0.19420618312536653       0.65383721978933473       0.39550280440093522       0.71957361141288478       0.64654674953135582       0.62468650530519398       0.64479140906176025       0.66207928639629543       0.81591290137838546       0.52512763941464102       0.69868265818964137       0.56251117850866450       0.62478866667612210     
   1.4554739171933555        1.0821342327441312        1.1354345661450147        1.1470509336816823        1.1572595140734963        1.3735477789204238        1.1860745425884007       0.99933253694824131        1.0551751655854902        1.2431304256808313        1.0367152897564653        1.1940773427153981        1.1279701881593445     
  0.22242894448066206       0.66817888152338767       0.41403258075231270       0.73412342937252495       0.66050473697223588       0.64314269166807891       0.66064194139211418       0.67621550109748485       0.82247713321105009       0.53196617517455924       0.71306199735826825       0.57963848669352103       0.64068226370676495     
   1.3052928239196666        1.1997866370653893        1.2309299843804873        1.1511029822930920        1.0577595640685216        1.1414054270248737        1.2133477458740298        1.0013028132850319        1.0826244179259341        1.1413757878404971        1.0964294174879747        1.1256002129287577        1.0848488242687280     
  0.26925538199751364       0.68223732391659109       0.43389631956288255       0.74840073475804958       0.67401081873506541       0.66224661725948397       0.67727493228972613       0.69188911161370559       0.82886122354244784       0.53889686427828132       0.72789222824545530       0.59669495045963794       0.65598059053168489     
   1.2469606826251705        1.2973985732749167        1.2259501298803546        1.2812938952260535        1.0407668285629594        1.3623476146801621        1.2527008690570169        1.3046699447910948        1.1043555092205910        1.3439310144834362        1.1348613539615022        1.1774257865745901        1.1418584700869239     
  0.33580518470523668       0.69631047839987126       0.45490146630536810       0.76136671292796254       0.68905501078061115       0.68053150291429421       0.69405074626095653       0.70903434349299965       0.83499475747350993       0.54603539851079486       0.74224866337649731       0.61537690941345258       0.67214777481600418     
  0.95881544835275834        1.1056652236695952        1.2223547600534639        1.4662648258137261        1.1594396800700295        1.3050229680181666        1.2773423116989289        1.2848395859698618       0.99402009632194288        1.2046897362099929        1.1092913170492082        1.2163791053308708        1.3762408292891819     
  0.41678035287666365       0.71150231577882128       0.47467828778930238       0.77367080119534803       0.70550577536001913       0.69729610038306045       0.71134193895144326       0.72569283662914352       0.84080936069283030       0.55281537508798884       0.75717946463046981       0.63382225361483713       0.68894414587049413     
   1.0516822114997035        1.0744174813954954        1.1010051053849801        1.0609895411911461        1.0434332945137488        1.1773590982576800        1.3118086546880678        1.1730076020811402        1.1097172513300484        1.3324905009901020        1.1954091412930696        1.0966541898368714        1.3184589136068556     
  0.48127150491895904       0.72703955072299276       0.49245487480742450       0.78640170065685733       0.72060198093371730       0.71299732093631341       0.72724731241733065       0.74181963075979496       0.84695598812941897       0.55916273592938814       0.77175145537350176       0.64945779010687354       0.70634995066832795     
   1.0647380351630382        1.2382742695445625        1.2339205396572586        1.1627136651989496        1.0897795549341978        1.3377732579467323        1.1348064881083633        1.2376584332433513        1.2748586936908024        1.0520017158348145        1.1734343656211661        1.0049941583507931        1.1552422043249395     
  0.53753035602024979       0.74207912671639842       0.50948351774804745       0.79926700352802582       0.73453929934715856       0.72779350577371904       0.74332046297663223       0.75755523732497065       0.85313131216031113       0.56572265248728670       0.78725699258960091       0.66515088182399618       0.72314976330924330     
   1.2107256181578046        1.1571144758294298        1.1248555925782229        1.3544483545690404        1.2976827834347835        1.1687778935029467        1.1455327496562782        1.2779868120769307        1.0831225173084986        1.0643287697233847        1.2626336410788159        1.0872727790690424        1.0734012428278210     
  0.58804142144410010       0.75601178981921091       0.52567724298839424       0.81243347703840862       0.75135316467164726       0.74255481783298460       0.75888353053921553       0.77327344809069309       0.85932335300537355       0.57262387934865655       0.80383367116043725       0.68039647197905773       0.74056712295095317     
   1.1706464279275972        1.0345374003361552       0.98360358867218289        1.2406104965474742        1.3850818913042777        1.0281726480679145        1.3383136985667827        1.2352823314373200        1.0833288386565723        1.2110763998055356        1.3564210823306913        1.2663513006307872       0.95976301121838370     
  0.63605389575013827       0.77081710203369769       0.54251284792557997       0.82560473898070252       0.76801334362628049       0.75698854008221761       0.77413668131132019       0.78850435190926238       0.86550142468417290       0.57964486707964358       0.81972451215371334       0.69638510456767155       0.75869201239662587     
   1.3531011151801962        1.0549982483223368        1.0756318293648803        1.1903565022151190        1.2758469714376861        1.2624855301068507        1.0667109065354246        1.0217021361371190        1.1459226449057676        1.1895851642757955        1.2108075510129583        1.0653060153538070        1.2759632911229397     
  0.67979862259716273       0.78722970165065986       0.56342168156427852       0.83819021914580649       0.78746550712464347       0.77147170370360607       0.78886035660259279       0.80313531266549609       0.87137266969748950       0.58694978522192509       0.83532327583931831       0.71156218833102836       0.77607019417329626     
   1.3878512824885245        1.2058608983520724        1.2142989399904822        1.2169540931758143        1.8179660579801300        1.0210299962084117        1.1926712179303440        1.3080456459815817        1.0971093386994475        1.1593392555337338        1.1363297010518465        1.0748646648373814        1.1414415674856169     
  0.71804413091006003       0.80488661935252792       0.58544973565385328       0.84945942256537310       0.80390343030125999       0.78682067851015280       0.80312104120382122       0.81732277859057989       0.87704822827771289       0.59476602870556461       0.85035821487454166       0.72759516166201965       0.79317657965294741     
   1.2487796165709060        1.3907975099472836        1.1451986152554505        1.1151465014281807        1.3717469912523967        1.1774900527293097        1.3096150534704916        1.1463990964728912       0.97568885007212380        1.2121282157067623        1.0282684292087600        1.0005035569519172        1.1633737107781441     
  0.75076101013842100       0.82054302493650966       0.60803710081611639       0.86167109225916350       0.82084883842698420       0.80144276064011410       0.81837971810756949       0.83106569674205344       0.88275394304201371       0.60228337370812912       0.86411397744126550       0.74541182679314455       0.81040252021414516     
   1.1523060698016889        1.2122643488429325        1.1754042443077808        1.2531164557949142        1.1973282881035747        1.1664395311910558        1.2899417378580060        1.0676779921706498        1.2002498176796557        1.0130107025637216        1.0723656585286669        1.2607189790455429        1.1737933188647136     
  0.77920013462230442       0.83617542613908635       0.63050118118926513       0.87322955222020082       0.83662683437074492       0.81640749302248916       0.83311497640718424       0.84501958032473545       0.88909517425117157       0.61093219068489624       0.87707520932212213       0.76628865327463558       0.82683995384910858     
   1.1380230384391550        1.2520770028941357        1.0448044117534749        1.2408892617940517        1.1598138183664994        1.0790830673914193        1.1235092206369257        1.3225363697504986        1.1413262702642346        1.2820977616396030       0.97226493145868498        1.0655622644485838        1.1659340426370242     
  0.80662756472118513       0.85120199413254072       0.64959963822464284       0.88495911620564649       0.85125158582336924       0.83023425531204487       0.84844284637135936       0.85984775250117873       0.89603251929933792       0.61990839788053398       0.88895388530636898       0.79096102216841968       0.84292191664347660     
   1.0440442781659742        1.0413219405361878        1.0459189321948268        1.2043790855953318        1.2827352344531453        1.0700540786592339        1.4122832489909936        1.2672304900499884        1.1607200083805376        1.2305845427157696       0.96084816865835176        1.2901642188438756        1.0750940366559023     
  0.83002677499402044       0.86483728821950290       0.67339743544649777       0.89604640812323899       0.86571226522689448       0.84626106131621814       0.86390913667822222       0.87593209251262183       0.90354521018644429       0.62923551940275291       0.90145530094739268       0.81380417004571592       0.85855759536210308     
   1.0027864333891496        1.0142969816427796        1.4615853430937891        1.1791458722571071        1.3226518416383524        1.3000380750145670        1.1945288891318910        1.1461074485444900        1.1265574718387574        1.1125134352309087        1.1517151082692818        1.2007858431393224        1.3217448858975240     
  0.84951835760202599       0.87923850116645141       0.69870457591549973       0.90710888940086198       0.87918864652101558       0.86240017202530395       0.87980212755738818       0.89345515962716471       0.91048481374408841       0.63990395008913747       0.91354061731053426       0.83663330114530687       0.87386874443843054     
   1.1433730098803714        1.2314473338762240        1.2095528851823445        1.1474402536635260        1.0937010593127372        1.2741173987887486        1.0613058189834741        1.2307538289366446        1.1247882814707526        1.1720252210506754        1.0401339532083986        1.2485010635451166        1.2782610767144897     
  0.86928160246275876       0.89423616782544391       0.72323069793428552       0.91763319254812570       0.89125970173075808       0.87721805036753098       0.89427704315247436       0.91077759250712398       0.91793839397271126       0.65070883697327442       0.92517737757452634       0.85322958882376043       0.88948274415989037     
   1.0415253637751929        1.2692627454763228        1.0200385167808412        1.2083630754779278        1.1186800519244100        1.1875555641833728        1.1763402764962922       0.98167223644274648        1.1096598989473514        1.1677639152968109        1.2470489844332295        1.1248170471418710        1.1274091578664773     
  0.88991428941877682       0.90895105120635233       0.74951757442679801       0.92803449837906060       0.90365556648531975       0.89133715301645788       0.90892726806950930       0.92611029132047928       0.92570992555534615       0.66074842447300408       0.93684059032313072       0.87235437144837824       0.90518445821314741     
   1.0360100712256455        1.0582966517742609        1.1659318952465776        1.2135877629049781        1.1381367922244825        1.0023003159339379        1.0903014456363822        1.2148021016944790        1.2034625679030224        1.0800585258643085        1.4356169667768464       0.90003591490368529        1.0451458787471513     
  0.91019273508704790       0.92397545500421108       0.77778372912482552       0.94037688506255668       0.91934534607617235       0.90700398639977042       0.92355912845486077       0.93983281600204505       0.93409967362654356       0.67119257495455997       0.94816052745191615       0.89036984680944142       0.92037684091916105     
   1.1652108070541651        1.2549812582051858        1.1943135024068265        1.2284351967427214        1.1111738234072950        1.0772165327638299        1.1399408062768546        1.1017497897834345        1.1512325972643740        1.0965508968222661        1.1806150244242886        1.0177902810238086        1.0743379781680631     
  0.92906154536425112       0.93962637182698727       0.80635326552497744       0.95152894555726608       0.93479868909153874       0.92485604139916744       0.94021757901607239       0.95385861557478768       0.94181382624612198       0.68589113278135705       0.95867310268324168       0.90879515275622180       0.93552641859778407     
   1.2892664866718764        1.1978263892169645        1.0818535279769563        1.4425193300370704        1.1851806839632224        1.0210730647714659        1.1430481500181293        1.1021099301501129        1.3150404119516581        1.3798337765172441        1.0996871584221177        1.0188005841024077        1.0753035001105198     
  0.94743698404234056       0.95364712628419723       0.83700798791623776       0.96268635445681494       0.95179078378011961       0.94081553151448238       0.95608644410718668       0.96938193486683610       0.95137233482682448       0.70624539923407337       0.96852814930802689       0.92934190343430512       0.95020164590450151     
   1.0685043644368428        1.1971775966730407       0.97337389076613667        1.1070331325697194        1.2506655814032412        1.1206372078646185        1.2580120299768636        1.1243624145805351        1.2368399997324591        1.3951450666439462        1.3164354489368990        1.0447390215804297        1.0532705721255611     
  0.96517571843724603       0.96833651687083433       0.87292387104069968       0.97391759223402785       0.96830295562879720       0.95674035354601039       0.97032468777434633       0.98153081644913753       0.96080295460779186       0.72951398282607316       0.97805884699345857       0.95030922617838598       0.96772413826416182     
   1.1027437639649078        1.3377010850946705        1.1398876237938442        1.1931878569405010        1.2338967002617676        1.1385742633433393        1.1361931516103041        1.1580639220322295        1.0562335255674316       0.98486322298810081        1.4182358581883987       0.89022401076355362        1.0944487757134833     
  0.98266868599446500       0.98462414781970420       0.92692197941071719       0.98705968299646485       0.98418235307522606       0.97624925426267506       0.98495098346030530       0.99054354864824656       0.97839904685837920       0.78921118811586655       0.98772324520832966       0.97629884617629714       0.98363728108165716     
   1.1142618998338349        1.2099198814010890        1.0986945688171146        1.1371739319915850        1.1896665925180716        1.0465743143308484        1.1404308030088222       0.98435843827941383        1.4606031694838360        1.4549774397664423        1.1392185555170036        1.3092307075957317       0.99611313055327844     
   1.0000000000000000        1.0000000000000000        1.0000000000000000        1.0000000000000000        1.0000000000000000        1.0000000000000000        1.0000000000000000        1.0000000000000000        1.0000000000000000        1.0000000000000000        1.0000000000000000        1.0000000000000000        1.0000000000000000     
   1.0491659273291469        1.4687924743926668        1.1676997624833971        1.3906228999837833        1.1139300474134477        1.1998472198020149        1.0681306841262717        1.1090588368158283        1.0499299628040772        1.0116439180888217        1.2067383666274010        1.1140143560521680        1.1734101587366417     
  -21.610898212581045        1.3955639317055706        10.789122955636612       -6.5178709017826515        1.2332494957000042        4.7492636917836792        4.8968666916817511        5.0164041027224338        12.548860600466151        86.997687905121381      -0.10706520978082333       -11.296880203909888        4.2303927179801279     
   3.4736999246061142        1.0570520163269574      -0.81962972249250354       -12.056499360716451        4.2898421012021029        7.8005053103635920      -0.21591966006211338       -4.9071168361110287        7.5131186725096777        2.9139161208745743        16.857851350780429        3.5629414920638691       0.94128095735947026     
   3.3068372928737100        2.9789164498432732       -3.3080083907555711        6.2673223264472906       -12.330883734745878        4.1650592600606302       -9.5949676168145022        1.8456705875401549        3.7948826494749328       -7.0580308720944265       -4.9062462021165736       -12.657638257960043       -5.9667950402242429     
   11.414559598823219      -0.98302707282355550       -9.5793355175881683        5.5907550984709689       -4.9104661372559573       -4.9235663300302646        8.4534393776843508       -5.8579368345593457        1.1942437058627910       0.68245766211434178        3.8299321357096154        1.6370905482514986       -1.6835961284676049     
   8.0243483184154680       -2.5148169411647090       -12.901613755170638      -0.45294380299233900       -3.4278298506959635      -0.92796803822678120       -3.8872960729296286       -4.0692401210188827      -0.43079076507129105        1.7379278307004649       -13.294173212942598       -3.9125440668624876        5.5729435718565812     
   11.235203814093813       -4.6855567893880492       -1.7168420936938220       -6.0275733205854616        1.0828802517714831       -1.7087106721914860       -2.1735213404467730       -5.9737615881983963       -5.2361645082141095      -0.29561480245449911       -8.8009536485667983       -1.6242437051477947        5.9381021853696723     
   13.834578648690210        6.9167335826478027       -5.8109896317601244       -2.6638926797018363        6.6042034706025596       0.50647998717951093       -6.0769277514918736       -1.1264290551395904       -2.4601032267620218      -0.78009068606952670        2.1672577556443358        6.8543778111508997       -14.551649832945667     
   19.644678975161057       -10.574431340539741       -6.3035694016343573        1.7934422471844593        6.4238946199623230       -10.428278814868282        2.3677977663316447       0.23121050430754889        1.1963806482753134       -5.9965407474576651        3.5461406593266069       -1.3900171728040895       -2.5044788836212128     
  0.23359211423593609     
           1           1           1           1           1           1           1           1           1           1           1           1           1
  0.15421291921441907        4.5696228876638219E-002  -1.2452808510735607E-003  -5.2440245600556015        5.2761029223215112E-003   3.8705904129314188E-006
   3.0155570411305992E-003   2.8167764606749461E-003   7.3012335553383702E-004   1.0043229633450421        7.2993160578157992E-004   5.4126632783832687E-007
   5.0000000000000001E-003  -4.0066746019198618     
