     
 Collinear #          27
 ME*wgt:
   1.0408980369996648        1.1330086997990133E-023   1.0884915328160794E-023
   1.0023122910117952        1.0910084420038252E-023   1.0884915328160794E-023
  0.99972030469290829        1.0881870868425417E-023   1.0884915328160794E-023
  0.99980543757281770        1.0882797532614873E-023   1.0884915328160794E-023
  0.99998689989185852        1.0884772734592884E-023   1.0884915328160794E-023
   1.0005106543919295        1.0890473757978901E-023   1.0884915328160794E-023
   1.0111281597783968        1.1006044405106887E-023   1.0884915328160794E-023
  0.90517347080220123        9.8527365869793864E-024   1.0884915328160794E-023
   1.0000000004707439        1.0884915333284801E-023   1.0884915328160794E-023
   1.0000000000000000        1.0884915328160794E-023   1.0884915328160794E-023
 wgt:
   1.0000000114325722        2.6919549540995790E-006   2.6919549233236101E-006
   1.0000000010958114        2.6919549262734853E-006   2.6919549233236101E-006
   1.0000000001091283        2.6919549236173785E-006   2.6919549233236101E-006
   1.0000000000109082        2.6919549233529746E-006   2.6919549233236101E-006
   1.0000000000010907        2.6919549233265463E-006   2.6919549233236101E-006
   1.0000000000001092        2.6919549233239044E-006   2.6919549233236101E-006
   1.0000000000000107        2.6919549233236389E-006   2.6919549233236101E-006
   1.0000000000000011        2.6919549233236130E-006   2.6919549233236101E-006
   1.0000000000000000        2.6919549233236101E-006   2.6919549233236101E-006
   1.0000000000000000        2.6919549233236101E-006   2.6919549233236101E-006
     
 Collinear #          37
 ME*wgt:
   1.0431882826467629        1.2705302482479401E-021   1.2179299455169955E-021
   1.0031317621327263        1.2217442124006789E-021   1.2179299455169955E-021
  0.99999188775494918        1.2179200653708228E-021   1.2179299455169955E-021
  0.99989816474055049        1.2178059173050025E-021   1.2179299455169955E-021
  0.99995840254004653        1.2178792827248607E-021   1.2179299455169955E-021
   1.0000476778244454        1.2179880137671246E-021   1.2179299455169955E-021
   1.0001495413411019        1.2181120763944163E-021   1.2179299455169955E-021
  0.99183538671832017        1.2079860185076719E-021   1.2179299455169955E-021
   1.0000000004601186        1.2179299460773877E-021   1.2179299455169955E-021
   1.0000000000541318        1.2179299455829242E-021   1.2179299455169955E-021
 wgt:
   1.0000001988419898        3.4824898843498679E-005   3.4824891918847878E-005
   1.0000000190589935        3.4824892582575265E-005   3.4824891918847878E-005
   1.0000000018980195        3.4824891984946203E-005   3.4824891918847878E-005
   1.0000000001897236        3.4824891925454979E-005   3.4824891918847878E-005
   1.0000000000189715        3.4824891919508557E-005   3.4824891918847878E-005
   1.0000000000018974        3.4824891918913953E-005   3.4824891918847878E-005
   1.0000000000001894        3.4824891918854471E-005   3.4824891918847878E-005
   1.0000000000000191        3.4824891918848542E-005   3.4824891918847878E-005
   1.0000000000000020        3.4824891918847946E-005   3.4824891918847878E-005
   1.0000000000000004        3.4824891918847892E-005   3.4824891918847878E-005
