   0.0000000000000000        0.0000000000000000        0.0000000000000000        0.0000000000000000        0.0000000000000000        0.0000000000000000        0.0000000000000000        0.0000000000000000        0.0000000000000000        0.0000000000000000        0.0000000000000000        0.0000000000000000        0.0000000000000000     
  0.23199581963513552        1.5728768792129474E-003   4.5903634770756456E-003   1.1104947367442709E-002   1.1848330485808065E-002   1.3317046738936385E-002   5.3034190781138246E-003   1.6155910874842579E-002  0.45386443837565182       0.12598033567199965        7.5717264142286467E-002   1.4277787572374924E-002   1.4454522448984201E-002
  0.63468950400465840       0.92193485773709949        1.0561814186914467       0.84584145231246033       0.86548943258626043       0.68840932581599046        1.0232484397159967       0.89314188178733178       0.74478303732941464       0.66972012916915258       0.71034358042622114       0.83055562192454613       0.93969361439602761     
  0.28034658193715550        3.1691943658888758E-003   8.8969365070804621E-003   2.2462396733420771E-002   2.2921837315083692E-002   2.6510244509719307E-002   1.0685164326235379E-002   3.3221300159040207E-002  0.54040399627340518       0.18291326860105755       0.13279291394636422        2.5938267719417783E-002   2.9659288783575745E-002
   1.2459658935331199       0.85336843902378290       0.81636107989898454        1.0131360298681045       0.76011299589466308       0.70855625063250371       0.82275624555349647       0.84716932594695726       0.94543383946742132       0.82320347303238972       0.83104576216437653       0.93408307999521467       0.89400483536552222     
  0.30087768652254449        4.7755641212977066E-003   1.2926368095933460E-002   3.3784488879564117E-002   3.6302676928561498E-002   3.9231809685113556E-002   1.5684030207123570E-002   4.7789893862548470E-002  0.58759148750454671       0.21319184666550137       0.17508783436029832        3.6167177642442580E-002   4.4684774573668817E-002
  0.89217155965219519       0.92985631321281970       0.90631662769701193       0.89081068106290018       0.76229877632109588       0.79317805672168229       0.77562560136636371        1.0322172752735590       0.97898116985211725       0.85150386952965285       0.85107127130024107       0.86826379142763888       0.72014168955643965     
  0.31960328641585833        6.5803285834615350E-003   1.7336268864450548E-002   4.5513081791142586E-002   5.1628707398658123E-002   5.4204638119617572E-002   2.0189219112972903E-002   6.2083009026969095E-002  0.61993328868321762       0.23646987961637778       0.20824647321727843        4.6221638641879503E-002   6.0610994217809584E-002
  0.71719711321814428       0.71941674137086919        1.0049880273325507       0.92280108449588960       0.79318361200268961       0.76983840074419252       0.78463132594640406       0.96983075552790188       0.77731151182079905       0.97204023747385881       0.90550503770803303       0.75954173787055623       0.81629682422654004     
  0.33781017548273684        8.6784456275239112E-003   2.2184962656624306E-002   5.7398844683855296E-002   6.6755790482430882E-002   7.0357307231706939E-002   2.4462441348839979E-002   7.5236359649259316E-002  0.64555774523647058       0.25499697172439845       0.23272515191801679        5.8138858806254877E-002   7.5221611622862630E-002
  0.87085174894642570        1.0389238698993426       0.99273775535425401       0.90217381590731793       0.88373657736972666       0.92406966255493739       0.95815153443893941       0.81671899368759138       0.86609817864594607       0.93340345303600147       0.71613534928386369       0.87869757682425964       0.88414118260746732     
  0.35473129105893203        1.0534790990561758E-002   2.7320693562623601E-002   6.9830627439895002E-002   8.0209575867255439E-002   8.7282859998622966E-002   2.9513831785550299E-002   8.8009290791602288E-002  0.66988100910477100       0.26828268899243568       0.25329494436045125        6.8529802475490745E-002   9.1250527355330735E-002
  0.86273557236218201       0.83761719537073809       0.80728111186253138       0.91460963865955380       0.76110770361446434       0.92644535552403984       0.76595387683581451       0.89964023940206994       0.93553224631611631       0.97962584767355976       0.82612867592738670        1.0047731635918398       0.78397624467946803     
  0.36970604332255652        1.2167035256804629E-002   3.2420722642884196E-002   8.2632041243048709E-002   9.3100927782574242E-002  0.10376366897288990        3.4863929940594791E-002  0.10104388874355702       0.69066622252459575       0.27801989645344988       0.27006407250838832        7.9522529339937809E-002  0.10527866546437481     
  0.84435205809082015       0.72477211009869313       0.78851166571969189        1.0477631529242872       0.82492299528152790       0.88933272752819648       0.90876063346064517       0.80455790230837676       0.78875933123118847       0.71393761927008625       0.93936630664185927        1.1362557989223860        1.0076242671032880     
  0.38401849675680333        1.4112083808432208E-002   3.7609875654964750E-002   9.5289469304917399E-002  0.10663662850608120       0.11956230879265939        3.9309569712697778E-002  0.11453159113829456       0.70751435080969205       0.28700524341545208       0.28552130910789991        8.8762887291829407E-002  0.11569470011656097     
  0.96264867273769250       0.86274496270102530       0.90955046628418756       0.99166099084010562       0.76287377897321551       0.77223147011864257       0.77143518124972499       0.87082143837535608       0.81878872703831074       0.72224279364211097       0.98507443464745648        1.1314221979269004       0.75366129555923034     
  0.39825234375757385        1.6336927400995183E-002   4.3064731176526594E-002  0.10824004559928321       0.12202772253262587       0.13414324701134248        4.3353565217314226E-002  0.12744661875185351       0.71965612029775305       0.29656113722164473       0.29903636049672949        9.8421533738567407E-002  0.12664726402000914     
  0.64639684389516250       0.78876112229188589       0.81676841889502294       0.94391870166088232       0.92114235087850771       0.91818566723208128       0.76908354896706310       0.79733757351281864       0.73612809069856866        1.0261405902981018       0.94044455462776910       0.79773544382346306       0.68192516968607841     
  0.41316608229667418        1.8661727727956247E-002   4.8773133349775996E-002  0.12210908600070515       0.14041581445708531       0.14898643253587465        4.7628821255280507E-002  0.14050802646605529       0.73130236275173854       0.30703026647045129       0.31278593882313921       0.10906385062422545       0.13654978197146989     
  0.79279806309015033       0.75912928073185293       0.82730944022652686       0.89828988201170124       0.98854030936657755       0.73798448056513566       0.74787332435432496       0.81551939070468915       0.83404452191866607       0.86398103465511233       0.81510235685294741       0.91236009381936889       0.86445586897436999     
  0.42791325212104847        2.1728114550400700E-002   5.4655963187132194E-002  0.13490447333129155       0.15737337800593526       0.16452425654820058        5.2036405685382515E-002  0.15407438085190511       0.74436668401539663       0.31529349624237540       0.32593047306584200       0.12010167209221778       0.14539770379143033     
  0.99719249452963377        1.0689979949848036       0.97949838148948354       0.84223632117194913       0.76037584656877755       0.86364987718573372       0.77575591902914032       0.95543152554603017       0.84069698040380736       0.85860532028964542       0.85882166869916876       0.88976862813235458       0.76520915525143196     
  0.44186451996374587        2.5141133197426793E-002   6.0431915535814687E-002  0.14786028864645559       0.17360239593632634       0.18062998256819029        5.6115111774479379E-002  0.16765183607793877       0.75725098802122515       0.32334440733461683       0.33895009381051094       0.13159969380234621       0.15755850201304988     
  0.86095420877249518       0.85837405970949954        1.1270863566032039       0.89331159576169383       0.83168843437637086       0.88114145790499521       0.86330571957123314       0.86100271048521415       0.98613086401937833       0.71771143279302829       0.93064698033867777       0.80373611206446793       0.91047080196071106     
  0.45569000115892605        2.8423496136872218E-002   6.6169208833506327E-002  0.16160892260547255       0.18938698815025079       0.19725845749842605        6.0780225369527908E-002  0.18158313100399245       0.76890706843863266       0.33122101745859994       0.35194467748400859       0.14375408884477842       0.17473483608254145     
  0.79902963084175527       0.94862370323448431        1.0361978563933156       0.81775787864353233       0.81882407396234269        1.0091241386628804       0.77484502229868546       0.83938810622694970       0.99238824786627411       0.88376209795079974       0.80084352424022109       0.97200259126690502       0.80797309841255616     
  0.46944388021230304        3.1741504468329296E-002   7.2481374275235655E-002  0.17575224651896809       0.20490579943198650       0.21374161383813625        6.7347803949251897E-002  0.19454624937601872       0.77968678209917952       0.33943525215378373       0.36460481906606756       0.15638765419775047       0.19193669575767652     
  0.78928045661594726       0.78866436826828634       0.87115558103898083       0.97869138201189509       0.98231811287163806       0.82479364957068335       0.92131846739213097       0.83094057234187635       0.86302378323579942       0.98099821153130617       0.92691798343227150       0.99013087321035242       0.96769348918749643     
  0.48259936029683886        3.5078513216936925E-002   7.9121027359221607E-002  0.18937708006365198       0.21913154962961845       0.23046010340823611        7.5102863276942461E-002  0.20462463381120438       0.78998563619546092       0.34775442659791028       0.37762982213290297       0.16942073492436291       0.20894676636004655     
  0.75110164783092903       0.94051129397431865       0.77799303196988134       0.82797242920969816       0.80754539084863308       0.98598152628592017        1.0611735360409624       0.83731897452120119       0.77968795228487997       0.96294451220297816       0.91190518302056423       0.80984890927699249       0.88099239052221223     
  0.49564051241682966        3.8722718458342381E-002   8.5077777515645048E-002  0.20275987452871591       0.23411285881993696       0.24726181697446908        8.2715685268429845E-002  0.21397055544416207       0.79973698161240292       0.35498517338151470       0.38924166112749337       0.18286460450539185       0.22731595663787491     
  0.76083461395410490       0.98134550499117057       0.80873684381896394       0.82532013661301051       0.88187090559164749       0.80394738736049087       0.96955399199542902       0.74936927581684032       0.84400528235165773       0.75800909439745701       0.74111842152611296       0.82115370167838753       0.79495799324980931     
  0.50951352288032692        4.2683500666560237E-002   9.0611755367462882E-002  0.21636678437965312       0.24984840823756915       0.26417790392205454        9.0047073733977995E-002  0.22313184409529843       0.80911865596797161       0.36153403330291567       0.39983925668134607       0.19683835512780867       0.24080707791927494     
  0.79126979161451683       0.82565966198491447       0.79127616935860223       0.73499038813951922       0.88409643122637416       0.80528872359572490       0.80852627054496917       0.69261677609807737       0.97867663904341939       0.87862467223662510       0.87325415912293369       0.87198407868077399       0.80485009911830818     
  0.52454094634399695        4.7032406448775002E-002   9.5906164098817401E-002  0.23005298495178850       0.26603618876693025       0.28153953866853176        9.7717599292850441E-002  0.23574952287136722       0.81796151374840953       0.36793944461407102       0.41064291668034680       0.21119257449724135       0.25297766172575881     
  0.85761458219629172       0.80104764134003181       0.91595260563436043       0.78377711190817811       0.89220642058169042       0.79883986052839417       0.70142502376962923       0.80982427403596269       0.79872633397168791       0.88960810585825356       0.92183754215223035       0.98730083173951921       0.71415446544940264     
  0.53921679090667796        5.1803895371883971E-002  0.10125013387300361       0.24542826602617077       0.28324331264092495       0.29772724816401352       0.10574819886425710       0.24826626114497224       0.82646711819777341       0.37474654275170527       0.42175627890616774       0.22580833604608402       0.26581117179377500     
  0.71600763806938716       0.78914456456048887       0.71740813300366324       0.90459251314455713        1.0219181848722325       0.96717322544338835       0.89296061278458605       0.83093491075448611       0.89410090193863856       0.92030618854659452       0.79578448779004363       0.88197131823530150       0.87133817647742073     
  0.55317971648269015        5.7049663823457109E-002  0.10707512543840561       0.26009644190860043       0.29965836135318052       0.31369872422168821       0.11356617330948035       0.26068467906944637       0.83456454355875553       0.38208953940927265       0.43494554437574673       0.24043826813911606       0.28132462966545907     
  0.94629737051595630       0.83215936934353507       0.83872164938633631       0.74573171492086543       0.78522684323359426        1.0251014130106169       0.90017665275445768       0.81599062143090018        1.0721450173743146       0.69772927155195941       0.77450854391637836       0.73290221814802137       0.76374223236282646     
  0.56665953343985387        6.2740607651842611E-002  0.11420021649462668       0.27503913869866642       0.31599903396545326       0.32998149895454998       0.12133020788632086       0.27280333683472702       0.84222556590231712       0.38960645055804843       0.44886482378166587       0.25413320725334287       0.29981954343119249     
  0.84449942116950605       0.94673988773735873       0.84646976233166149       0.80512029537759100       0.86253675021615472       0.95521003636524493       0.86980004443989023       0.83185774673433466       0.78795306242991281       0.81101234891795304       0.80840404963040735       0.84416623734113572        1.0669631458856352     
  0.57941863517762149        6.8853613307938558E-002  0.12181167522456599       0.28910752535846318       0.33227525722198342       0.34597800832456649       0.12930215639922643       0.28575862791205475       0.84983607382155257       0.39692169412464923       0.46351071876622241       0.26924653899068335       0.31788168614350548     
  0.74309098995930023       0.83645939092086963       0.95703330925801133       0.77434398411065397        1.0285128878508387       0.78037115578901095       0.86172561736717035       0.77843439644188839       0.86871729545748377       0.86510768380682135       0.80001129446279695       0.92519681945872534       0.93541187350792965     
  0.59063296816166866        7.5121494857158522E-002  0.12975345286214543       0.30236845366646026       0.34866090216952411       0.36132306179452733       0.13764290351635516       0.29977387818706147       0.85696794383070696       0.40409654903762265       0.47833569245562141       0.28428091787610110       0.33523583990059930     
  0.82997123855076838       0.89529521923945410       0.91052292035584803       0.76748778646757132       0.82483370547027435       0.97248011352331365       0.98882870509577758       0.84172881763456053       0.91661080310889442       0.85542799104937028       0.84071039988652807       0.77975103746653218        1.0383666090947059     
  0.60114297021143726        8.1496396285902578E-002  0.13791093381721184       0.31532886435642260       0.36518343405993592       0.37579640274159681       0.14629172996823264       0.31553843498596423       0.86367469315022027       0.41139329892431048       0.49271837495925302       0.30010724632116481       0.35228075898370342     
  0.71916628778002267       0.92351792502311836       0.80936501488215851       0.69797730275258041       0.78948751750539503       0.90828966990882010       0.87421699074328485       0.67822724950926416       0.86650377549391677       0.85237751536759876       0.91014609991666207       0.89469855064139781       0.77420727633499398     
  0.61297635411872997        8.8184336564738480E-002  0.14648926286821093       0.32838589432184906       0.38133087792031917       0.39148331708388828       0.15536986388961835       0.33315410975048421       0.86997235902787762       0.41892340573371567       0.50510729354814454       0.31644645658564546       0.36907241281993058     
  0.76742366247439897       0.72960980934773201       0.96948062706828853       0.77434413890853160       0.82801992218300324       0.79893387593492970       0.86188240132922100       0.88613037349146362       0.94115292030599629       0.91853512824805728       0.79065676570112242       0.88742930717476598       0.86424041989045175     
  0.62577313036535454        9.5352757976140345E-002  0.15516750559030959       0.34231158247894999       0.39632643075474511       0.40711285161448879       0.16531206677601451       0.35226309725853133       0.87587860776364457       0.42632705933023263       0.51558713557810598       0.33175839517203054       0.38654919921596803     
  0.78093335037553313       0.91365593762414254       0.91857564706666273       0.69782007016223313       0.85609184709816077       0.85570526881775344       0.94003136939120779       0.86454181641584760       0.77835235985867923       0.85927779263325155       0.90160325817054721       0.77771143357069517       0.85309818501962187     
  0.63906803642856502       0.10312383019862392       0.16368439359308906       0.35833049703915826       0.41062445844461742       0.42224871743087405       0.17595933823754589       0.37096397603637948       0.88153600935611498       0.43330739141643715       0.52568630237324876       0.34688458480770568       0.40364830336192808     
  0.84310690536006527       0.86315247032512921       0.92142926238385969       0.75190952937629896       0.92055256179605127       0.87981528853955626       0.91021890294101149       0.91784247635430305       0.81995625129159699       0.80731449662012544       0.71207697661667213       0.72125071072184022       0.91109273090269693     
  0.65272661978280067       0.11098010699504091       0.17250283133249519       0.37502122136453531       0.42556110977348227       0.43654881430721848       0.18662902893481709       0.39065443015543927       0.88681682655254057       0.43955300898790239       0.53873874273860078       0.36095067851509977       0.42055360607926601     
  0.88872673915014178       0.85507459270113451       0.83425344954199343       0.92254164376878967       0.98582559784072199       0.82865919519447173       0.89800444077154573       0.85329464552012968       0.92685630207575498       0.73133146146516503       0.85620888046267440       0.71447980143640988       0.94607816476268769     
  0.66517591715837476       0.11876532004071715       0.18196512509897012       0.39263352208778513       0.44040653150235914       0.45039234170343723       0.19702117096123134       0.41243251018031313       0.89157322127698690       0.44451379595441270       0.55282940104349920       0.37583169291437230       0.43711454632541519     
  0.75185134809454801       0.76791855575790313       0.70777244260886529       0.95726185296556254       0.74302112770063344       0.75358205561048874       0.78787714151786237       0.76214147384484177       0.70484763445610310       0.75473220470027180       0.80916661923607924       0.92275658753135670       0.87699313875102469     
  0.67640036991523422       0.12702774284501622       0.19146442670469530       0.41028269823606134       0.45509500068584907       0.46560435863999605       0.20701214048069383       0.43301867989955301       0.89596892068541933       0.44880501893343366       0.56669417315109283       0.39198589946274787       0.45296285460601482     
  0.74638378402081762       0.90767361619220055       0.79414001591787053       0.87405092926748107       0.89035815226745307       0.88308111814306700       0.90840972334806591       0.90931733876722864       0.87989029113427664       0.72621719533762530       0.77206264061111862       0.91016598374830748        1.0085932976881318     
  0.68707586345892768       0.13571348589732529       0.20056310341670744       0.42230669828554734       0.47188938725766311       0.48151006529771545       0.21688935080647798       0.45554117725967946       0.90040677616664921       0.45350582127898087       0.58051760103487982       0.40947554466506869       0.46835588765129327     
  0.76972998807946214       0.80962763442697694       0.87880425923138183       0.82207634278278940       0.89297472371163367       0.87334122497518363       0.80071207200729200       0.80203632718383477       0.70680099317926148       0.77843051874010238       0.68036438473916461       0.76845348941170377       0.74980021243303863     
  0.69775903653653926       0.14447991181139763       0.20965367838815688       0.42970231500790596       0.48742699338100970       0.49832795091269116       0.22672914505401551       0.48036957558639509       0.90488697107121041       0.45824222468765780       0.59447884078826618       0.42756225665586073       0.48339032941203697     
  0.84745277826061727       0.97488575339499017       0.77584510333457835       0.66342795607882143       0.88854167067093381       0.86461063113736791       0.77742353920136043       0.79790491155110188       0.91541005715975665       0.75831248105543447       0.84641965694061949       0.99622305531021627       0.87826507951507482     
  0.71106379639179840       0.15402285586717349       0.21887643441069338       0.43724274992743545       0.50157927315098672       0.51478854465108692       0.23757820172795385       0.50834224096297242       0.90936501759970623       0.46447438033420607       0.60865591262035124       0.44561620616975478       0.49744026651848522     
  0.80005945925658928       0.75665399827485469       0.74029173856223351       0.74478303732941464       0.75762315853272899       0.88915897664592269       0.81415789423713558       0.81821072879367629       0.89116040526853524       0.84012698925185259       0.77708134139995422       0.79893039926729204       0.89901654325235658     
  0.72378476569596795       0.16423385649976405       0.22825217458393304       0.44816710904292695       0.51695835228983622       0.53067069070664841       0.24984874902142493       0.53990932375661271       0.91385427423258991       0.47234369524054876       0.62308307049110934       0.46345029121098724       0.51226495836176855     
  0.91288087518527739       0.75426947221470475       0.83415746950076231       0.75993721328127151       0.80033635001780756        1.0409915775000429       0.72839164885732510       0.99478227334614577       0.84410635887806851       0.88767822648067896       0.74926065074387083       0.97884731964961602       0.70197595174295269     
  0.73676385431772018       0.17536043078212901       0.23747529177844517       0.46564547067856976       0.53262155872855987       0.54434217724542311       0.26223221142184389       0.56873667306899667       0.91821758842822143       0.48030710382282588       0.63727281416652548       0.48064961640469167       0.52506268719825311     
  0.94239031477369062       0.79058765729233627       0.76813378030352097       0.77546371953609039       0.88175311345162699       0.74478303732941464       0.77511768651785051       0.81559922586176159       0.85081698927566674       0.83767752368688020       0.83449057526735659       0.70174799817965383       0.71617265986649592     
  0.74925606310144077       0.18760163884829009       0.24675897143198794       0.48452143096960326       0.54792287748465840       0.55846093689439635       0.27401450756363649       0.59425373723294428       0.92226252009029541       0.48774432850120703       0.65092870026396410       0.49761948144957080       0.53912811063750610     
   1.0060732218692348       0.79823047932861901       0.72240291618710195       0.96820865650590171       0.99831947570242086       0.82859457189171859       0.86891150757786717       0.69347992807925396       0.85370729925534461       0.92059801345578751       0.84270033419434509       0.80310688464517088       0.90895676627058386     
  0.76065792423912060       0.20052799934108523       0.25691285988002777       0.50424943678755663       0.55980814976692606       0.57395095532654472       0.28556396641019588       0.61721953394594997       0.92592514311258944       0.49494479719523987       0.66481169234370718       0.51489095068314672       0.55481211693094001     
  0.75647920877279484       0.91940342381266382       0.68573768703768789       0.99749458517583078       0.75184417646462531       0.82538835838174962       0.99173209311656141       0.85447005164857115       0.78479649955739450       0.64096350713387973       0.86152939797077233       0.77749813458004291       0.88331691911157884     
  0.77146542865872747       0.21453973902861254       0.26836586117164341       0.52394733678285399       0.57042771776152879       0.59000056185811667       0.29854766929470861       0.63814194890082943       0.92942067087123470       0.50224558256712593       0.67925220647186613       0.53270315791390155       0.57060456015997252     
  0.78714919833019847       0.91894274118119978       0.89247446961506161       0.89043206761469063       0.70935231668838472       0.86991323441784008       0.81954133926387662       0.90015057735603554       0.85497129745509115        1.0721394818875769        1.0619602145973686       0.79555497071077175       0.79731057942217165     
  0.78347824584534054       0.22937602832579998       0.28044504553372840       0.54332078368204795       0.58141082656785159       0.60703814933234856       0.31255624574623631       0.65854979425353211       0.93289394435906436       0.50983857441863045       0.69388202390510878       0.55024073747541646       0.58549377418052295     
  0.89204401925083376       0.86616765687724584       0.87266810551764007        1.0032182611095757       0.77791626108229706       0.80958686175457850       0.89317121763142238       0.87005774869139985       0.89713482740867367       0.85229919805327325       0.80283391385822167       0.75942548125669929       0.87866424984683345     
  0.79554464070451536       0.24508394954473045       0.29249758217949706       0.56236454508229283       0.59246685438489222       0.62360612054972786       0.32674654819263260       0.67700544222907233       0.93628618324790136       0.51782107331127136       0.70846052107663393       0.56699914196524737       0.60041361162798190     
  0.84484653372832952       0.70046161973380128       0.88072129085367123       0.69117894531563795       0.80793701094594117       0.82759688879224669       0.86411448171507199       0.78123416054344208       0.77908797775546901       0.82135174133017919       0.82974026192477857       0.75435730527588074       0.87165904511809456     
  0.80679560994219035       0.26167877604397033       0.30422347467809258       0.58044113943913578       0.60571757191490450       0.64196297043215877       0.33997103944354351       0.69464974651016409       0.93958083023637340       0.52581141508131657       0.72255519114533828       0.58376004687317640       0.61708710076789997     
  0.99057783074928252       0.88683654706289994       0.89348287562180950       0.75990392015752206       0.78442705472388885        1.2052189430230318       0.83759337532325806       0.90993750076980384       0.89760505399900969       0.95712405140413059       0.93970374827784464       0.91657358548595524       0.77776198052326384     
  0.81770000104810769       0.27927348235927485       0.31597235374413202       0.59791173555759669       0.62215333421546282       0.66062620979319842       0.35259414740646794       0.71170901083164095       0.94279402267559742       0.53371230937237479       0.73619765087931244       0.60156821533183369       0.63430012027603511     
  0.81901206642487556       0.79808119135386790       0.76955970546411401       0.84437414092206986        1.0184303434725965       0.88016660532803903       0.83643999375933331       0.78557188211403051       0.86892757112083618       0.96030698555527894       0.84487316087716469       0.94703292960170460       0.90645706295101358     
  0.82825298424750937       0.29747170115151966       0.32857127510623724       0.61568506182975102       0.63945082070914350       0.67727671097404551       0.36445801127648747       0.72765607562673873       0.94597161173013622       0.54183501238858878       0.74988511542697944       0.61998556435030017       0.65103125826280484     
  0.84307670384993971        1.0181615665036656       0.97822042406428311        1.0095697416726692       0.91483748128307829       0.88171168080263262       0.76034856167482623       0.77184962752211794       0.83260551738000577       0.80924573618313855        1.0690853811301826       0.92012257770426453       0.88637858011156656     
  0.83859897886844281       0.31735181327286904       0.34232482501173433       0.63469451277962652       0.65725343738401509       0.68975459203155431       0.37703597597029875       0.74367859088639621       0.94918956347626915       0.54982505368984225       0.76326709222612033       0.63833911651480912       0.66780090918066870     
  0.79735503622379389       0.90874144010262292       0.95717773147354013       0.85732488848862509       0.80170615447931803       0.78767842219913753       0.85299446416940394       0.84117347135533937       0.85066784834213460        1.0058584447017760       0.85532503685869365       0.82839172261025684       0.79418100163831351     
  0.84861323449234072       0.33731286605360455       0.35729391276798095       0.65531961244310566       0.67567970181075243       0.69900293791863233       0.39190163288875951       0.75853307403392656       0.95237875463162402       0.55786906508120349       0.77601448022230413       0.65463687988544694       0.68529443584426264     
  0.91209115528309459       0.80822794735025860       0.85058163202826498       0.87245283409062258       0.97743578518913743       0.67145200891208789       0.77218906600734949       0.85271144241932584       0.74391169438754390       0.91438528018650556       0.81776452510851805       0.87244463651490889       0.77741678955831139     
  0.85806288496038563       0.35803877492302377       0.37191429357961298       0.67603120314653531       0.69351783149437807       0.70927660457662944       0.40935204915693540       0.77343738465904610       0.95533790373309124       0.56579196910731366       0.78858201896358748       0.66990763873908077       0.70402494816915762     
  0.81778584701206303       0.94175610956346056       0.83054728655405674       0.82346929949726810       0.74861032967997576       0.70057660246003661       0.85276870450007636        1.2999060416400181       0.79624786477645848       0.78569709939833843       0.82038369930442212       0.77779829410826273       0.76457636024791908     
  0.86746885989851341       0.38003266170541322       0.38732052206628931       0.69641358268711151       0.70914584397213321       0.71977608706368013       0.42797242221934606       0.78803062847110272       0.95812940934569768       0.57353222054521247       0.80173562072800997       0.68554645584122276       0.72319146939211454     
  0.85579226026123845       0.87088293464710698       0.82017392865753624       0.84561626847570193       0.84666883078562749       0.81705427408856957       0.82426668751661436       0.87617732023799277       0.98227983459560819       0.78557188211403051       0.88585444241374245       0.78917718006797544       0.87638383379803964     
  0.87723723593210590       0.40445827565336118       0.40412013390535806       0.71760464701403603       0.72517580814811899       0.73082960523396689       0.44664000591379055       0.80200473203376821       0.96104647862688664       0.58165642258492634       0.81500927982887761       0.70273933160363422       0.74179483101553689     
  0.83432854430465520       0.76369337844412832        1.0630274305240082       0.86852655711451232       0.87759455854522250       0.77176304846494759       0.92080012601382943       0.99876166549836298       0.80954680135566293       0.85919958390115270       0.76643426633054479       0.92499214937120622       0.83077653267324514     
  0.88656579672847091       0.43110254091885603       0.42208717316084510       0.73887090695612700       0.74157336249351391       0.74537872620282497       0.46532751469835432       0.81594249670243668       0.96397997508905164       0.58994181352821606       0.82726239353240816       0.72093285641577876       0.75952520392063849     
  0.90897346098491871       0.81246022180060440       0.90841471306584654       0.90016498641609499       0.84154791456345990       0.91917126046658637       0.79811127365931600       0.91479775928990648       0.75765700237636602       0.83252891626998105        1.0303451841877471       0.75899159905561508       0.89771075547967516     
  0.89597416238962446       0.45982459516028318       0.44051256598233590       0.75892839744920915       0.75836502818134277       0.76325604480961473       0.48523949288983259       0.82988042785875871       0.96670574549385024       0.59894387031697016       0.83862074342075854       0.74053194832110514       0.77564818878665709     
  0.94937846773063017       0.76225885600997445       0.84379998470706552       0.86647577014575794       0.78421615599998717       0.91896651656919859       0.78976227585753866       0.95579596969176850       0.78724285320973342       0.89630162015551174       0.93319947423831773       0.78236357464079220       0.79179024783919871     
  0.90504368792746082       0.49163855965263070       0.45971690383650560       0.77712664267251896       0.77505771849385952       0.78180431439110210       0.50772683401192353       0.84363514257861083       0.96925488962917450       0.60877409287530604       0.84991380378696002       0.76193054817424366       0.79192559825589870     
  0.82491057113668376       0.85693442079680715       0.79325789406913338       0.78880172992155684       0.77359234415755929        1.0698395110281305       0.82166718333015010       0.77482969784366695       0.95095069992446546       0.91999487614506992       0.71118020656394509       0.87214561785897093       0.81684186797284342     
  0.91404985415629258       0.52509919082676382       0.48092525654423146       0.79360613536163160       0.79083838028700693       0.80004656844844191       0.52915444301315406       0.85733398914027015       0.97158550294084955       0.61933794937697595       0.86173956716807720       0.78329432751669614       0.80934051867784940     
  0.93786756075351063       0.94182999474732065       0.85975095335246299       0.78265620313951467       0.82963992785358986       0.81917445364962171       0.83301375358845431       0.87680598455040748       0.92283618571834725       0.91620048929690645       0.82565025639673195       0.70879291501855646       0.88120944019036718     
  0.92315099589440675       0.55971899791498458       0.50243892200717855       0.81011953232578404       0.80708210709672734       0.81686832029504508       0.55084559195080784       0.87099945863096262       0.97380210049413174       0.62950134789013767       0.87388161678425536       0.80002566219479121       0.82808062928345749     
   1.0912381699539895       0.78997541928277670       0.98605539796914210       0.74854185907579873       0.79383924374947157       0.69867094359459181       0.88086629973074437       0.77097010786378117       0.81709242401007143       0.78857767225245068       0.93262890911629082       0.93484754761119526       0.82807590086739313     
  0.93181091978210984       0.59571699184858051       0.51921902520875030       0.82730849742312107       0.82394841663893326       0.83134244568455007       0.57406114516494877       0.88466162168030393       0.97589007078502077       0.63979635381424182       0.88646767810009364       0.81352724962413270       0.84619281271388680     
   1.0834933712774213       0.78144078230288683       0.71045969586867752       0.79733040828695345       0.79396774445431106       0.73616894522759446       0.93872302749925163       0.90852741641493662       0.85595734851982630       0.88825801455332287        1.1528202536449896       0.78375019395567758        1.1240236830804458     
  0.94031620354221523       0.63494411885390389       0.53528274055614200       0.84557649235492338       0.84137130023281204       0.84500763273410373       0.59969750249394138       0.89819181021599859       0.97788401125780011       0.65067423296647897       0.89960503149691851       0.82743839811516606       0.86474554483302890     
  0.80145057739208891        1.0354741919599018       0.80246592722096899       0.88371484223171903       0.80199472461596033       0.89563394589185696       0.93990837599461452       0.84106939071786924       0.68575875510350914       0.85951436850772911       0.79245905050880794       0.75778395802811216       0.81935347111013823     
  0.94899185253945306       0.67676102127366111       0.55325263934854574       0.86355925257046717       0.85845797559015891       0.85936142880001787       0.62983368070511347       0.91191251376005278       0.98001667389760805       0.66256182511750150       0.91055594321486844       0.84134113122357079       0.88275620651033881     
   1.0848521014071320       0.78834616284484260       0.76633049168123768       0.84982885004590303       0.79025030792561612       0.73553857342976725        1.0266608837404343        1.0078431179069471       0.91904614244007188       0.87196425200299688       0.88978946385028290       0.73180593189799625       0.90996441747985124     
  0.95775874949322981       0.71961200613969700       0.57256637770972962       0.88126400598166388       0.87534207473964631       0.87525328937647762       0.66101135071153350       0.92581443963244392       0.98222851450744875       0.67511342574538846       0.91864062701596272       0.85761270905327547       0.89993444743778139     
  0.79927265194419128       0.81696112402917942       0.74478303732941464       0.71470197162970539       0.81887380049292990       0.67899220049157061       0.91178037663002653       0.93932670942181640       0.80690181987645593       0.86328008664530009       0.73600836203964615       0.80114999203943571       0.94443710420716032     
  0.96662548097063583       0.76654896242494741       0.60064632831292275       0.89503414114907909       0.89143760558550234       0.89185863877168670       0.69421435415526189       0.93772202767591184       0.98458063665211548       0.68795293528615076       0.92697254728492628       0.87870855698467754       0.91747502650311685     
  0.83693690673122600       0.90096746643409165       0.70819090213242475       0.74606931964214140       0.76615260502281302       0.75670863819308187       0.74925068455293442       0.78928256775434669       0.85009623091338293       0.82823038077674294       0.70233859305189184       0.90971716643753520       0.89718561540828967     
  0.97518204563618383       0.81596245971718695       0.63616267219800027       0.91236387481346770       0.90924759428984625       0.90938032642230249       0.72730983133172877       0.94750637087522027       0.98746713078091519       0.70261372252015131       0.93535140728047228       0.89984790075086363       0.93277380623848194     
  0.93708105310065626       0.85409880821665651       0.83049519951231299       0.89411926355992888       0.75678298814085332       0.91045196674461748       0.81414058685747204       0.77780575828699516       0.88850883075677500        1.0420645647574596       0.97541215223689681       0.86259654395819596       0.76377960927272903     
  0.98215947553111349       0.86396785198421455       0.67610232899516109       0.93078001065529303       0.92567513694674308       0.92718988811676240       0.76278518877377988       0.95671738637490356       0.99050876120698284       0.71663340955025812       0.94386200606469972       0.91938465376246248       0.94732800601599176     
  0.82548990376765363       0.75085517342342956       0.75925977652947318        1.0657413698990246        1.0252285467623590       0.92660095962143174       0.75101896790080380       0.79203221744383878        1.0718304350345265       0.77056335721645952       0.84038164713009178       0.77674211181339670       0.80906630358812914     
  0.98743387643395941       0.91274802961377510       0.72032532202429056       0.94793973931648001       0.94289860159694261       0.94505742553800753       0.80166524053920118       0.96545683662357917       0.99271373098592941       0.73691372881436790       0.95350101764209860       0.93900235554046474       0.96054375546177040     
  0.83494102136375792       0.88914283993705134       0.93731926944489219       0.87397344558821777        1.0129306893731247       0.82156633189971995       0.72424057652020146       0.73844409841741332       0.74478303732941464       0.88316929178576953       0.78557188211403051       0.80696968983372797       0.81915940783266628     
  0.99225644837503579       0.95106338080844166       0.77501538691820104       0.96507056354066301       0.96020353558266791       0.96339389116088325       0.84879515497357827       0.97339138458816921       0.99487039819248846       0.76517449064397824       0.96725124632986159       0.95917671311463504       0.97329706026142382     
  0.84558119169651280       0.85814830524112551       0.82433513146517845       0.85262495522693738        1.0911528003665507       0.91040245547632048       0.82870621393495569       0.79929520536572529       0.87108417286904716       0.87310682298877285       0.95803354951416420       0.80173500300558986       0.77866305199152530     
  0.99624353397692078       0.97769569362013220       0.86447923439145991       0.98196326999648897       0.98049520604397122       0.98195283387783971       0.91066981875851427       0.98565326072199622       0.99735819413960181       0.82315315917992815       0.98294795514167854       0.97965053094826515       0.98647770651596767     
  0.86548621725896013       0.79963192921744741       0.82618635171037103       0.98863986757595168       0.88529352308978149       0.95413597480385570       0.95691675078733862       0.86510291720747035       0.74967809293240084       0.95392308054254482       0.87092478952813657       0.94101916368499650       0.83330723064407231     
   1.0000000000000000        1.0000000000000000        1.0000000000000000        1.0000000000000000        1.0000000000000000        1.0000000000000000        1.0000000000000000        1.0000000000000000        1.0000000000000000        1.0000000000000000        1.0000000000000000        1.0000000000000000        1.0000000000000000     
  0.94146693027539641       0.68886429100681545       0.64075484382588332       0.88259150781749751       0.81213427195209942       0.87611659955909937       0.83756207303725383       0.84047363589248614       0.71490108351009118       0.63468950400465840       0.88726931089257999       0.84026487352378176       0.81890660211235111     
   0.0000000000000000        7.9669402934498201        2.4551305183985921        12.210550485662704        6.6090186960927824        4.0667242594981543       -5.2189552430848742        3.6268461343407665        9.6222087391817315        8.2150860528961616        9.7024019303783078        11.809731393510322        8.2940158388365930     
   0.0000000000000000        3.3206446941340269        3.0773328076798445        7.9725704935621318       0.93533948970750103        6.3582123008642482        4.0429687664927139        5.1121949771777757        9.4755498849655400        5.4589185549738879        6.2919273269400646        3.9799708375334695        1.9157227380804787     
   9.4394613302232813        1.5052659567309099        5.5656577388090698        3.3203066504751062        8.6219971858674089        6.6021427404773236        5.3703904866494625        8.3838327364415282        10.429983909781189        2.2312573736079164        2.3649209818077761        8.0251844665472305        6.9724875295944084     
   6.8890843413061278       0.63770580080337691        7.7306568580128587        2.7875068930235125        4.9563472570454596        7.3946759048405939        9.3731573680440157        10.509458912562327        7.4068754881155883        5.2074273205629682        7.2270895547745218        6.4334615021470887        3.8367439551710847     
   7.0984083962209050        1.9241321348165894        11.537393287308593        4.8427859910850266        6.8000387126965922        5.8064270365767490        8.0847433579092858        6.5806812843712503        8.0831358026601769        5.5916042076016224        2.9198045157183823        7.5546308428006252        5.0445097860434540     
   8.0884210808395540        3.4247522101349754        14.510444626282343        2.9092892761889142        5.6619882387753542        5.6924158790596433        8.7764352905607730        9.6155926619362297        9.8308565377296571        7.2061908239653842        8.0488745899389826        6.9355428276639151        7.2020147088683757     
   2.6285581420043016        6.9762932107335578        11.472843570025525       0.93900693741435470        5.4048097296104132        5.3830046103315299        11.364666695676801        6.4352686128947632        7.3124228904152542        11.288677408518963        6.7899976536210822        3.8269321474439173        4.7762648834444068     
 -0.53439452727500381        11.919136898365137        17.072174052540053        9.9875236012391930        5.5927192376658725        7.5625938418273755        10.491234654800639       -8.1037713019404795E-002   1.8389317119362016        9.4228535987511393        3.9096004787045113        3.4004410226721049        5.6821699488799382     
   3.0217399294496091E-003
           1           1           1           1           1           1           1           1           1           1           1           1           1
   2.6282087562930078E-003   1.1477977372593502E-003   4.2079880344311184E-005   7.4834313010021827        7.7348021275992123E-005   7.9083764017850994E-008
   6.8211883372500530E-005   6.3261604843030942E-005   1.2365794654947723E-005  0.40571634183065719        1.2363289935036849E-005   1.2545411453034872E-008
   5.0700040767377467E-003   5.8691076245163467     
