   0.0000000000000000        0.0000000000000000        0.0000000000000000        0.0000000000000000        0.0000000000000000        0.0000000000000000        0.0000000000000000        0.0000000000000000        0.0000000000000000        0.0000000000000000        0.0000000000000000        0.0000000000000000        0.0000000000000000     
  0.17019700976484650        2.1621390456115706E-004   6.4555347046591919E-003   1.6824832665506970E-002   1.5244820419827675E-002   1.3734942304837607E-002   1.6807526883699870E-002   1.2382672863753826E-002  0.55914185302586439       0.22331447953911659        7.0806211541560651E-002   1.8181246684011828E-002   1.3287922486797159E-002
  0.61344695767750512        1.0082847695446457        1.0294529786318802       0.80130702285670297       0.92827167097534757       0.80741645035436027       0.88117351532212107       0.91268512799147794       0.64704304067910479       0.72251436734348817       0.75744077170342572        1.0260173024239279       0.79311714747321482     
  0.21024435363375557        4.2721233311798448E-004   1.3267356620139783E-002   3.5161496197165916E-002   2.8532131159456554E-002   2.7828557606939086E-002   3.3273931230862863E-002   2.5583741615626775E-002  0.64033330898543783       0.26699120474529425       0.12388364830292997        2.9588591317429948E-002   2.7932760676527710E-002
   1.0723033020402979       0.86055102724950971       0.98789326300133085       0.96384978926545295       0.74139436350313881        1.0079033642877806       0.91687629261094039       0.91795642479959494       0.88115146024034630       0.86819687567977666       0.81111815919950869        1.0321192764626896       0.80077568775133590     
  0.22133630579097932        6.4317366045774842E-004   2.1214299657672988E-002   5.3617422696083619E-002   4.2384377161510452E-002   4.1464139100306469E-002   5.0669034720349011E-002   3.8185473284060009E-002  0.68217760840621056       0.29254218588150477       0.15796568871965791        3.9370525451038293E-002   4.2552909583658594E-002
  0.97315637878047045        1.1616217850406141        1.0248989645516795       0.91651906326614485       0.95075598812241491       0.82427469356549032       0.96321484923735412       0.78216913372221974        1.1358516533386478       0.97010287334733558       0.86528348479068184       0.91945849144464054       0.91635933517474433     
  0.23236419667813921        8.7041151616577069E-004   2.7608142140573212E-002   7.1262055396715276E-002   5.6705238111008492E-002   5.4005011348988885E-002   6.7888770159024447E-002   5.0942296639986583E-002  0.70563720375367156       0.31178360942437977       0.18648380563332462        4.8735991422776660E-002   5.6514554263382630E-002
   1.4391670022611984       0.86868998150455168       0.87530774245767395        1.0529880681778261       0.88310847207211152       0.75155338729453802        1.0022555594892928       0.71545715885096395       0.75330504475608451       0.91733213211272691       0.97002524952341596       0.78965971341623975       0.85242313130444902     
  0.24541728245483918        1.1180876158477524E-003   3.4854993502034227E-002   9.0065419108927153E-002   6.9981179049254411E-002   6.6949486811802753E-002   8.4174278446060943E-002   6.3311925728669477E-002  0.72600642433636131       0.32692425600306962       0.21094856659424557        5.9171049568929691E-002   7.0094001486152469E-002
   1.0364656185897130       0.88660457466385112       0.77696916897859747        1.0368269891299515       0.83118148344729514       0.98327224654356304       0.89323398012263699       0.77688015205594307        1.0009027266749815       0.97570973096446612       0.93367005831134264       0.87980155983213637       0.88050987104631817     
  0.26206510163854208        1.4096693800782416E-003   4.2405325934852751E-002  0.10708682230963595        8.1967032314140320E-002   7.9516267735599291E-002  0.10151346845164139        7.4369714800350595E-002  0.74313904883980031       0.34012812999472475       0.23015146970821979        7.1709135637831267E-002   8.4973518937844050E-002
  0.73791691752250721        1.0689209513061704       0.98125119832712160       0.86227405486936426       0.87796550795457107       0.83080013708135225       0.81171196899184084       0.73633794497676619       0.86662701056275571       0.75633327477482282       0.84352434164222412        1.0165203950232797       0.86416668332745494     
  0.28438046321305682        1.7791712718253543E-003   5.0014684958443793E-002  0.12170420231157296        9.4202609751344493E-002   9.1401749220980405E-002  0.11723032689278964        8.5119256596354081E-002  0.75780893489996015       0.35186992584377408       0.24583967989187405        8.5341241665265410E-002   9.9167899196644635E-002
  0.88769215682069758        1.0931577135981687       0.91387493809741016       0.85997525330762070       0.80338759656150960       0.81479009668409741       0.85450805875262392       0.65681078955340999       0.97131656059087301       0.75896274650037954       0.84971099914979376       0.83933822414005277       0.84852916871405959     
  0.31049161342749809        2.1608605657449410E-003   5.7387529044503352E-002  0.13593152576692366       0.10778443809698912       0.10262187645630479       0.13622972649584644        9.6786567619514929E-002  0.77156696845428341       0.36263469955267275       0.26079943329671895        9.7627245426529521E-002  0.11213431168760402     
   1.0186872228193864       0.91313517080999906        1.0254834995795454       0.86261277526994207       0.75081366057461973       0.70778025779076681        1.0996814695680390       0.80083255793997388       0.94233364460210634       0.83759924011475484        1.1617556374044935       0.93097271696433637       0.86645945630404253     
  0.33274193506603200        2.6480981497857968E-003   6.3618851677642169E-002  0.15053793218750475       0.12131100010268815       0.11338184714110836       0.15069449005063645       0.10956248450233008       0.78389788922105708       0.37292487611332853       0.27235406878496199       0.11015944821294547       0.12491900345972691     
  0.82590640782197278       0.88295202140228091       0.86987043556311683       0.86924057105216868       0.85764427948994515       0.80373027371800798       0.84921650818249594       0.81951905575591322        1.0514146663652584       0.80195345647965766       0.83822894905523360        1.0779907944847134       0.83432471558144849     
  0.35319807987528151        3.1767886424659509E-003   6.9829996872686234E-002  0.16661068876824509       0.13518298120590966       0.12543073665395157       0.16461213588595547       0.12172562577192791       0.79354388826345224       0.38315876870914783       0.28242264664343358       0.12452411353406775       0.13812224062437359     
  0.75815747882450013        1.0238261103708211       0.85959902428429857       0.83627736252515517       0.79868874549449409       0.73761318345195037       0.79823773029643419       0.80865187756646451       0.87997542099081705       0.77930223115975006       0.76948885785337329        1.0452787391181158       0.83257754746145873     
  0.37469332511618225        3.7917632482097402E-003   7.6341290226446326E-002  0.18320018903309587       0.15117450423535311       0.13797863996612308       0.17892084939115657       0.13458805344312330       0.80034138291314094       0.39335472673877575       0.29185431515336946       0.14032608794661014       0.15459240785265721     
  0.74956915481812048       0.72267230051812004       0.75101674492324688       0.89856215989677124        1.0341561251747622       0.87826230092362600       0.76743598752463438       0.76276014180188445       0.88370510324082741       0.82055310629927725       0.71190270330212013       0.90744541148121238       0.70655265744711426     
  0.39671176464890712        4.5169307263624656E-003   8.3673529429714552E-002  0.19977343011507739       0.16717580469801765       0.15087047212314769       0.19250719681247985       0.15079170831540947       0.80642972974343508       0.40256516800565167       0.30051176658558865       0.15733776616946263       0.16945595685756792     
  0.76800930490948083       0.88071474811503458       0.92947165926148700       0.94873852628425659       0.99191409177240264       0.97336700187899217       0.89736231109655440       0.91597347356573056       0.88429699612040435       0.95286760638372159       0.71975168523376376        1.0239036833134385       0.89221190488464708     
  0.41791668923548303        5.3605956673206416E-003   9.1136247440032542E-002  0.21599428589637415       0.18212280598908567       0.16415780895810247       0.20473340908327281       0.16802203622097697       0.81401964198144605       0.41096417648465261       0.30952379738772540       0.17386932945658340       0.18470600451573643     
  0.82764087213443449       0.92732567892744866       0.77317680927931920       0.85811830505376108       0.82916507753539559       0.86646629442027800       0.76398256719015034       0.94497610769295837       0.86000277185890039       0.98769958549948600       0.81010980349056938        1.0390754496899537       0.90048746649777112     
  0.43802984576253789        6.3638423438072663E-003   9.7188224184028865E-002  0.23095543129536553       0.19651789735931077       0.17784101860003482       0.21505087991339966       0.18441121567196991       0.82142198897737606       0.41884339016843514       0.31900854842386284       0.18899218284236483       0.19843674646652398     
  0.81358827988849336       0.95556192611949065       0.65401856042003115       0.91150208545206457       0.84802347518194765       0.79601649611506620       0.72514798051383700       0.83213713006796075        1.0628815707621544       0.77673848218734975       0.85273337827458751       0.79248045474633022       0.82674239605439104     
  0.45768491577397485        7.5657006474424840E-003  0.10385990076659289       0.24365322160393918       0.21043504846069394       0.19177013317255429       0.22605538572146644       0.20042626476564959       0.82764154764210185       0.42661964798304819       0.32823615835901349       0.20327715036984967       0.21188718198568143     
  0.92170521397086902       0.77662469371827447       0.81053739861031260       0.84433439144932498       0.88612354993733511       0.83938785554253670       0.70744846536049455        1.0160843390481222       0.92464141703720915       0.81615919276224269       0.73593093530182074       0.87189232190555255       0.79692006046060071     
  0.47808639814847814        8.9427284071762446E-003  0.11174343472221936       0.25483921213164978       0.22573588933449573       0.20577033628909797       0.24188249699931302       0.21617151168135335       0.83291614260293978       0.43433276813811139       0.33771689612647626       0.21709149560059035       0.22376462978246323     
  0.96697787090272180       0.85700542638811206       0.68443250739987727       0.80535031550150071       0.85359520923034449        1.0523196740340761       0.83042071153285812       0.90577475425211207       0.84094187312036206       0.82220932892742637       0.68454527315468028       0.80670074262370761       0.80086217917247726     
  0.49846808069253690        1.0444849965381154E-002  0.11998954010864618       0.26581030092697072       0.24257063137123860       0.21898700799781889       0.25686556913348252       0.23144783139988984       0.83768704191155718       0.44157460879230931       0.34855232817973120       0.23136288707252514       0.23842929399388854     
  0.75404639760160730        1.0022963770225277       0.82177248568978267       0.82687117347614103       0.91113854863359656       0.85577704747658567       0.77217104443519136       0.73621865480404003       0.99158963650021337       0.81148504847876124       0.86880741402561823       0.80111827853435680       0.89075764510322886     
  0.51775975397928364        1.2103837774527195E-002  0.12894532015466822       0.27994043968324195       0.25871689769719114       0.23177405626415287       0.27254789387512607       0.24572060793275199       0.84231382731110449       0.44858320161956838       0.35805624446237999       0.24732365678016732       0.25354847222269550     
  0.85478773348813453       0.85477119575678129       0.80273026155782579       0.89050052490977660       0.78505937477206500       0.98267097880934173       0.77168530169992933       0.87306518995462146       0.78587599525700713       0.73554123057937160       0.75927942415809446       0.84823830782782295       0.97007623469048243     
  0.53649906536655478        1.4030861715435917E-002  0.13747748354152128       0.29541679908922125       0.27492401102638858       0.24469365998966927       0.28862090619272540       0.26070988213600538       0.84727822656471941       0.45569542286571940       0.36747865243490002       0.26384324114247365       0.26914068473995822     
  0.82436834702339690       0.99025253328131368       0.71332547744304564       0.84059115029893761        1.0204011303151401       0.92098898643120863       0.91994348037071205       0.86130078874285221       0.81748860043522109       0.95795426173654430       0.78058777632167764       0.99024374047931030       0.84398376064458247     
  0.55435055420519086        1.6317299921018637E-002  0.14577500093998660       0.31244232408632538       0.29175110207517058       0.25655866148759093       0.30517839281259396       0.27546362963605531       0.85228828651741617       0.46254486922501081       0.37796419617737909       0.27910737752436493       0.28671834774318794     
  0.95018981743246866       0.78438519682910746       0.73940960295630687        1.0721637311951699       0.92049400833176520       0.81811845070136668       0.84419530712450352       0.83644101428039919       0.89861831897887068       0.85172297492264348       0.90867023934464841       0.79446792107402064       0.97883897850751678     
  0.57141767735793503        1.8732464797374594E-002  0.15409626552810690       0.33002551320389595       0.31015089912977306       0.26779430036969054       0.32196915482479072       0.28959578648529366       0.85712270505159027       0.46920228878519976       0.38973165140074145       0.29437002123149619       0.30537492677908651     
  0.77383820843835760       0.80129836739547167       0.92613518194938738       0.88727066469535909       0.91921768063332243       0.68794309119015185       0.85209561636317610       0.82930648046614297       0.94169897554916104       0.87591974449224452       0.88779917344362003       0.70161318616822221       0.96200951287547243     
  0.58812264426964189        2.1426323152737181E-002  0.16266517899354757       0.34857902431666482       0.32765943182849400       0.27814657201268983       0.33911254146657099       0.30265020503684870       0.86229000131645872       0.47592340557757296       0.40080468641818412       0.31027050238700399       0.32453869062504237     
  0.86214712716240594       0.87101626864378756       0.67619706286661585       0.95110552352982802       0.81754580820831924       0.73705969078915601       0.88270262580746406       0.75927942415809446       0.82295892584351815       0.96265709627157714       0.79173643883269529       0.73660886471301512       0.97989365278670226     
  0.60401247317834128        2.4570900611309284E-002  0.17349284183609129       0.36640348052207972       0.34380753287800653       0.29009052919360057       0.35477732180865640       0.31582369526346821       0.86732816631154408       0.48249945375222469       0.41523201548580568       0.32646384235975567       0.34438483857203106     
  0.99614603866590812       0.72733515010909910       0.79843162943534074       0.78735468432875511       0.86252271097375077       0.77127782163845970       0.80004681064999750       0.81310901362248356       0.89006606859101733       0.75029497754585350        1.1557852900357310        1.1630289806071059       0.90788635254830108     
  0.61874424215875257        2.8137372763014482E-002  0.18452380717134556       0.38206884382112433       0.35989488754958449       0.30342776196703863       0.37025843952525561       0.32897221636594087       0.87237643287308042       0.48950920489377731       0.42888430012482692       0.34297015682918469       0.36513822283359676     
  0.78220970670237544       0.82390793808549667       0.90442029642244548       0.75979442524595053       0.80111282312087695       0.83739513804141819       0.76020114710712527       0.81943825299253770        1.0111662019123608       0.81761663970443110       0.81827987672968727       0.94752071185368902        1.0943972236779851     
  0.63303067883072772        3.2183300695123346E-002  0.19542497213226986       0.39548194918406376       0.37608684239727735       0.31620322761455860       0.38572339032473235       0.34463968294183872       0.87701645457083099       0.49672053109371317       0.44238058361998162       0.35889394054277779       0.38641422061956576     
  0.83859432146258273       0.86010501384127636       0.85253011665653822       0.73270047949629891       0.91204385041072522       0.75971315986487564       0.69515345066895018       0.96955869507942904       0.82907699281817082       0.87314134252620168        1.0048256704557561       0.69365995948908199       0.91279653025254159     
  0.64790976465123196        3.6574180473430640E-002  0.20616796473139043       0.40741491730043294       0.39161013926342025       0.32960842081992381       0.40024464987353292       0.36254824685508896       0.88109792467538661       0.50395613815089546       0.45735565883440243       0.37463395359066309       0.40661671189122639     
  0.82073033961772290       0.95314058658149781       0.78477949730434171       0.75628372154239809       0.74032890679487862       0.77055899988338938       0.93807297577691973        1.0230695709639022       0.87360601492478240       0.85277512072344552       0.92165932457879940       0.81835050573966051       0.92239005364176863     
  0.66279933874685570        4.0919155350234895E-002  0.21788060561458272       0.42133249669172290       0.40614048175178563       0.34446716685720130       0.41593367715473278       0.38119887736232688       0.88498105703142860       0.51034776267018767       0.47366714162653512       0.39176073635766751       0.42584076062062609     
   1.0288577222564441       0.85437445835262327       0.94826859577644318       0.79074473070343887       0.76054013632490980       0.79570877272737284       0.84763347694271396       0.91732547217703253       0.77630491876750807       0.80524724277023974       0.87961783196557519       0.98317365116136279       0.90602496357739215     
  0.67707526873044188        4.5772929588901876E-002  0.22970907837721824       0.43678529855720466       0.42069303485664139       0.36062902826715026       0.43203369308986272       0.40074250010885099       0.88859405602495667       0.51613221168053336       0.48958782771695847       0.40933617608040351       0.44510383729867009     
  0.88878638887668848       0.74465831529493698       0.81921761937787718       0.79021154562930618       0.88247686625583399       0.92132616217109464       0.77003316901998053        1.1013939732062064       0.90995295265214704       0.82706578328928571       0.90566165765529016       0.78706103977112141       0.91457845603326604     
  0.69146805363043407        5.1809045269462402E-002  0.24176644464690841       0.45351695751328325       0.43777742899172162       0.37630896215132548       0.44734556802491748       0.41978602053033365       0.89204506491246804       0.52195963784573751       0.50413602734211960       0.42738937150833950       0.46400706416904219     
  0.90808336307852788       0.83323872415267231        1.1978997720569642       0.99774525933941516       0.91517511089395787       0.90921277079212126       0.92579630825459924       0.96614206435840044       0.66250243487460314       0.74530194063316313       0.91361970323636243       0.81590231601283125       0.89732524535469560     
  0.70574342517841804        5.8602890501028085E-002  0.25431520924334550       0.47005039528589382       0.45837365231431698       0.39264632998610621       0.46139249840331309       0.43784411203121504       0.89550461418531846       0.52758047654078177       0.51833206088608941       0.44496996652409826       0.48271730619493852     
  0.90642838402394166       0.82741727040528013       0.82172957475967146       0.80846698675614292       0.75366157460805139       0.98601240734848927       0.91547213146926354       0.87383683995032113       0.73203147299612048       0.87079714878519388       0.72921025094384040       0.83768521182397360       0.97667996129010770     
  0.71964287256750925        6.6354157934362321E-002  0.26551318471725266       0.48648271639154672       0.47707178036519898       0.40845519584672607       0.47523047326737228       0.45445031879273018       0.89875950593447207       0.53179306476080634       0.53364765702997252       0.46237112778976330       0.50171301535221025     
  0.77664515241541321       0.81619265380955808       0.76668263206405174       0.75463458197979050       0.97726037452383041       0.98874537834748277       0.70115883638538379       0.95511390986029632       0.84251347103473839       0.68369642816957399       0.90509661135454889       0.91213278816407284       0.96546284763271106     
  0.73284931958679000        7.4264519425087869E-002  0.27525737333858774       0.50191264860607088       0.49359595103555970       0.42186568561095533       0.48934857134326665       0.46932720102073894       0.90157836392880653       0.53675845973551994       0.54931988709430102       0.47970351247375947       0.52080763430009880     
  0.82114302914720216       0.84434412432270700       0.89423721597167505       0.99700359914155046       0.78428057122055450       0.88941744468775297        1.0028368525978841       0.91450981666961451       0.72423730581527912       0.79875310964982160       0.88547513555200208       0.79476552219326269       0.94315510898823152     
  0.74516121461586815        8.2845031348107070E-002  0.28464493621065379       0.51332112761126147       0.50987281914219851       0.43372289221099952       0.50339707230747788       0.48363503523103041       0.90448116019065961       0.54259767599474151       0.56633893795271217       0.49612502085721000       0.54024531987247015     
  0.88253436476533709       0.83514488246607843       0.67271232333584208       0.72517789751235961       0.70766341664617882       0.81792276066669367       0.94473606823059253       0.93438900733922092       0.74199241819519479       0.80699411101524798       0.88435249810064376       0.76778879695232505       0.97589646693531018     
  0.75711349501672764        9.1348782087001271E-002  0.29513602402962419       0.52413313903263692       0.52341672414681950       0.44665579015633372       0.51917690465931876       0.49778350402874966       0.90777405025529390       0.54915703177430264       0.58441147101141844       0.51204416407911724       0.55961578723078664     
  0.82856544746074778       0.70545842999365760       0.85962334898225656       0.78750932285810227       0.70440757032718071       0.78493941301810255       0.80716857256371000       0.78100806578941073       0.90494187307476448        1.0550068053267965        1.0241695539978339        1.0445643203561072        1.0588919699439028     
  0.76836123005673318       0.10111901546290929       0.30709035360715947       0.53579306523421000       0.53827853095011979       0.46123593463234625       0.53576067618063328       0.51183882018555693       0.91119914635711008       0.55539437236895872       0.60180256311135349       0.52714492037492222       0.57591578208615002     
  0.73958567753433846       0.70336607263048978       0.85121919775831556       0.78704510244832482       0.83943238372002871       0.71991331883654819        1.0376272439351097       0.87901402594086886       0.73465274146345616       0.87119017778823460       0.80055505801531035       0.75632162022018323       0.79756732511445783     
  0.77932756294258887       0.11197130016139840       0.32032633561455665       0.54668460017178377       0.55170009483693139       0.47631194251422609       0.55205697147837296       0.52731805211515104       0.91455743438853454       0.56146163205852651       0.61736961834566517       0.54169245413670408       0.59130352969620048     
   1.0692450023780407       0.74535282365307065       0.84019426371996697       0.83063665011172960       0.89189606921782083       0.77957791908131024       0.90244409833109007       0.79378776692879827       0.95058017782710125       0.76575730464319602       0.79105043643496320       0.81578987022627425       0.77221038827672495     
  0.78992157526494966       0.12342467242879962       0.33376386695697335       0.55935800622836818       0.56483686360845686       0.49168587120164575       0.56813548823421256       0.54488127734882996       0.91785422050468757       0.56732569042286907       0.63082886809815442       0.55663250772049699       0.60558522418880600     
  0.83187302541159347       0.87199950367616441       0.84238185697613543       0.68016174588413703       0.85485147314681964       0.77756918856123602       0.95722990773989447       0.72740370763351014       0.80598208852143471       0.99232630345620965       0.75997724500091079       0.79376851867328913       0.81894731859456871     
  0.79993988901208091       0.14002974770414611       0.34685195489384474       0.57225090275930179       0.57831777132179008       0.50786925617145817       0.58400806788694404       0.56341837998172684       0.92120895314329132       0.57344821175739191       0.64527218335918723       0.57185974104718895       0.62025867859970418     
  0.81144759002218014        1.0725808681511837       0.90577628859536685       0.75954356523760413        1.0061209864597875       0.86050670453915612       0.77480647255704982        1.0566911659566844       0.82067236999629123       0.80019168614003122       0.82945851044207464       0.74507721337437760       0.81722236691867800     
  0.81077567070481160       0.15795337327218040       0.36002100697135092       0.58608322431225024       0.59602937113798149       0.52523351962102893       0.59929805871905295       0.58149370680652412       0.92407135939197538       0.57956371535177487       0.66226266017782653       0.58695830481288802       0.63511374478623961     
  0.98065506090444621       0.92835448519844099       0.78731002881747758       0.90359507451923649       0.80244134051129890       0.76092022234030798       0.72607310166688621       0.78536291289340698       0.82203444905611622       0.87751186370059331       0.95693825012067746       0.81710457114033219       0.87198875589388614     
  0.82198067450407108       0.17924271844493364       0.37501356452064227       0.60048914223724270       0.61386086061649847       0.54283322873124429       0.61458488124696242       0.59877597607735755       0.92659052294145616       0.58560419696276256       0.67866947703258651       0.60169202558415047       0.64901780814883536     
   1.0050855071937270       0.83037857113929281        1.1125254125492401       0.76584373911673298        1.0044746256458557       0.89714436606620163       0.90431166978931621       0.85806630826533836       0.79926003791406830       0.87144262588646282       0.78363607110890687       0.75629343571328966       0.82376452408231438     
  0.83196601195553965       0.20448271186703379       0.39189577681337517       0.61462028026749049       0.63167278669438720       0.55975690445813253       0.62990852753390647       0.61544451195285999       0.92912700641012347       0.59170166518972445       0.69517020202257640       0.61823513320985612       0.66221794103405196     
  0.81084733094321759       0.75101878933522714       0.89096600744754006       0.82276082124079897       0.85680057855776648       0.85293411793109952       0.85634385688034231       0.75198169140261617       0.70629337551886917       0.84377504616555554       0.75040646274602607       0.88455430660690160       0.75214365522491489     
  0.84088200591034368       0.23759468209708071       0.40898824454989424       0.62829558559130949       0.64861406138808120       0.57729431516907737       0.64426223024536988       0.63127942420270966       0.93195933858913460       0.59753498723046294       0.71153372000591608       0.63211924070285352       0.67695349414542072     
  0.88897100329163747       0.95594766341231718       0.93151921833199935       0.74571700811103248       0.83403558434400904       0.83261432409097724       0.76782022829518493       0.77127718497547715       0.69632613585476189       0.93909966303495418       0.94699132237297823       0.82592000784936692       0.69318238082196804     
  0.84922050251001646       0.28622750626691340       0.42589063067833205       0.64343263141914320       0.66519658023185124       0.59500449673122846       0.65943641034539124       0.64713735782732951       0.93501383006538763       0.60309733308047908       0.72680112634754812       0.64210182428884643       0.69425326109872687     
  0.73439712485299757       0.77704910464875998       0.73817717528683324       0.81924538857818907       0.80262466435876267       0.90333679601495298       0.84466479486566026       0.81815359605693538       0.89381217973124083       0.89762720986927169       0.90470541910335944       0.83801559837658679       0.83820989212170516     
  0.85687319351753266       0.34593926532817326       0.44240924373445667       0.66002169048478510       0.68346215141258482       0.61245185319960993       0.67595466017217432       0.66391089775895396       0.93782566247001187       0.60901673733944284       0.74369156600389685       0.65304499347643385       0.71089615385469929     
  0.79392026471022470       0.70234044492460235       0.79803314194556318       0.76168509964162523       0.86017405642084710       0.91275396188575897       0.76006039143709014       0.90065900851627456       0.78396195368149824       0.83052689136193747       0.77594741300608017       0.68372192175473012       0.69799235225674283     
  0.86445004017662908       0.40835740559949890       0.45858216028481080       0.67745789057905437       0.70169810308659997       0.63227048500820271       0.69245445492992130       0.68383272410033469       0.94061141633922130       0.61547475777757488       0.76192500960275078       0.66331491942735876       0.72673211287840955     
  0.83131913933048274       0.91565728339435126       0.88477213640583352        1.0596677658269340       0.76197851068624034       0.85470670398807369       0.86249471336306338       0.88684684128079250       0.93377454188117848       0.80600451268879558       0.88014770557746869       0.67583490882742847       0.68477318590699143     
  0.87276708416052728       0.46430170461852827       0.47545494309279257       0.69375679713400584       0.71856274562869293       0.65300464400916902       0.70886022275977589       0.70324875840786005       0.94343464911168506       0.62241109759122215       0.77856594551376146       0.67407995227457207       0.74147399328218444     
  0.72541204956359462       0.95345214567124370       0.92170396796104292        1.0403937685050115       0.76264441873202526       0.99170764046627558       0.89149382671401078       0.86151927987767385       0.89922222211734870        1.0204318593476953       0.88128122227273853       0.83173970963271815       0.80764340687094438     
  0.88067136136344726       0.52121612122965477       0.49390173046368108       0.70900658045530962       0.73242199473826963       0.67348613137366686       0.72515971844816662       0.72259635911084374       0.94639191105858467       0.62924727249888435       0.79432418523138204       0.68574925197563452       0.75691643495667216     
  0.65175788420192526       0.82386891993570432       0.83560840336436126       0.72146838136454927       0.83073762142212959       0.78132284542114305       0.80898593300039812        1.0029520063201556       0.84381218771029343       0.79305024516158762       0.84164122570749045       0.74779485855892946       0.89098438234460531     
  0.88855789660598916       0.56698488423486060       0.51338762960911266       0.72426689409356870       0.74562747262961793       0.69349086377451730       0.74174596974987239       0.74227495439370816       0.94943012059785770       0.63572737332863416       0.80973237899725314       0.69820590233118318       0.77164054195457288     
  0.83430308905965678       0.67772345649934362       0.74045716668006534       0.84874902248915607       0.86498991183213936       0.85330724087899557       0.87701349529897588       0.88050692794996666       0.82996445210799252       0.80424494683304315       0.74701345365867533       0.88409406203768970       0.76330385094964448     
  0.89613510178409184       0.60433313840909186       0.53428106137474840       0.74017058557597659       0.75861638604832360       0.71341155227124431       0.75791640630763979       0.76091482831883783       0.95238326772733661       0.64261925256402619       0.82525562394106888       0.71177927915588635       0.78666932325216332     
  0.96619000205611272       0.68634230402926510       0.95616458269333693       0.82538511485010291       0.84676236107768588       0.69842616031458160       0.82360844706577352       0.74283835394778230       0.86390124972904814       0.80283388186010851       0.89427333854130242       0.78758047949971199       0.71985574914468364     
  0.90326905197216567       0.63766556977469424       0.55625833677871461       0.75694885311285531       0.77551838994835198       0.73338494208378591       0.77457673949163208       0.77941297759873041       0.95522862286794563       0.64963052747986272       0.84089240794711440       0.72656692968183756       0.80118978345503045     
  0.88380731744643859       0.74146130278836808       0.82906175692779871       0.89604745962145582       0.97091107604064242       0.99130330361423291       0.94259760251237501       0.78705121644873377       0.75888331516621743       0.86208716434961985       0.96106940181786360       0.70314273640179559       0.84553735461179558     
  0.90946334623331704       0.67314562500763742       0.57821013982014258       0.77454113373511124       0.79407208915543870       0.75126682963290592       0.79044071017329676       0.79694006324396793       0.95781798382239425       0.65665502193346115       0.85604317757410675       0.74462997019914834       0.81499225317612078     
  0.83687754058407304       0.72908469499905615       0.99895287759243878       0.84246878614310694        1.0651815171522141       0.85593607168440244       0.87913797265798121       0.84199295693100595       0.84218239021558494       0.70238883783270645       0.88872073024937615       0.93585097595106903       0.86604747886043976     
  0.91544839426457281       0.71015873045397315       0.60049991238693534       0.79220631577954193       0.81107739599384021       0.76980747919054549       0.80553423262243062       0.81099855685128341       0.96041897716285873       0.66404405086646967       0.87082800362487722       0.76416198466695839       0.82966052549449898     
  0.82743659205688036       0.74277519560851568       0.79718762410728483        1.1443215761277341       0.83220823467090510       0.88906169713334104       0.76775601863178056       0.81724115225812377        1.0113294285600496       0.89956600156161681        1.2605604728993189       0.92502984967691615       0.81131509769722965     
  0.92247753705382696       0.74520213551251258       0.62169770068928265       0.80939987318624229       0.82906292318800090       0.78922817944110057       0.81983746021592507       0.82452706833206701       0.96287402892223850       0.67206148245081498       0.88306935331209391       0.78581449054219199       0.84287696045285831     
  0.91998738109133782       0.86099878842740274       0.90006720211362135       0.85070084521444977       0.88771351125899378       0.81314799488159961       0.82543058062652974       0.88175144052737198       0.76158476095515604       0.85070029173704975       0.94957059898533691       0.88059905135671390       0.74771433870069226     
  0.92997153512125830       0.77803552638845230       0.64265525424946024       0.82621806873424708       0.84740689629411148       0.80911141293906497       0.83467646464172396       0.83750098727466316       0.96541233710104868       0.68031348063102182       0.89501502880899431       0.80598250142099326       0.85469415541327298     
  0.84301550906456990       0.74991697609383579       0.90085604365877270       0.85045644744504356       0.97933859668152579       0.90365832205089713       0.79736955779756624       0.80946249076722787       0.87476120278403358       0.65152054756594890       0.78691576958734810       0.92100085752743222       0.94781356944066320     
  0.93743469693867432       0.80863047095726759       0.66409095843073518       0.84296698301535899       0.86599490590609474       0.82919162577948835       0.85046105526555826       0.85115042720618184       0.96805865823317394       0.68959256415417924       0.90695547099239471       0.82547124566793895       0.86742157016341259     
  0.73483241722012793        1.0347774876557034       0.92150257767332577       0.90762486984376733       0.85551173834215022       0.98353231011093201        1.0202844856138908       0.83881144267464502       0.69468050716599172       0.89930519562884725       0.89908275694458273       0.79197170748592116       0.67993507096156069     
  0.94435287770527676       0.83674546887094847       0.68771999456467259       0.86045674284800044       0.88390020279629800       0.84844582434544025       0.86731027535583638       0.86562000181462562       0.97059855457976130       0.70008569995670711       0.91756636372230771       0.84562377622915430       0.88251995183519760     
  0.76631119277505733       0.86184720509509782       0.98467903439403737       0.80766582250603558        1.0397314386338972       0.98303711439428398       0.93229605346447686       0.75417062016344782       0.81525303008736971       0.87701951308496418       0.81525522626782354       0.85826172853291383       0.98984521492116651     
  0.95095808476720622       0.86239613676194149       0.71277433112204258       0.87922412698535035       0.90082228106707762       0.86642243813232955       0.88334132048445935       0.87956169285273655       0.97361878694257464       0.71116839644621466       0.92812291609599806       0.86742704968679452       0.89746430175947334     
  0.89572763334036976       0.88572939325165290       0.73530337461942208        1.0172158332039005        1.0316338486990206       0.82150966376157297       0.98896094352227482       0.84150701561884711       0.88053872294673963       0.99572332793597973       0.76802113308025777       0.76503544053825367       0.88444245380495046     
  0.95753924601574791       0.88538293404303836       0.73995202119533554       0.89880888087910793       0.91600987442570936       0.88474768913520707       0.89792091669477470       0.89668783704779287       0.97673900283681125       0.72188236313745391       0.93924458049837545       0.88833937313204636       0.91335879852711155     
  0.76963411044894559       0.68247904933185388       0.85877830662375021       0.87067554261632329       0.77910892642829577       0.78471671578391888       0.77356802979632944       0.80930331721951587       0.89076468605459325       0.78935111117465739       0.86396427013368871       0.96699253738318469       0.82885923737044431     
  0.96440182037417554       0.90698076462296251       0.76952544790931487       0.91830854012239449       0.92786207071761495       0.90248110185813946       0.91518288074068443       0.91577974325252187       0.97988347481528959       0.73218938662992561       0.95056248042038727       0.90759436125938353       0.92901614261622556     
  0.76260727537763262       0.86963639174700580       0.85806943093338195       0.91123178722858367       0.65074674684367195       0.81091092334414316       0.85492029223242794       0.91254444137388901       0.76586928436612134       0.92949669434090920       0.80140776223297527       0.85906802039318153        1.0437204170104315     
  0.97126338924771249       0.92696003107773672       0.80284386928442908       0.93670848124061090       0.94094135191995532       0.92112209399888512       0.93182456086101884       0.93296782897367136       0.98309455165361526       0.74430620888994847       0.96269500441822919       0.92566888657214574       0.94584088520953979     
  0.87989218833496352       0.89979567196113364       0.92814229929244862       0.83919490335912128       0.77731989200365303       0.90107983479804277       0.71643606104194557       0.87230227694211548       0.96267000826826743        1.0216671690352659       0.93748805208895425       0.82962091040702834       0.90613097045173840     
  0.97726429230234568       0.94534772099667486       0.83933272747724197       0.95623947724218883       0.95536608040685822       0.93965983853055290       0.94802318555025833       0.95050253571728749       0.98646492536025099       0.76114574306246929       0.97297989696387299       0.94262168067283836       0.96184831421473704     
  0.85159025113316034       0.89741262686415657       0.78876614008359136       0.72391165572704919       0.72879602961062784        1.0113475690236731       0.84157455379584678       0.92943040462886306        1.0079193974652036        1.2347993847188947       0.90217379829493305       0.86396543013806804       0.88376155994226635     
  0.98315583448828481       0.96275137371714636       0.87898004364502424       0.97110566992574820       0.97062043854320113       0.95974495945964478       0.96488071208998416       0.96660830154214206       0.98946467348626665       0.78521924865505088       0.98202913881164000       0.96221860482983557       0.97557016969504740     
  0.77034561648056843       0.91264672168681704       0.79802298916832992       0.81942737582637248       0.76397794986828471       0.89398545223619086       0.96390758994117387       0.90861761853120626       0.89739286143260732       0.95549509644190067       0.80970318734457525       0.78946666623612016       0.74808659952735446     
  0.99003297204350249       0.97998884017673982       0.93401587246327500       0.98628125393701715       0.98517488875224069       0.98015079365639135       0.98271892308649234       0.98309851092121714       0.99390223257851262       0.84121575841542584       0.99087848070416884       0.98135392414719569       0.98782539744113018     
  0.92820815979410476       0.78674326219623891        1.0020802352864950       0.83732008660756352       0.72740875783964931        1.0187194766000021       0.97522995308848648       0.88102680170103764       0.89750385676772026       0.99238221012586114       0.78518475907278795       0.72093201718076882       0.77244743406091387     
   1.0000000000000000        1.0000000000000000        1.0000000000000000        1.0000000000000000        1.0000000000000000        1.0000000000000000        1.0000000000000000        1.0000000000000000        1.0000000000000000        1.0000000000000000        1.0000000000000000        1.0000000000000000        1.0000000000000000     
  0.82880545342453482       0.95799324497969640       0.72196481185769212       0.75901850619421696       0.97221680653142595       0.83906151007814611       0.90498341515216496        1.0102033043252776       0.77742091328703711       0.73363497406106015       0.67984998028101817       0.91801623039213809       0.70104618536385499     
   0.0000000000000000       -16.663929213718021       -4.8482255530310194       -1.7701982963819183       -1.5914408269178060        2.8116585710435604        7.1554189225637401       -6.5868880959112870        0.0000000000000000        4.2780706835211815       -1.1637316008490697        3.5467717041049602       -8.5553414459085335     
   2.8968583267348089        7.5445223501469565       -12.017051367692156        5.1052362243780971        7.2242633239884606      -0.76296131789836463      -0.68139340391463177        5.4828104033340566        0.0000000000000000       0.17869685787680623        2.3951324113164247        2.8256972788735855        8.7742565045845886     
   8.8090005231735713        6.9823193406105482        8.6618275595030347        6.7357497450554229        3.1056467045699190        6.5777757887815529        5.8370979601114881        5.0702587283771496        11.478587446255645       -9.1802305085286839       -8.4037112786575303        10.534785831544598        9.4771597253018491     
   4.9367329727853653        6.9335560597935979        5.0440900633133730        3.7143666443124492        10.895066083381181       -2.3884970320400538       -9.4535613870778867        7.9025127990813706        4.3275595402850131        4.2265167559983130        11.127079131559611        5.5889362711492039        5.5366832729899365     
   5.9253548904601230        16.130027555379282        5.8163144836857548       -11.751241457487739       -8.2929809053695536        1.9531284219688576        1.1740534405054985        9.1293171403660622        8.7568871923255642       -2.0581768483242366        9.5872685886962881        5.9988203021817519        4.6897369337863877     
   4.4702553168727608        8.1596850519284150        1.8691728194416506        9.3680595721634159        6.4624123187932696        10.076203906808164        4.1999759529233263        12.746378189604297        10.938447080399822        3.1616909364588603        4.8661185936650844       -1.8748089353874049        9.0813844322696742     
  -7.8135197548590201        13.460111347398481        5.1776274075044277        8.5089395706436513       0.45129393460273970       -6.0850847275818252        4.4149539746314321       -9.8462893665846352        9.9439740762318873        4.2872062373583955        11.347317256819606        5.4602801148711508       -12.615090635187418     
 -0.37967198586707956        17.498253599625009       -1.4135001084499712        6.5860914179414918        7.0091841935634207        2.5198923740494696        7.4373045082473199        1.9905005721729536       -10.115613372317661        3.3359803161335915       -10.921202058209957       -7.7064478181761125        3.6464336245554736     
   3.0085044693331569E-003
           1           1           1           1           1           1           1           1           1           1           1           1           1
   1.7348781840344993E-003   6.4413002486524184E-004  -9.8328127041090458E-006  -2.7365821436986573        5.2298955152631629E-005   3.6019074300169104E-008
   5.0545393967290199E-005   5.0987758763057964E-005   7.3525015516887451E-006   1.0852947806267426        7.3507343993390467E-006   5.0769212535387377E-009
   5.0000000000000001E-003 -0.42512537883332990     
