   0.0000000000000000        0.0000000000000000        0.0000000000000000        0.0000000000000000        0.0000000000000000        0.0000000000000000        0.0000000000000000        0.0000000000000000        0.0000000000000000        0.0000000000000000        0.0000000000000000        0.0000000000000000        0.0000000000000000     
   1.0520980478163791E-003   2.4739547839885748E-002   3.4475797086924685E-003   1.4570512930473596E-002   1.4360854915460469E-002   1.8328330908816491E-002   1.9224081084800549E-002   1.8413271924885507E-002  0.14501285373261955        7.7772621874512352E-002   5.7368898449310014E-002   1.8540291938525903E-002   1.6562506404940069E-002
   1.4521284172491227        1.3558769295982336        2.7268465451559707        1.6068079865567413        1.3167768174475678        1.5239777029381862        1.4968926047216213        1.6711604764343566        1.0414800130567177        1.0185913238643178        1.0797079189436176        1.6757458613602789        1.5319423242166652     
   1.9548959781769044E-003   5.0071617525973507E-002   6.8896521616248043E-003   2.8846057785264060E-002   2.9113841645001408E-002   3.5998812740343014E-002   3.8240230510387371E-002   3.7332387218064034E-002  0.19746554127439020       0.13198873311191078       0.11231552836474046        3.6529103321580207E-002   3.2497560802794478E-002
   2.0141934913599777        1.3622327106665817        1.8897649009768340        1.7514632391198333        1.2184404470914367        1.2755469643499191        1.5520530039555598        1.5145607916384183        1.2357846396833372        1.6600314832460945        1.1132692159930802        1.9435007531426354        1.3665881342460298     
   2.7256090893084490E-003   6.5384716931082915E-002   1.0078019972424992E-002   4.3369800411681120E-002   4.4120353131319581E-002   5.4258395668323037E-002   5.4350539004734369E-002   5.5486442744623360E-002  0.22752171686968137       0.15521676477650503       0.14898750780662995        4.9983740744108413E-002   4.9498472439451845E-002
   2.0918201754804429        1.2223846344728568        1.8980978716091363        1.3932082720373329        1.3772391373696466        1.3370579475962232        1.4392187703550210        1.5465233919310626        2.7416612602210018        1.2906930762485027        1.2524956770353328        1.5708015900226533        1.4253382982088845     
   3.4646378724051703E-003   8.0723474351980698E-002   1.3058291787808027E-002   5.8285959794066172E-002   5.9320941173773074E-002   7.2458865794091845E-002   7.0697908881880073E-002   7.4283848500594565E-002  0.24900731002771184       0.17680901008353941       0.18300677482171865        6.2284575996715330E-002   6.6144473548046548E-002
   1.2626323676307358        1.5080552608476108        1.6224602367029137        1.3735582608217005        1.2857822144207351        1.3908345282895724        1.2593306827812154        1.6068054942923096        3.1352725657456801        1.6727877387821577        1.4433318525007939        1.6957083677857465        1.3716599454768983     
   4.3208060162831042E-003   9.7074506184152851E-002   1.6321788041012728E-002   7.7596068035343857E-002   7.5221723547725938E-002   8.7711275475083228E-002   8.3971578199344962E-002   9.0607226268544727E-002  0.26532032512105969       0.18867422770738337       0.20856353413762810        7.3442304148977913E-002   8.0564558570666703E-002
   1.6529397429571018        1.2546377721888378        1.4912416732236169        1.5733352339640110        1.3469331240380042        1.3705462826819299        1.2113440268154370        1.6388086588955204        1.6736052566431525        1.4937341732110716        1.3316525005116822        1.5849003782849367        1.7266909199915605     
   5.2851067205808904E-003  0.11294587297303182        1.9744697584328640E-002   9.5802413292047001E-002   9.0516468812075437E-002  0.10253980081859189        9.6988173452812340E-002  0.10655337509070029       0.28168082996860244       0.20117635137919176       0.23210352477586937        8.2684114768054692E-002   9.4738973667369802E-002
   1.8890665372874478        1.3862345386784500        1.6805167365125782        1.5227384823947037        1.5683513851560800        1.3380244886998867        1.1792479466980021        1.4494895962829137        1.9940410786724967        1.3169929697119083        1.6413545031785046        1.2661987656156461        1.1719102616838302     
   6.2849284000873560E-003  0.12986690494342154        2.3464868394153678E-002  0.11204762778306915       0.10571846602897042       0.11862325095032682       0.10993534423318836       0.12173635705775671       0.29728567600743905       0.21114046121292687       0.25112776451713581        9.4664299285079481E-002  0.10543243203111352     
   1.7394279837376236        1.4720211550441733        1.4900633754570793        1.2990988078900207        1.2099064572387275        1.5029257848377298        1.3699888315734838        1.3097716770008259        1.6463996641112426        1.6875194457819980        1.5845611032315436        1.5381159103129185        1.2947878947680675     
   7.3743774793084364E-003  0.14698059587581694        2.7719936457665687E-002  0.12833270615439732       0.12088406586360813       0.13568943254668686       0.12311639034729607       0.13656396162660936       0.31107772515346893       0.22076529028549904       0.27001847789733935       0.10776420039033480       0.11650936755516444     
   1.4764451368710472        1.3551290913068552        1.5910916982362024        1.7122831606578823        1.4981292346352975        1.5569418868990812        1.4222000715620791        1.3559589652240316        1.4283457113805853        1.4692883069646383        1.2945559445347083        1.6765827009821348        1.1705718540361232     
   8.4392154435988190E-003  0.16533450870871980        3.2357157511274354E-002  0.14494561401414016       0.13477602857643373       0.15270184782045651       0.14126054799169016       0.15199883448156229       0.32024038230145502       0.22933835932409419       0.28558499143602906       0.12004703022502963       0.12848482558930896     
   1.4367084356900324        1.4352001570730757        1.7564229298362137        1.2219277203129539        1.3118165570567208        1.3755032052005167        1.5111738817128009        1.4834647536348891        1.4216537496436072        1.3789608300366307        1.3165044126391472        1.5059706091758818        1.3458856764654203     
   9.6139765289555059E-003  0.18323896937789039        3.6946339594211612E-002  0.16253108118623905       0.14964477960697686       0.16943722637802858       0.15829627177414601       0.16701735132302029       0.32978529718457361       0.23806438405884234       0.30055317572266715       0.13317931939640568       0.14204202930426008     
   1.6110681535089204        1.3719126883825454        1.6638638636530745        1.3991585194590961        1.2875358380718340        1.6547163912933904        1.5693416898952086        1.5970310023612231        1.5590160436797165        1.4521555248526257        1.2680683796731134        1.5184169468157585        1.3514651680234580     
   1.0856845639265686E-002  0.20161137731772838        4.1324846910160438E-002  0.17871361243673173       0.16496538620280685       0.18553993343319400       0.17066213690103241       0.18138136684775308       0.33881783838170909       0.24616063736335408       0.31396937031620709       0.14665990423378403       0.15671098310198484     
   1.3891321844861966        1.3990873822149887        1.1775369441088439        1.3932521484762617        1.2800220644049356        1.4921890960686566        1.2374285995618604        1.2344850254450346        1.3386189976283127        1.6400494022777929        1.2648654553410392        1.6753173387361087        1.4032642440461043     
   1.2238799517007810E-002  0.22058710667386591        4.5712712196934971E-002  0.19376696644797589       0.18042165559766718       0.19960957274890898       0.18316516920626999       0.19548950085220401       0.34733987359274127       0.25456100954558281       0.32743103563187481       0.16057541568172071       0.17164607992053321     
   1.2810654026908532        1.2481082884197536        1.5855246958680140        1.4383636946147740        1.6330143213637096        1.3880797466134749        1.3576196755254177        1.3708705724907067        1.2144830058981742        1.5635250995395273        1.6178168652923464        1.6247886319160858        1.3238555141298294     
   1.3702803839267223E-002  0.23742679163374086        4.9883513469201987E-002  0.21063964901584861       0.19424974800379982       0.21363088675712980       0.19530497823665782       0.20885225794932807       0.35569826990314884       0.26238801114226612       0.33960418824033278       0.17558511574351479       0.19032145075504170     
   1.5993542280101665        1.5589691488407120        1.2635229337017322        1.3949294209514034        1.2997665760125263        1.3170897425258625        1.2641867850503392        1.5525816835040125        1.4663184985043602        1.3355144344900649        1.4650910334075689        1.4377165799442819        1.4605068216411292     
   1.5201805760791139E-002  0.25290493097742822        5.4240245628153903E-002  0.22852701736789083       0.20885325562775883       0.22856919442737125       0.20866870774268009       0.22201988750420684       0.36397815556221513       0.26990009884484195       0.35212098447257978       0.19374886339341582       0.20878982403700885     
   1.4584344744346800        1.2253214668879422        1.2551594193531856        1.2913963413874308        1.4281754470526162        1.3105308427839100        1.5956058935091648        1.2750844548589444        1.2256769750735406        1.3359806185011598        1.6581255684620557        1.7102861655808073        1.5159155030547526     
   1.6790023895648130E-002  0.27218936670299032        5.9457185351432150E-002  0.24536380286893025       0.22347181537165564       0.24353723913461836       0.22339698249169823       0.23438061373570632       0.37226080328712707       0.27782978717731555       0.36656026630267852       0.21145870963991795       0.22726384393117338     
   1.3416362438772622        1.4541886928170009        1.4277019308292289        1.5283348092755389        1.7374860980396936        1.3366907139004209        1.4563952540492058        1.3737163128970271        1.4326874507548639        1.5268081716233732        1.6060033908324607        1.8942047164021565        1.4280864776141826     
   1.8508435137590106E-002  0.29376921649450666        6.4710277171304287E-002  0.26149055387212317       0.23933057066498845       0.25724919330000190       0.23862533594264471       0.24820083620680014       0.38080306959240201       0.28577692716602821       0.38068032085543430       0.22515152509610273       0.24457067700504384     
   1.4794706604956576        1.5244959656459769        1.5556751493699210        1.1702882176067035        1.1717497432331265        1.3181569931082264        1.6716817744090631        1.2454476215177199        1.2581900942732576        1.6495133301683138        1.5929192195485480        1.5608866413818365        1.3561684854409037     
   2.0400991126024896E-002  0.31416317327809684        6.8601497642265696E-002  0.27750020466495889       0.25725219433345520       0.27190460940169514       0.25459487310515522       0.26344517533548534       0.38954934406494085       0.29302434806805550       0.39448102702356586       0.23964730305406251       0.25926752934724728     
   1.3949058502590364        1.4665841866655529        1.2462202240270326        1.5730134911778495        1.4339326734317839        1.5262246893413178        1.5820057455910772        1.2441215835077990        1.5689170751278194        1.3859644324974949        1.5170630741042022        1.4914988476250328        1.3067070601176662     
   2.2526115631857177E-002  0.33386114018732527        7.2623776742908722E-002  0.29367910409351999       0.27527386820954969       0.28849090651535092       0.27114213084617800       0.27829138607525272       0.39827101091213518       0.29988213740512648       0.40859460298028027       0.25277113876531127       0.27438682419760813     
   1.3644648105834765        1.7049006564881850        1.1729735370683312        1.1455588039724323        1.4448938377360272        1.2585461960625590        1.4097053510173854        1.3422405618147171        1.3367721817578808        1.4745452744735252        1.3441351461104827        1.3934994490025288        1.3534175719779302     
   2.5734208959869831E-002  0.35241317085050150        7.7557937035238556E-002  0.30810671153961428       0.29336371295809310       0.30431686871389330       0.28800761407265185       0.29349446547421004       0.40703587935484725       0.30635248597700498       0.42278063740770488       0.26493952436573159       0.29035730239759699     
   1.3669965715987951        1.4141647163027091        1.2675743206476893        1.2561772389097026        1.2804253993551626        1.5460911206096444        1.3624027778614121        1.3965951896613575        1.4335230623954420        1.1958016137334737        1.2834059337216341        1.2955197653036881        1.4918426503717948     
   2.8867835839787560E-002  0.36889190157780000        8.2459094796265953E-002  0.32107118324893058       0.30979131874445259       0.31938768100051595       0.30297222802062101       0.30867550579745834       0.41581036700517421       0.31268116615368380       0.43770784016352815       0.27937223410522111       0.30665805335046120     
   1.3209362099562123        1.2919079313098445        1.4568605615306836        1.1098351253642822        1.4809728707159129        1.3613345530761312        1.2998447840510459        1.4625221508195902        1.2272519584437853        1.4701956713388107        1.2682732427222225        1.3611257972638975        1.2880037677177645     
   3.2598872726537664E-002  0.38486702333843481        8.8456270005958362E-002  0.33560129652396997       0.32505148843140130       0.33416864702659166       0.31674679821390983       0.32356583088176483       0.42443119665696644       0.31972258624282784       0.44774174583086418       0.29425831962150789       0.32237895500714575     
   1.5676180790237362        1.2944017544890032        1.5092667397775819        1.4551279424920838        1.6138067655428592        1.3341651284416078        1.1734468577537085        1.3222553399820471        1.3301574735136548        1.5418563529326990        1.2928842747780591        1.1654201910275777        1.3634360317087038     
   3.6136815488611140E-002  0.40087251754704040        9.4490263172947092E-002  0.35070217053389963       0.34143607371823637       0.34856596551062358       0.33070761593974446       0.33932705852405914       0.43313899768264552       0.32665051705776188       0.45713530347096676       0.31060238014207581       0.33860139276540130     
   1.4401242983010363        1.2459650637695219        1.3375529971859743        1.2760483875051647        1.4985079127267031        1.6011187058638512        1.2235714569365148        1.2649857700860547        1.3060329490856999        1.3540835631413437        1.2867763680568467        1.4346033270009537        1.2355994584808234     
   4.0476239070296703E-002  0.41711425219667797       0.10130741250287725       0.36684697216349632       0.35865421270142284       0.36385292554953208       0.34506671863158145       0.35459692802605508       0.44175093004717120       0.33364387772998866       0.46917968338731902       0.32597276822771737       0.35386287171037112     
   1.4796867469217154        1.4291964230806939        1.4749900503210904        1.2271467126643569        1.2806430552223054        1.2890671877805402        1.3311049082034656        1.3876569863732504        1.4851430199695330        1.4687107040710266        1.5935718514715564        1.3645811819571416        1.4207517524794075     
   4.5030571481832704E-002  0.43260317463063497       0.10831080742366564       0.38323609805192116       0.37515881623454828       0.38020189527233073       0.36005976839482845       0.37061417974419303       0.45062440218814681       0.34070698137145772       0.48065669013697954       0.34014124102431326       0.36909227908348285     
   1.4907604225078053        1.6678731301432663        1.2020738996719378        1.4484471327449993        1.5430685337404337        1.6700568708389854        1.5105687060808055        1.1295200398893777        1.1900073772635329        1.3548751550865805        1.2294135585653920        1.2596748911296756        1.2878003714275901     
   4.9148691620736630E-002  0.44706160135911333       0.11527227428976140       0.40110678090904023       0.39140794931385370       0.39736098891878247       0.37371495612069594       0.38785138030535532       0.45984260374512925       0.34723155193050703       0.49326478403327684       0.35485146033782122       0.38398474612078298     
   1.1914194258130157        1.3352563432423050        1.2356865993773720        1.3567050066915347        1.1642989508482438        1.4547191725440298        1.4139548028070235        1.4518026643245510        1.4007364200220298        1.3854847167537621        1.4448512119469339        1.2424299830521823        1.2833076852574072     
   5.3121007233366907E-002  0.46051374787234989       0.12232986624226122       0.41956187783656224       0.40718815905281674       0.41429080315507349       0.38808233106962842       0.40613938265246086       0.46894111813547229       0.35411045400180396       0.50602447783075999       0.37070904701282498       0.39879549918405127     
   1.3228126644886240        1.1707461463014577        1.1726534337953722        1.5308779845542269        1.2162934096700890        1.4850384827881253        1.2756236961199734        1.4929095855459420        1.4654692863620629        1.3101593578335324        1.4490437596905166        1.2489964929369006        1.3149146543333821     
   5.7656611196311172E-002  0.47406036875251695       0.12963272368747414       0.43825265938940899       0.42337751016545505       0.43082116684555793       0.40334621635813084       0.42576459431944952       0.47856555057108918       0.36163918003272266       0.51773306058635737       0.38731256939210262       0.41675623390056771     
   1.5504453994204590        1.4667831184219284        1.4447592932298499        1.5705443108740973        1.3860035738206504        1.2407161585195097        1.3618414748082612        1.3679057358604705        1.1437479571582880        1.3380227586769569        1.2817001965184767        1.2327389243686813        1.4234716258913385     
   6.2350405627484423E-002  0.48818097323845105       0.13675848971077442       0.45740415150737990       0.43703274190016611       0.44695973852349058       0.42016772877139980       0.44429243567050891       0.48846321351965394       0.36838907240985497       0.52962089925145628       0.40577532185548104       0.43560388500268327     
   1.3472340909466070        1.4717747297976880        1.2657026688274968        1.4440833448762342        1.3452870657383809        1.4636433739667059        1.4089295407708018        1.3282950632146904        1.3024086838919873        1.4829511643018107        1.2758225026430847        1.3508583163886945        1.6479840027554842     
   6.8469785199891706E-002  0.50111770722105620       0.14455728730967557       0.47573281166320447       0.44894449903816913       0.46161509964414627       0.43863315067569725       0.46182157016994196       0.49837546966863355       0.37584576621042842       0.54316144538101008       0.42446952212804817       0.45146090365353880     
   1.2402049614597084        1.4074472958431399        1.4343471600451898        1.4914220619689655        1.1465939470680506        1.4697457887399428        1.4641276809950874        1.5313610020703581        1.2943408472047038        1.3835425818664697        1.3798327185931523        1.4478326561015114        1.5779819253423610     
   7.4998879275709793E-002  0.51368826571243342       0.15296810533561395       0.49340873764090815       0.46197493346720692       0.47571398115416708       0.45592916505809061       0.47865444010644703       0.50825532982544541       0.38319301741367151       0.55637458774402238       0.44375040102417002       0.46697248477123909     
   1.6055920425641097        1.2882339428272742        1.4006436982577120        1.4764340024048270        1.1586336647982372        1.5121856310047093        1.2714353537174761        1.4048007131330691        1.3059177239856441        1.6972953670929578        1.4713361558648324        1.5680380451939986        1.2934444482998029     
   8.2236597913083492E-002  0.52957331725997481       0.16220376765157296       0.50911424275599171       0.47516065794822343       0.49050013125675801       0.47233598019133571       0.49412838333301584       0.51815162023540229       0.39125575033945609       0.56957575245301195       0.46187986995582075       0.48285269957998350     
   1.4384897350024752        1.4178680151477958        1.5942831034525387        1.2789870341416345        1.3006151292513293        1.2123688758540370        1.4445807817528908        1.5295282613394861        1.3609245977040580        1.4490601812666846        1.4424458642152869        1.3405959474523976        1.6505858535413691     
   9.0093877854536139E-002  0.54514104207992420       0.17163836712190259       0.52250426314707499       0.49112100559144234       0.50439983750032646       0.48932282062614407       0.50861653948539343       0.52786012557516582       0.39940251538564525       0.58341890323101186       0.48107350212538724       0.49859049165383978     
   1.3067425705998299        1.2267026356572559        1.3117257898610952        1.2663041737146472        1.2401617700505747        1.4139190886551036        1.4175675049486613        1.3528345887426922        1.3874621450685916        1.6262911863432750        1.6254621911058433        1.2444883891290399        1.3811154324593871     
   9.7767491480506508E-002  0.56101122473025467       0.18156057577594592       0.54023958863438715       0.50829526792647051       0.51761140685871809       0.50621552979744555       0.52401724662632465       0.53781945921803009       0.40727155976484275       0.59527594521787308       0.50053683647795799       0.51426412594404713     
   1.3595893213521624        1.3262879888505128        1.3647530325585322        1.5073024075240136        1.4429223164695602        1.3651393775405498        1.5551060010021729        1.4050179304244399        1.3708937755446216        1.3848350737550779        1.3186444695074702        1.4692314640350976        1.4785295447901552     
  0.10551421679079190       0.57667831621873744       0.19129775741664815       0.55901060517974899       0.52544102581779251       0.53100040366622836       0.52385200060002113       0.54130151035441820       0.54783867538546493       0.41503014359987300       0.60716246555589193       0.51857567330192045       0.52968439937782319     
   1.3251133237051176        1.3336353855049132        1.4201653561908265        1.5944485976189979        1.3799578179693965        1.5602525493341934        1.3959425778164665        1.3659531445345534        1.1759416864518595        1.2444338783417281        1.4051750916328003        1.5732636116342280        1.2561926722818075     
  0.11489809001298915       0.59154425513896258       0.20056345817306345       0.57810224132534127       0.54216921493263659       0.54312586426597653       0.54198917205801111       0.55828833360646768       0.55855276996462133       0.42302507671783024       0.61881521609363910       0.53662599757616092       0.54578186085937963     
   1.5584426591380847        1.4252010132316764        1.2733762814396352        1.6424534491496170        1.3596517303851514        1.3333326756864825        1.4524855719685339        1.3729806859001297        1.3777801635027072        1.3906860385995550        1.3228098257040593        1.3850206012114052        1.7410427428620743     
  0.12468383209542530       0.60632574657363525       0.21013341768954572       0.59670450215364013       0.55779821930627560       0.55502219239698014       0.55892274061428626       0.57902205092291026       0.56925796272941909       0.43138307716734220       0.63039336287574443       0.55217559952836726       0.56219896028340921     
   1.2654941880531172        1.5388842653704797        1.2287367645295795        1.3853456197719749        1.1685512369404518        1.3462161416622862        1.3143177118741889        1.4628451232307531        1.3237607384327679        1.4584785271385752        1.1744685682616292        1.6465198090215769        1.5446127350525127     
  0.13641734352574694       0.62084083683935831       0.22037964047129324       0.61358835137827761       0.57281366281190138       0.56753176895365398       0.57493553353077531       0.60004509531449213       0.58033495984306371       0.43992549843025264       0.64230547313970632       0.56798903895752761       0.57871967665344792     
   1.4445961723268974        1.6015509869410895        1.4373754095099849        1.6038444843666702        1.3573856567641971        1.2821283928830534        1.7373552082195802        1.9265464433317046        1.4401231333934228        1.3048398793765335        1.3295266366960565        1.1413413101091239        1.3906572425444867     
  0.14870339448260100       0.63631885774498276       0.23104539712743047       0.62969928906674044       0.58837291004244241       0.57955562781909453       0.59125170353831513       0.61734052311035148       0.59158789735041106       0.44990084197748581       0.65488844947207714       0.58321359807536899       0.59492594026493950     
   1.6296131858560203        1.4730723098181449        1.2313494230192712        1.3888349581549664        1.2086667528098869        1.2957121754352352        1.5080003694265545        1.4994534709901237        1.3795874788468210        1.5915705911153202        1.3905866948842771        1.3419120788351420        1.3864596597634364     
  0.16401307960508960       0.65320594459154679       0.24241117678953916       0.64589756412800636       0.60550273531473209       0.59450050669662691       0.60749829035806779       0.63493210895140495       0.60251567165366726       0.45974464439494078       0.66545478796681057       0.59804880250751991       0.61038347525070680     
   1.3515470896354855        1.4441582761902996        1.4655766675905648        1.2882384480617155        1.5902229078487733        1.6857642449529346        1.4191316563075851        1.6905893084287151        1.1852016282921474        1.3036194225021982        1.3759358347005837        1.2914797593109903        1.4281708508447577     
  0.17938154500613954       0.66929322649504741       0.25370167041798924       0.66256790712936475       0.62540943216694844       0.60967599660330596       0.62448711384517952       0.64789797226112011       0.61360299142896602       0.46956444403184527       0.67670249708879082       0.61166521514282790       0.62565380977598362     
   1.2298274030529603        1.4459634744267744        1.3695121142717486        1.2486402465110895        1.6405674427533765        1.4649926918747256        1.2644846234226821        1.2906262274949687        1.3586119789285598        1.5031541163058160        1.4775588759233680        1.3434288771358054        1.3184006476255967     
  0.19574111143888095       0.68485422173366928       0.26490754403628453       0.67945782503887009       0.64360543667335901       0.62412908383888210       0.64174636637645421       0.66103962478077283       0.62421938216920458       0.47952488994421177       0.69076087707480816       0.62516154204254748       0.64064019383505910     
   1.3948059218254480        1.4267481515991824        1.2750712072354353        1.4333427512329942        1.3826858293906410        1.4075170422321337        1.2666700508796807        1.3799241689995361        1.2176753033485506        1.4160950890875943        1.3832648797827898        1.3694368098663225        1.3739412645682607     
  0.21279180797388902       0.70036652032937596       0.27694606083433271       0.69551613806989954       0.66220741775651204       0.63899122001720587       0.65769419343086222       0.67474062147873293       0.63482448133835889       0.48925075923841749       0.70335933615239454       0.63816977580787537       0.65543159640232240     
   1.3543697881387182        1.1580392795798253        1.2232144773203906        1.2123386308952513        1.9353181913625861        1.4619715483601905        1.3892278093767256        1.2281527874666385        1.3363592532261632        1.2385922003091552        1.5484067712434941        1.4346436860880003        1.3238878867068185     
  0.23014050723361562       0.71574800621322243       0.28915049477073773       0.71156016714741144       0.67984596601129743       0.65261625671175338       0.67306522825658788       0.68901007639991430       0.64679281502081443       0.49889462642124344       0.71305638837874674       0.65130923087755976       0.67150524039853177     
   1.1834170722804649        1.2460741072116523        1.4109783120499946        1.4219100298744229        1.7273008445293996        1.2180018898573699        1.2272424853927897        1.2196387550158165        1.2220460031902143        1.6561183598231515        1.2360172174350352        1.2059864353267331        1.3571877241682795     
  0.24797356280781480       0.73110422545587084       0.30072451007795031       0.72759006772208046       0.69738726305094323       0.66643321893845819       0.68640692478273879       0.70354142768294659       0.65900403351563674       0.50951098422796670       0.72448916754150139       0.66480633984046633       0.68851964218569661     
   1.3095983393868673        1.3171206890607423        1.2452704706590585        1.7021379484855512        1.3886574091311923        1.3784069819410361        1.4425935077350123        1.0460645814908114        1.3786887734208344        1.4173794740693102        1.1424604039056760        1.2886100608804492        1.4830404565562041     
  0.27612036181254784       0.74618219922558360       0.31233161074673294       0.74330824435296172       0.71194223610275364       0.68127077212238296       0.69869071322435550       0.71496512392593947       0.67109043482907593       0.52037497304014879       0.73749844414217025       0.67863861520464719       0.70803227290319415     
   1.2999500811670885        1.3071437239873027        1.0965242127707870        1.6506980332625305        1.3298185172109198        1.2390490266288023        1.3056500389113315        1.3135085531581390        1.3028077353513798        1.2670541752212043        1.5076095219906838        1.2497125719905253        1.6814725124634964     
  0.31191409639976359       0.76055831177660904       0.32816662152986076       0.75859606397158785       0.72669201493495961       0.69615651870330864       0.71147378005852524       0.72521548895712884       0.68330955632400225       0.53122919495198206       0.75081120829302583       0.69380619975844160       0.72783837168481746     
   1.1488490905685220        1.3512730058931302        1.4711506546178279        1.3416110250083706        1.4014062619491217        1.3919714027446242        1.3859993435421947        1.2415420914849791        1.1808502455674383        1.4237436178107636        1.3643484867384814        1.3574216001483450        1.6766773609845813     
  0.35586715869628804       0.77483909304153986       0.34557533042792909       0.77317574902850550       0.74195387917346078       0.71029860524587429       0.72513810648412491       0.73398791621594583       0.69510341548764520       0.54174789308301885       0.76487185865027041       0.70931959091550711       0.74517076482959310     
   1.2882697904946925        1.4886707194761613        1.3504877704936709        1.3529385424125036        1.3624402675098408        1.5756215159974825        1.2319887083166376        1.2359203903817761        1.4209371233560726        1.5240890429238603        1.6192896358347246        1.3821568557487154        1.3064509730312626     
  0.39875763663091468       0.78904205895354118       0.36365121422854457       0.78713197913734434       0.75781873712715542       0.72436110333188664       0.74050185772540855       0.74405923050085943       0.70695813257607676       0.55180062782946271       0.77899234238744219       0.72715459089361756       0.76356923281880396     
   1.2633192370646653        1.1885908792891577        1.5004369353237597        1.2827320608705104        1.4695577066167798        1.2280440588454085        1.3014270978932996        1.1702426681251534        1.1359602705830796        1.6289809718236268        1.4126307603782198        1.3909627067381818        1.8278078335084900     
  0.44120713797461375       0.80268713562054217       0.38191444094857557       0.80116116336684118       0.77338634329759948       0.73993583593233481       0.75836094043497848       0.75840167944260461       0.71805039653640246       0.56178325205955748       0.79262887186673237       0.74533163361544497       0.77631341466511117     
   1.3206790054209738        1.0901404275145128        1.4191496287392718        1.3188047632209401        1.5074650702197894        1.1275898248855170        1.2916212663649163        1.6504421197394363        1.3371220886371693        1.2270314972627518        1.6440445031718283        1.2028209301256456        1.2689397824702189     
  0.48676231742191972       0.81873974384335857       0.39963342678409713       0.81527750842724689       0.78901938711703867       0.75506417281572558       0.77684503551397821       0.77200171186632749       0.72892403700428166       0.57213154331600580       0.80677001461960707       0.76374449394491628       0.79117401806713417     
   1.2941109399614203        1.2859318644851239        1.4666825647952320        1.4105945600109200        1.5715516334311261        1.4528345027232887        1.5462704581086797        1.5031571088504545        1.2412118118203770        1.2143898076497899        1.2978142655582841        1.3484611522633387        1.3123717374638344     
  0.53174016722925455       0.83579928398202563       0.41685090262694613       0.82920948890930557       0.80342894915203555       0.77283552671242894       0.79520467514767801       0.78461063514678808       0.73983796048193939       0.58296836614889214       0.82123046444580150       0.78251081281092039       0.80815190142365279     
   1.4842318800199019        1.6694397641374277        1.3476286451915749        1.4505762346479834        1.2950388999083198        1.4752477660094276        1.5922620002994823        1.0489132428536319        1.2456241754304334        1.2990770147966837        1.5452929107883331        1.2792868259350088        1.5496608117271460     
  0.57274682606441518       0.85312845964060902       0.43960440915467924       0.84275913169678907       0.81743563198958136       0.78964188415370640       0.81235698517271060       0.79865501755920065       0.75097037819329493       0.59074904386356819       0.83531261398729817       0.80160196858938737       0.82246336764824346     
   1.3852068460767903        1.5405737336607941        1.4732977573361805        1.1804191291460957        1.4217548609453385        1.5799236501818534        1.5456313174510565        1.2767202458162434        1.3010423884291482        1.1062927611520061        1.3694302447056790        1.6648202583117420        1.1960662320156790     
  0.61073455209396199       0.87018843275238356       0.46152851336067885       0.85590447844143158       0.83174443023531530       0.80602531549745549       0.82850962455469479       0.81483360225962653       0.76415151685989646       0.59910542094608066       0.85137301090082351       0.82024627966490027       0.83417099994661703     
   1.3845708530942771        1.8476710003601058        1.1932159295363622        1.3132439690798614        1.7705119400510119        1.2782133256431170        1.4413088943038053        1.2818294345119925        1.2718884719907984        1.2140515718800697        1.6571842675734347        1.4270877943757292        1.3377183773638524     
  0.64559738835299874       0.88657961752162651       0.48510033647065365       0.86874807207852878       0.84632587594059794       0.82221525069243018       0.84418753645562583       0.83121245880202865       0.77786162075819687       0.60855487059990565       0.86704378383912051       0.83863768126963734       0.84844101167060959     
   1.4027534415848670        1.4616791706999563        1.5316888305940708        1.6236711638744732        1.2630320037553200        1.2804866845723826        1.4383771062174326        1.3319080795525271        1.2883345496728935        1.4356365442513168        1.4304278614681065        1.3200236009675803        1.4471355366350755     
  0.67627593278107234       0.90306301930507626       0.50964193058318652       0.88093337237337144       0.86132991446028773       0.83535975498916093       0.85907995212069932       0.84815548433646781       0.79519098404800803       0.61856908800016930       0.88144683062309070       0.85662632943379946       0.86256294781445741     
   1.1966097360505898        1.5053212583327260        1.5118234367476524        1.2421766517313131        1.5071846040149663        1.2279927771049999        1.3137582188404948        1.2946340747851282        1.3823562101072326        1.2866761551696622        1.6313780431790466        1.2310242912567082        1.5968836856911994     
  0.70440858718465793       0.91840364312597567       0.53830276337934457       0.89287084185962684       0.87674422075888769       0.84806183211420383       0.87485689624580942       0.86476237723191962       0.81250270909484046       0.62986782491632676       0.89638413284101714       0.87470837691040015       0.87826602414160237     
   1.2663956335447475        1.5961042378482677        1.4375147406013105        1.2956363039993051        1.5033219396007702        1.1686696149135858        1.4096892553692741        1.6881611865810213        1.6629854028365447        1.2654659860906416        1.3803526506531492        1.3791338811886948        1.3782140957788638     
  0.73292928287420067       0.93232531638767735       0.56703939796122060       0.90426060250886542       0.89211282491267285       0.86299216395741729       0.89077898986923454       0.88091055181877220       0.83136623345475336       0.64154616029728773       0.90835011654411635       0.89241993143938991       0.89445655465037033     
   1.2910900338156539        1.3898314177733651        1.2430903336066135        1.2166410049297463        1.2238760587634991        1.3770504865318760        1.5294318441763510        1.4747336597013678        1.4352639998680534        1.2511257744575719        1.3882741369893083        1.3205058298697572        1.1953776918783170     
  0.75994275308002102       0.94559769302593288       0.60031655414691898       0.91532795863581473       0.90752056556235150       0.87727781369073232       0.90584918588749386       0.89834904539104243       0.84910672806086585       0.65264507363023960       0.92021974793561578       0.90904553773387797       0.91071894370408768     
   1.4196517289374191        1.2996907268613165        1.4334975415677476        1.4712658725920977        1.5672943190920383        1.1500075432343657        1.5210391913430015        1.3812379034498838        1.6335475789943084        1.1010334501728987        1.4044664980610173        1.2230303561501710        1.3543011629468105     
  0.78398437146493460       0.95677388858258616       0.63782298222891198       0.92890093698670118       0.92276581260891632       0.89258812700851198       0.92042807666197923       0.91734312509662852       0.86427386288163943       0.66935220256428840       0.93161769160187047       0.92605018803733175       0.92743961038799860     
   1.2498565898986407        1.2295505150003221        1.0882262290992857        1.3353075032089148        1.3498495701426569        1.5724663181359646        1.6202003460824037        1.5306028362193784        1.4024199294822410        1.3882715862659825        1.4950823839427698        1.3571717563881929        1.5134099173236477     
  0.80678359580909853       0.96695934442949938       0.68558360451601719       0.94206985596949366       0.93727493716093813       0.90779691450150313       0.93438524723515470       0.93461237714891510       0.87927373972440326       0.68711401560588392       0.94336896554779737       0.94303968109646608       0.94373085724732531     
   1.1669157787820506        1.2500159861108628        1.4605685733755736        1.2260205124985559        1.4401898191554348        1.4434247136428873        1.4351372893755574        1.7277411115190144        1.2069696728313186        1.6083875986862035        1.3800047958390051        1.2998119350205610        1.4495233767453461     
  0.83602360249368868       0.97639938270888282       0.74254794193957963       0.95662954079709817       0.95251458895784558       0.92567810641704584       0.94774167215983574       0.94881338909690027       0.90195901974659731       0.71343852894977511       0.95714551086444677       0.95823049763830870       0.95911548912487576     
   1.3482606382716609        1.3008099217352065        1.2679418145986296        1.4431336368727625        1.4715364000132369        1.3457207205323434        1.2482029140159188        1.2788573639201071        1.5404150812929298        1.5794699418726124        1.3932075175075507        1.2756184804684436        1.3097365222640773     
  0.87064734136246280       0.98528411915986047       0.81265062443347236       0.97149661142358901       0.96775665600734451       0.94580292072242522       0.96253807006859426       0.96380464873024840       0.93172893766116216       0.73995955138575720       0.97135719045046987       0.97294899782549260       0.97352982827665102     
   1.4263436583241715        1.4249314189063915        1.1145665107019913        1.8731870601614236        1.5805469055885304        1.5123115572783432        1.3528724201355762        1.5141948798193883        1.7501895099520390        1.2071189234118878        1.5294007669584682        1.3218848847756515        1.3167259573534840     
  0.92884857105264751       0.99273811988240179       0.90262128327730051       0.98609039180023494       0.98433725549360851       0.97166029426849587       0.98105358505701856       0.98162976005459168       0.96395674586335800       0.84620117573803255       0.98567116111515718       0.98679464278445994       0.98673551485209932     
   1.3418403807647381        1.5109213593985753        1.2835267130928096        1.2644757972820584        1.6003529456871322        1.6647089934533192        1.1815396130434117        1.7933601560595305        1.7949108528912390        1.7159410025994508        1.4224554917204282        1.1908936493297617        1.3581711035358981     
   1.0000000000000000        1.0000000000000000        1.0000000000000000        1.0000000000000000        1.0000000000000000        1.0000000000000000        1.0000000000000000        1.0000000000000000        1.0000000000000000        1.0000000000000000        1.0000000000000000        1.0000000000000000        1.0000000000000000     
   1.1277874126191552        2.0941278897121594        1.2503162989449290        1.2959614503035015        1.2928873928928621        1.6247406975897316        1.6030173562226806        1.2220032114599915        1.4204738104956534        1.0114002124762738        1.2019344400109919        1.0741835761509464        1.1560803660743744     
   7.6596808345116205        9.4532700962351797        9.5242089982643687        9.7549716374783415        8.1282579721811743        9.5914357686702214        7.3253336091768633        7.3514430593401396        8.3267558433397681        7.4916225851349312        3.4955022027782401       0.11109499879244138        3.2601209214061253     
   7.7415248601637314        9.2341089971276666        7.4928849065460117        9.9893220882907130        10.022410110188762        8.0621970826125153        8.5555198731531110        10.671055640531648        10.222591573039926        8.3292812089878048        8.6927101734222934        5.6992015913081966        9.5725208880616197     
   6.9540383468521334        7.3751777567052388        4.5502100119886171        4.5431652364250645        8.1771203767153029        6.0331070026359814        7.0369420962532550        10.105115461623594        2.5716819721066830        8.7171063012865240        8.2274930662092469        8.1384077864894788        9.5814687543420671     
   7.7026089575793684        10.078428898950477        3.7055970630444954        7.4449046571080890        7.5711696853182788        5.1192196904888334        6.1782693856226034        6.4278234906779197        6.0858545503719892        7.5486092857680207        7.8951462720018935        8.0554355066432830        7.3927609907321674     
   10.179659214028373        5.7169195943974254        6.5301006168325824        10.612896015277146        8.5513681913351203        9.1683044221084984        7.5645764408976026        5.9779721184866732        8.7415944163506101        7.4075602795097586        8.2664372843938967        6.8803401533868138        9.0872376452806165     
   7.9985588077031231        8.2679067804963253        6.5299991333929164        8.2540267262989993        6.6144783789699124        6.1772616183899602        10.098984308927836        7.5378865914140780        7.7022757954863819        6.8065248455209684        5.9221350580689371        8.9997471179239170        7.6534381639331635     
   8.7328361556182159        6.7960612840012198        6.8321140889256915        8.7557710950102940        8.0969503378892380        7.8306631959954629        10.886455762411604        6.9334742564901193        13.473621973757036        9.7114470539289250        9.5440773224383939        8.4537633486468611        9.4316720373936214     
   7.5768781474729465        6.3935159691452199        6.6444447214469395        7.0709664840887463        7.2195431195354320        9.1959931976329621        5.0680735016541565        6.1377549672152192        12.245896227765124        9.0281487204099644        9.1214503957669173        9.7026654275905351        6.5265451892718884     
   2.5736271607167986     
           1           1           1           1           1           1           1           1           1           1           1           1           1
   1.1604152943944122       0.42993389094704793       -7.1649889863023195E-004   8.0306056590103250        1.3947272556078371E-002   2.9282914892000340E-005
   1.7637792991510717E-002   1.6542630618971096E-002   1.0816175463458210E-003  0.18489291538386102        1.0812972274374939E-003   2.1690447198722529E-006
   5.0000000000000001E-003   8.4152729360743042     
