   0.0000000000000000        0.0000000000000000        0.0000000000000000        0.0000000000000000        0.0000000000000000        0.0000000000000000        0.0000000000000000        0.0000000000000000        0.0000000000000000        0.0000000000000000        0.0000000000000000        0.0000000000000000        0.0000000000000000     
  0.23333807965711412        1.0352174818856214E-003   5.1040472142596521E-003   1.6111268644481265E-002   1.4609977005272315E-002   1.4560727216601522E-002   5.1201722914445977E-003   1.7623197940296313E-002  0.44369821193760678       0.20570361243472673        6.2085998729692324E-002   1.0788428998897611E-002   1.6361710285358634E-002
  0.73499967371145447        1.2858892887687514        1.0297325395075612        1.2146787068172964       0.87792070909698627       0.93827749277116335        1.1827070115108229       0.84756926516524755       0.88689852580351869       0.87077919716804986       0.85729607066656532        1.0121014973253768        1.0965427054405463     
  0.27566671652180624        2.1104862489395508E-003   1.0174515050266933E-002   3.2145750398588177E-002   2.9766118553482875E-002   3.0224698936798258E-002   1.0328524066529626E-002   3.4516318929735841E-002  0.55002113821853293       0.25636883556036888       0.11286315016785584        1.7323505921927770E-002   3.2697558618829829E-002
   1.2842097854978929        1.0464341437431683        1.1538038447952870        1.0035316067211062       0.78819344794253399        1.0746092668309757       0.83182990533181211        1.0636393591086468        1.1033420231217044        1.0691517098470176       0.99457596729302267       0.90740227739333923       0.81394909188840880     
  0.29559419615001614        3.0180244223826425E-003   1.5269648685329314E-002   4.8402294805092526E-002   4.5894814273926429E-002   4.7033377068754482E-002   1.4927351216410810E-002   5.1259470104462093E-002  0.59950508909918787       0.28358367700359360       0.15273479024997511        2.2886794803396091E-002   4.8502857238398048E-002
   1.0452232700306250       0.91111351175472155        1.0034303435997931        1.1544814928413283        1.0646432742379828       0.87372892875390296        1.0246207465072765        1.0595989683966820        1.0451216072592215       0.99754762867549651       0.97214919302590563       0.93168142745574223       0.97286733770362255     
  0.30851350025710877        3.8033994131895510E-003   2.0259316691512465E-002   6.4801876475686040E-002   6.2181232195684201E-002   6.2898232006937116E-002   2.0266958818229694E-002   6.8783265677210478E-002  0.63125013596819246       0.30222837697323601       0.18522642915759643        2.7127423152505020E-002   6.5441747262044409E-002
  0.88643439967324944       0.94637117687584793       0.98892681708583441       0.93427764466495966        1.0288805629484810       0.99945920221791851        1.0559045504599813        1.1771507546510285       0.99052603361784031       0.88838577056980417        1.0000346709764836       0.77525272205592133        1.1803592369385481     
  0.32078977699079581        4.5916151504677696E-003   2.5052085002961987E-002   8.2089395730269715E-002   7.5944933414275967E-002   7.8944899804472030E-002   2.6741929285422253E-002   8.7336363417509832E-002  0.65271690900285695       0.31717893999690044       0.21047186349654806        3.1250231478732758E-002   8.0866167792942534E-002
  0.85290666179575891       0.95913878837519673       0.87916498249121910        1.2781527098650538       0.95595336590111624       0.88919943648880895        1.1147136752880829        1.1537983280382467       0.95145898737587964        1.1257786422867975       0.96820802592510169       0.99287613969551813        1.1177878138217014     
  0.33366546564219102        5.3990540172345293E-003   3.0118429484182911E-002  0.10119417901212545        9.0111073252426940E-002   9.4889667957340260E-002   3.3098322392209667E-002  0.10520788864151066       0.67182820100438734       0.33012651117670583       0.23195498740422371        3.5770104141741622E-002   9.6236818507489330E-002
  0.90466053978341698       0.84519640142822372       0.91832582884167135        1.1861017436428216        1.0146075089854458       0.99526382298802718       0.83300918077256902        1.0538001897592491        1.0065026196083136       0.89882544773019279       0.91384097723890256       0.85005482253371900        1.0545901373836426     
  0.34538503557235728        6.3886649315144832E-003   3.5154562384878726E-002  0.11998364212480644       0.10464405408285506       0.11111856146986224        3.9692341457183991E-002  0.12171367901169722       0.68896804197991213       0.34142789682391961       0.25070404105820299        4.1767997842910021E-002  0.11107012904935551     
   1.0932380252645408       0.91571493072023558        1.0624301507646841       0.91123095879793048        1.1971437490480479        1.1588104105224364       0.96358254343763272        1.0267184113183747        1.1044457201444560       0.83165372036803675       0.86398064907960392        1.0712317529910214        1.0822171906763904     
  0.35783123922299409        7.7627948854280589E-003   3.9665570314366592E-002  0.13672831632598964       0.11915476619347991       0.12715132898818768        4.6818666346770059E-002  0.13719513678835274       0.70362863537287601       0.35234602096929324       0.26789700085282198        4.9469240959385902E-002  0.12692141429523471     
  0.96576439198599617        1.0675303253350874       0.90833856337064989       0.86180815514914455       0.81861389306201804       0.98146954093330219        1.2505876771421534       0.91618836414678961       0.96703909886732109        1.0352114961112844       0.96329939801968156        1.0220296593061640       0.91001827927331225     
  0.37086888947813235        9.3449864794905666E-003   4.3498333728136641E-002  0.15108375323118894       0.13053722009794830       0.14280798492005903        5.4162851137392838E-002  0.15157447637766103       0.71785379477577815       0.36291672605533198       0.28373384036887239        5.7381707965943350E-002  0.14357141885802777     
   1.0080391135816333       0.93923114123652163       0.90326158340742468       0.91296205023363286       0.99949900971579919       0.95574368646410657        1.0713071340861395       0.87115456082936060       0.99998852707668828        1.0005506582454813        1.0930585621290523        1.2954305038600860       0.96809281782522416     
  0.38417699201178324        1.1339130173608488E-002   4.7516467811460787E-002  0.16621291684551548       0.13943930822561326       0.15920492042475842        6.1519903298560455E-002  0.16538559022016555       0.73081488626391022       0.37308134622472200       0.29912186308243449        6.5073772643495703E-002  0.16074784547972432     
  0.83673638666567762        1.1375142515520538        1.0060633600645135       0.92355326695490780       0.80940310131627113       0.94807794011860103        1.1943933891739253       0.96720850091041688       0.92643693100073776        1.1314856920977054        1.1198796419326535       0.95565392119557180        1.0175183153546754     
  0.39672084190022461        1.3589522774072802E-002   5.0954349588031689E-002  0.18276520928055720       0.14844296401681428       0.17498147576378817        6.9168183008675110E-002  0.17859336768231565       0.74313061756104082       0.38273276721851884       0.31406230877063401        7.2523515446532599E-002  0.17651657374966004     
   1.0443571064066381       0.99286489210051576       0.84326677661659843       0.89285813038513306       0.77759495440567783        1.0913545512043221        1.0067068757397684       0.93246455616272639        1.0336092310706901        1.0745000447376314        1.0522600801673185       0.89544344636840112       0.93345199393836720     
  0.40907598335057699        1.5886036183174974E-002   5.4998228355605236E-002  0.19983558970469148       0.15866821415750723       0.18953236858871078        7.6840733687024168E-002  0.19185784271915088       0.75692770767971396       0.39165688165928858       0.32880106523808833        7.9834369552921322E-002  0.19150498221005197     
   1.0345147622416981        1.1040399851967164       0.82063230408416876        1.0647840425462602       0.91814827419944600       0.83412890034591747        1.0024153358799592       0.95955067184319687       0.86920987140586126        1.0318165330434954        1.2044251624579365       0.95874500372273430        1.0310526145003194     
  0.42179315007183399        1.8210636852106190E-002   6.0240976187470111E-002  0.21609751783754189       0.17209265553095424       0.20379431546507065        8.4729662056850757E-002  0.20535856825378898       0.77050331576447384       0.40009080751481563       0.34369128040881231        8.7794878151475894E-002  0.20594480043130986     
   1.0675303253350874        1.0057859408191301       0.89664565179714995        1.0428668424772678       0.90607861776764753       0.87978622148042107       0.89607120394035411        1.0009060895379647        1.0494193999136356       0.91573743975743327        1.0075758884104351        1.0881842224028495       0.97680889397138926     
  0.43513450011975935        2.0728431517301801E-002   6.6344772054573967E-002  0.23184456924439456       0.18876698320289192       0.21846547585143861        9.2778999835001014E-002  0.21907997754818209       0.78309415680643624       0.40809966623674754       0.35861657915084189        9.7006580331299178E-002  0.22008653997250915     
  0.80509625486040137       0.95915374980794121       0.90593056804752869       0.98682630222753920        1.0099436902007701       0.98480269115290342       0.92378276598993658        1.0958914150212784        1.0090137872580931       0.90890462792563176        1.0719280003405729        1.0454112938628177        1.2131704819077149     
  0.44690056508259346        2.3511325719451588E-002   7.2893502250328854E-002  0.24853732402586240       0.20580701562321899       0.23406949353185694       0.10126731139650427       0.23299934146025816       0.79461560141345455       0.41605602694313254       0.37346662673420505       0.10707138057574055       0.23505496400240161     
  0.94563319818178615       0.92669200364242799        1.2306711875074072       0.98124150746435856       0.95092850831597464        1.1218364059658055        1.0216078957949228        1.2398016904386817       0.84574370773855423        1.0476891881956194        1.0001376945193545       0.96859204157923684        1.0121014973253768     
  0.45750918017402992        2.6599218439866616E-002   7.9802704894803594E-002  0.26679291327629062       0.22230556655165651       0.25023082289080650       0.11008700568521157       0.24619090643753183       0.80483694290015517       0.42405573777918043       0.38842891272000829       0.11645022196672535       0.25049671715015920     
  0.94156544787263874        1.1215734741070116        1.0187312671857882       0.96763565194929158       0.91328333976981368        1.0868571908698650       0.84810706338343933        1.0267560072883513        1.0643881912882873       0.95484513483692857       0.98436211844868293        1.0202878494343561        1.0095877510845146     
  0.46811147212631510        2.9950085980461776E-002   8.5878058296518692E-002  0.28475560751980589       0.23867012711763547       0.26567895371263162       0.11787230087989453       0.25905926999342310       0.81437460546565188       0.43202495401739088       0.40372450801002085       0.12629419529815877       0.26587808589682654     
  0.99306340209521837        1.3210680480913546       0.80656750132310928        1.1111976949730284        1.1561622641139739        1.0308613643956186        1.2155984565473648        1.0382902966407870        1.0487373788535563       0.82767782146887026        1.1027399068326267       0.92784088115848107        1.0188031528209962     
  0.47915118606685753        3.3586562237942083E-002   9.1976762314946753E-002  0.30113930212227569       0.25544678341625060       0.27963181525742248       0.12578735302492944       0.27220611759221430       0.82326180508967794       0.43994787911915673       0.41967202819946425       0.13710972061676865       0.28225097336515714     
   1.0129687382034787        1.1175272709727619       0.89125386567808429        1.0913026135482999       0.98548159842330896       0.97001516068283766        1.0134402863102208       0.91596316350565488       0.95569547108921404       0.92232659341791501        1.0190801422830582       0.89967146418300714       0.96346661380200060     
  0.49230146462089652        3.7607023708994200E-002   9.8119384903359586E-002  0.31384563180847391       0.27198430299289056       0.29226866051401179       0.13367349879109475       0.28603469012790389       0.83152428677929058       0.44767444088761221       0.43647195018908869       0.14873643439341136       0.30006400380099491     
   1.1039213995702541       0.92542316955324433       0.91000538330291314       0.91749934205360351        1.1657183488021132       0.90767923379203730       0.91266541984462657       0.96167302378805408       0.88963015071305962       0.99194318524262692       0.92680404516825465        1.1293511709063322       0.92706470004205155     
  0.50450515056091128        4.1849075274634620E-002  0.10439632876177320       0.32394950446096166       0.28825710500294033       0.30580434839529713       0.14149305542668028       0.30040425385873898       0.83912024752540149       0.45470724912622551       0.45377868148789158       0.16120662150994200       0.31598512880860385     
   1.0130368089903949        1.1343142745981170       0.97434956841699050       0.84404368034527155       0.96774985656653978       0.84754660318589703        1.0579949574981866        1.1821138511131033       0.97115152095480506        1.0570207371394487        1.0144115775952787        1.0940361610289864       0.86468363537813264     
  0.51635015317001021        4.6149253444866714E-002  0.11187257135267520       0.33525872371129650       0.30453681847495684       0.32159351024083471       0.15009990542703064       0.31558752873825996       0.84613583022889227       0.46078606773361219       0.47038228517665909       0.17280832000485191       0.33077229363878391     
  0.94597170631896010        1.0840964333262053        1.0262469168770132       0.88998097224874240       0.98585710021800943       0.95894724402662690       0.89181915612693108       0.91357401803656257        1.0346842717359415       0.91154897298362225       0.95459852950004120        1.0741922453568578       0.99827125626139612     
  0.52763326901060725        5.0594361852767770E-002  0.11992527495714396       0.34643691077931205       0.32056000813181507       0.33844309705989006       0.15944833994179752       0.33058001127567682       0.85274545324011819       0.46656747836288848       0.48585615697159368       0.18399019109474352       0.34636576443723588     
  0.89891665530930376       0.91149590049082396       0.91542054837078846       0.84028366527080067        1.0674740744190336        1.0211319667752239       0.94326344239259952       0.91241790292283520        1.0366730102516635       0.98458442760577236       0.98936545717360913        1.0371244385053775        1.0363052802119959     
  0.53845144265524425        5.5369310961363626E-002  0.12854223770084730       0.36210096816456699       0.33727180714432764       0.35512269115688549       0.16863778544012215       0.34510992308117727       0.85871646109840660       0.47224981370423125       0.50123008863559693       0.19587188652137921       0.36189657941465647     
  0.98394738695014483       0.89045435167381626       0.95867784010626711       0.85023405921651896       0.98998299262909872       0.91158301031963729        1.0036976656988541       0.95141814419242743        1.0449309905817372        1.0334540924098337       0.88535091999600357       0.96724601367208740        1.1285435157672796     
  0.55027442166665563        6.0534636576201228E-002  0.13669725109038869       0.37890683937231973       0.35434403427344680       0.37114511321853094       0.17803856033519280       0.35975764810573702       0.86419850238917062       0.47864618694365757       0.51701634917800821       0.20876152646834392       0.37865480007814473     
  0.84309350118404414       0.90503321389661806       0.98265371673780177       0.92254184392243899       0.96020371866923182       0.77431529732495219        1.0363886806652651       0.94869345939576077        1.0528722847740368        1.1416113134068568       0.96655224940706364       0.99929571027157504       0.94339533748724957     
  0.56191554994989690        6.5952596143574363E-002  0.14477301269139192       0.39481515064624095       0.37247048784348247       0.38720191969007522       0.18722748174508566       0.37553873634143553       0.86975407961311468       0.48530496148715424       0.53348918307334914       0.22389209249035039       0.39540844716647855     
   1.0040195498896340       0.81875059750157220        1.0065116548272135        1.0450517694303445        1.0575128493978145        1.1036113646572996        1.1127587821631424       0.83774003011504139       0.83496001093644989       0.95215397199532814       0.83106630081437782       0.93000978472313311       0.93888683532939432     
  0.57463018052349002        7.1659765798070804E-002  0.15339929783970047       0.41039217126553729       0.39088404852279207       0.40410414917820919       0.19664360207537851       0.39309502435612809       0.87537122245493593       0.49169836126373784       0.55007387468746916       0.24036554146471667       0.41044569992553265     
   1.0234983171539853        1.1237946427236065        1.3130424635114308       0.86249305521669362       0.97752758584491062       0.92415712934585592        1.0606339552472466        1.0369873879265930       0.90271045645237091        1.0392753310366449       0.93860774984177253        1.0762092774248817        1.0775236500980154     
  0.58729450320693710        7.7867520299786566E-002  0.16240159868707002       0.42638481335521805       0.40578479018147767       0.42208368080398501       0.20648283081442867       0.41104702277834265       0.88074605961824737       0.49803413168331290       0.56664694174718988       0.25754415379651296       0.42408213110566795     
  0.93698097248725498        1.0371249590061109        1.1098687782850281       0.98012550525642728        1.0641625334021925        1.0278242647902882       0.86705985820313258       0.90960120175792503       0.88383734043957485       0.93813275203637136       0.88103813398151432       0.85676028683780681       0.85721897516190004     
  0.59912614204526016        8.4820316230460949E-002  0.17155516382003022       0.44218488787154359       0.42042785091761808       0.44027698038619761       0.21694851099832391       0.43072493661104055       0.88564275434855000       0.50445996294190232       0.58432514901129951       0.27469942695297056       0.43834502919667467     
  0.99072690164753496        1.0941569599227632        1.0742407281698674       0.91920724276455745       0.99355633315031588        1.0280631112571237        1.0628210865232688        1.0256750455598096        1.0032604579192217       0.84712728747877286       0.95246084650152740       0.95976874678871926       0.94976275575270153     
  0.61115019932988113        9.2359269698867139E-002  0.18111943711998171       0.45790354394008981       0.43477382020357258       0.45838966675658860       0.22751003292529406       0.45369514712224446       0.88994992215877655       0.51146760748578612       0.60254638817429307       0.29202247094808131       0.45334129987636651     
  0.92572995595384466        1.0037864449752922        1.1337616461089290       0.87008171075794871       0.91475325032389077       0.95521023866475796       0.99772462789038241       0.94371536856788019       0.93854559931217552       0.87700498703735597       0.98452182140626665        1.0349580291721188        1.0138280252141159     
  0.62331338238927669        9.9897649734316474E-002  0.19080248091733387       0.47332780746690162       0.45008441081574768       0.47631710013294482       0.23792222536110558       0.47784334447340238       0.89397339095407569       0.51883768454781087       0.62093398745383810       0.30983886386594706       0.46843507419731312     
  0.95001067197479605       0.82750391926392952       0.98881940150808023       0.96014792361186918        1.1406270991991847        1.0472277809669246       0.97494017724090820        1.0678013998897771       0.93682518363365908        1.1959319992487312       0.98573186027950188       0.95093828456507978       0.99442181339916202     
  0.63601469252752829       0.10731827418817763       0.20199896843121665       0.48770300391772003       0.46606934237584635       0.49408741410810481       0.24798007714400064       0.50166869618305487       0.89805384451873771       0.52587923562077876       0.63937706131867977       0.32906192255353667       0.48461513601937961     
  0.92749466043123208        1.1563357721572673        1.0456960153986050       0.92096769395212441        1.0034441470378233        1.0073650211700018        1.0034857157972039        1.0250365515617896        1.1351218874694744       0.98481216423248286       0.97494905914940488        1.1343442016282614        1.1646886859808727     
  0.64895262858637415       0.11462788484664560       0.21307543287765748       0.50295707113512034       0.48017282953259754       0.51191013193068469       0.25813233960383880       0.52550088326205913       0.90214941098944534       0.53237816875509669       0.65624477987281815       0.34881275222322072       0.50072619677115193     
  0.93175990439364953       0.90189439760458212       0.99817982967988450        1.0139644825917495       0.91071445278808838        1.0169649012302033       0.83851728576058737        1.0121014973253768       0.87851204683099116        1.0467180143033625       0.94874318914208444       0.83734810067076915        1.0906320519476003     
  0.66194865936154790       0.12280291328392764       0.22414192639806671       0.51939797959612488       0.49215938150386784       0.52976869219106326       0.26914018548390028       0.54986870514354469       0.90609204122925824       0.53819864407782747       0.67225864033653804       0.36908330333235617       0.51562803600514706     
  0.87714371669637370       0.88808394275579694        1.1627360357040684       0.94327622293832647       0.83927130187147703        1.2872170146395534        1.1538248863172931       0.99740995992061243       0.89662217850600889       0.92183324174246051       0.89938572056552268        1.1866904988885327       0.92694771796570030     
  0.67478651606301676       0.13098051619315404       0.23461119349655332       0.53658875190915289       0.50444114971013077       0.54754546813422866       0.28047637138941517       0.56648971106083246       0.90977584411794155       0.54397492419645832       0.68821416564031379       0.38952724308672787       0.53060318625312386     
  0.94582401175300768        1.0659498585851850       0.99401678877442889        1.2177125814107108       0.94659990003724892       0.96206569482521409       0.77933430099558443       0.88451850444724922       0.89791035639743344       0.95668967872618749       0.90628240512778302       0.94195408163305239       0.96461573274440848     
  0.68745221687726876       0.13951502299459856       0.24498085571768582       0.55471033943012349       0.51824160773740813       0.56582131166191685       0.29200344781196907       0.58252559864546594       0.91353423616131046       0.55030294778373912       0.70500508325200328       0.40905442418886839       0.54729702170662842     
  0.90520248966283046        1.0369427282913810        1.0906546337713663        1.0583258859262945       0.98236870947284383       0.98604712103867076       0.81592093649587227       0.92885401972972970        1.0179808101475809        1.0617941586564033        1.0910433590759645       0.99085280718095825       0.96751657254053347     
  0.69949493842400023       0.14926252166662984       0.25596620113338286       0.57320631074818607       0.53288840937548443       0.58262315115032592       0.30453351769170378       0.59771760713084732       0.91713981575442638       0.55736491731665327       0.72293938491166054       0.42720083181275753       0.56492958432736640     
  0.92008012444690934       0.93200635180771185       0.91986795583949621        1.0124022492487095       0.85752342362037737       0.87300410718390697       0.83597062244314468       0.80559153916166271       0.89521003211361627        1.0186598211390567        1.2001276889886365       0.86041232217027019        1.0291854625300221     
  0.71117698282672703       0.16024724815116934       0.26782538584362281       0.59146786898409720       0.54666358031498608       0.59895408306814846       0.31835154652085157       0.61011841706606584       0.92082101203874589       0.56427025682900667       0.74096105628103803       0.44499755698985982       0.58339170087238501     
   1.1984494826703209        1.0942601599102428       0.85349788422313144       0.93373786658097191       0.95865806613835924        1.0837478137686749        1.1778849508339351       0.84100255669731672       0.99943856402666609       0.93945484911402122       0.88016727247639370        1.0242780324707781        1.1464691572671093     
  0.72307424581717916       0.17249879887823294       0.28117317493017552       0.60955273079612537       0.55909836185965744       0.61259495900954331       0.33275982599601234       0.62614127693931687       0.92456934934135593       0.57120472343660733       0.75838155749001246       0.46251759000263082       0.60018438828025900     
  0.93514127980477990        1.0458583844267979       0.90222332288123774        1.0021505867620646       0.96301565067292483       0.83579118556512888       0.91553684579835115        1.0072668606615518        1.0047828281341096       0.84454313880558973       0.95900716903916783       0.97834784593943280       0.91569686052396926     
  0.73388857229607141       0.18537497161568323       0.29478658300201166       0.62726409943937755       0.57231274225526263       0.62566315176744658       0.34780047880345000       0.64297418000833850       0.92807595278942545       0.57807392971753457       0.77388126654665235       0.48073954551832510       0.61666620017830154     
  0.83507307854966750       0.95813041046011993        1.1072105821355975       0.97649629956116213       0.89155036728145243       0.98372545450440307       0.89342507325549381        1.0005118142934604       0.92649804018094106       0.93995702074419862       0.80786759107382289       0.97113913076581804       0.92781219062926101     
  0.74276536037718333       0.19995754743323077       0.30885797050365033       0.64485180395061104       0.58715801554821190       0.63836423985618906       0.36403922068107003       0.65658697132723454       0.93141853711088862       0.58489245950222135       0.78770408853931739       0.49876686737467474       0.63390570358951559     
  0.94553875366012741       0.98592737173844314       0.92225658949014810        1.1165753827782807        1.0074873202875154       0.96653173103538581        1.0566479541981635        1.0931470483744212       0.82241875886536508       0.94722049168560629       0.98090249355405423        1.1530227802161384        1.0209439415604042     
  0.75143690865083979       0.21538288330641236       0.32314936671009437       0.66213633820393902       0.60262168998602084       0.65066300391455856       0.38058396857745830       0.66968605496987355       0.93450641118470879       0.59197236678368614       0.80090114561910841       0.51734785980448850       0.65257542075656771     
  0.85173578942947170       0.92644415377608391       0.90681352275631355        1.0311664725329213       0.89674060056768834       0.85472876463891445        1.0576495285649339        1.0590415426248481        1.1112712770651756        1.1314762454867804       0.90972841584358011        1.0833304814210396       0.89940474194974984     
  0.76019061947755517       0.23239913650225910       0.33790254340539699       0.67897688141844359       0.61728502569187704       0.66596530259044373       0.39698935958607834       0.68228466069951332       0.93752308138239471       0.59935090322119289       0.81348105681416649       0.53416194396492178       0.67200203119289503     
  0.88306067143688149       0.99704630033166097        1.0669041897328402       0.87100388796323247       0.89087413072524646        1.0644263155760050       0.97093614807383399       0.84986900182549763        1.0377160031838708       0.99193359903694134       0.91957431842814930       0.96629583459947488        1.1067268258983853     
  0.76891446701845600       0.24914971602413802       0.35263326027962238       0.69490934976581697       0.63397200922780750       0.68214565090436641       0.41352797927355817       0.69661424868346455       0.94046429809079257       0.60679728029607649       0.82719070781093462       0.55032819521570087       0.68995699883797856     
  0.90374297851692942       0.95406374206099032       0.89381776455143280       0.86676396100375619       0.84246101894127867        1.0060104429922798       0.88032199047033666       0.94596478276866758       0.96183848255790849        1.0112505827994087        1.0019589047775528       0.85632482378997410       0.82402402664837082     
  0.77970113816928366       0.26731185223601489       0.36811678380540297       0.71080251313716436       0.65234966560981900       0.69826123725758604       0.43030903117937808       0.71148832836743048       0.94348889545047609       0.61373726642667625       0.84116456040355714       0.56843600935720062       0.70528158363212945     
   1.0029384171895339        1.0240697235875458        1.1706928391841407       0.91165397074859700       0.99454051043525271       0.88360823577257119       0.94225918761067862        1.0172388842298961        1.0013335346354020       0.97945090427436687        1.0948986121076283       0.94568903334191767       0.98477120874010959     
  0.79245233405254778       0.28526239646393309       0.38428003224253721       0.72766613029057969       0.67013081807787556       0.71501828695038094       0.44743131675862230       0.72611430816262057       0.94661834637689224       0.61975852494497852       0.85443998050770065       0.58698299880295812       0.72022611153997884     
   1.0227017873473332       0.93316908949842814       0.98241436752054823       0.97017051568292079        1.1049876134121419        1.0037956142722664       0.98159478098581621        1.0268985194330191        1.1001240827571928       0.91986302111465246        1.0978184480753768       0.89658997070326596        1.0303315917840850     
  0.80451676821245111       0.30430765809644983       0.40096504056851751       0.74373038573432793       0.68752567806900233       0.73197798354609223       0.46332839159537026       0.73953612677984215       0.94971605490244915       0.62524431575542161       0.86708765489350081       0.60518126011457218       0.73580561124294908     
   1.0304265755952431        1.0216523769404640        1.1930086108764784       0.88043047982462552        1.0330529884352759        1.0325207159708443        1.0575978556952643       0.97681611244443567        1.0899582055484238       0.90643790845911665       0.91661449746982393       0.94942862019642815        1.0174755338671602     
  0.81664769572446760       0.32423127502136689       0.41878476364212908       0.75812651708303147       0.70408660409714374       0.74631055237764132       0.47961067918313766       0.75109927210834504       0.95284409377270429       0.63046695617183046       0.87904199237470559       0.62335446823167062       0.74905867684296479     
  0.95394630368954780       0.98447321488455208       0.92637167315545410       0.85171482891521033        1.0805865852270944       0.85374262574976023       0.89227959270155854       0.96726004491452511       0.89625065769468071       0.96600414420470615        1.2307425212365137       0.88915442731991212        1.0479331241330176     
  0.82864648259812812       0.34539479292897013       0.43778546126497642       0.77300947494689665       0.72063556106065219       0.76119519202188313       0.49652467097825731       0.76285383643850391       0.95593805769676676       0.63605457435081247       0.89017425753683788       0.64175617583070066       0.76183169827968023     
  0.87389596341400477       0.84208068118899448        1.0594668127989313       0.93092197789922559        1.0271262745941705        1.1662988163463623       0.92247820405813330       0.93190094777478838        1.2575962852306517       0.92938634473308235        1.0562337035129310       0.92465420793337794       0.88284176299391470     
  0.84050904136689764       0.36921810273819655       0.45844294870107782       0.78887874512284861       0.73623792131361321       0.77545626568565618       0.51573156134664411       0.77383550353809372       0.95843475096299535       0.64210295138046880       0.90046946728822563       0.65967379951896821       0.77530757195599609     
  0.97824846984918001       0.86249305521669362       0.95844541145969553       0.94892075356766148       0.95729367993471481       0.96910745886431471        1.0115343828902994        1.1165138978684677       0.89563994573292238       0.85032016035762392       0.92028734782606869        1.0342985742636890       0.93320265255754031     
  0.85158119458101578       0.39383253765178194       0.47848169033271759       0.80585523442358298       0.75244586912344313       0.78998552122616617       0.53756582690658772       0.78528534245276405       0.96037906092751824       0.64876792357259627       0.91006219376765207       0.67733317241015356       0.78719550097365742     
  0.94085233967205140       0.85516424174298922       0.84642927384313904        1.1380570030147685       0.90580337958535373       0.94338373606932557       0.88027068334220626       0.95671028308422645       0.82211741643068514       0.92380894495341515        1.0161587247581796       0.88902671430063784       0.79728233935188619     
  0.86320391220740456       0.41823956846729277       0.49943428732687778       0.82287802944109512       0.76883723077144350       0.80513497820348545       0.56133330363695733       0.79656202465939485       0.96228191269482533       0.65601755763430969       0.91943039933079407       0.69527829635407501       0.79747918200542001     
  0.96136964426444282       0.99056937303252379       0.89852306566450735       0.95202904392644361        1.0737305203225593       0.91810763374547055       0.97402751643736818       0.95168315933839487       0.89592630120371364       0.91052771174594660       0.96514767929470313       0.99189942349599403       0.78336595222128291     
  0.87585496358309534       0.44500080602622966       0.52061036697440954       0.83903355530027035       0.78447605443396429       0.82122182798709753       0.58582580854869470       0.80845253862967770       0.96414275784786718       0.66323297521908187       0.92796646943524097       0.71494995760924429       0.81420497785648793     
   1.3310608674213937        1.0938004143371898       0.94971916555268987       0.96952834671746613        1.0898491264509715        1.0513201569955579        1.1386198069171225       0.85544185504158432       0.75940358164668909       0.90683395255482357        1.0543239966805800       0.89627734403214410        1.0377995348199993     
  0.88820157135802669       0.47476168694485837       0.54526628910111574       0.85473985429411359       0.79938590522510367       0.83736243111135966       0.61077672191279153       0.82044969101498533       0.96585807407990931       0.67158039112088475       0.93440633891108849       0.73740531021637812       0.83107164591712313     
  0.99902489671182926       0.89649976135178122       0.98631516794149843       0.97057864616627609        1.0470917060251155       0.97288752997914552        1.0944810888440415       0.93099688964688143       0.91725803895652802       0.97084593705126176       0.89356817330336746       0.96145059299505253        1.0121014973253768     
  0.90033372441083992       0.50884430860163476       0.56950031624902486       0.87162597461933911       0.81480904782598618       0.84877936673723531       0.63663637272289297       0.83297302233093196       0.96779559728947784       0.68000935497723758       0.94009257998509488       0.76221877975713459       0.85011463096647233     
  0.98097272660310919       0.95707963693489995       0.90312639776729342       0.97189885346150895       0.80656247763941635       0.87662490453588970       0.97009594201230787        1.0444520023128971       0.79755556798991534       0.96650472889641648       0.88819813617870813        1.0701458819685552        1.0432106740533822     
  0.91203227149771238       0.54816568525274034       0.59453349724211035       0.88823971766477428       0.83172175571934781       0.86047877606076106       0.66386359223882430       0.84757350928827058       0.97030143811272729       0.68807506243895278       0.94621068027809041       0.78736750515112586       0.86640067080157079     
   1.1466566559826212       0.90395745531599958       0.88176881196993095        1.1370664355997446       0.99333190123438275       0.88756018444796470       0.99222775621859605        1.0548134466577359        1.0866331181337059       0.88463247791683153        1.0123352093384024        1.0885768739228385       0.96837510972230034     
  0.92398719747087898       0.58890372906997324       0.62145762842181607       0.90360623508188531       0.85021916726812408       0.87165365035594433       0.69165965570679111       0.86212389541958590       0.97297827472687137       0.69670994867319236       0.95175943558650922       0.81232581282650496       0.88132664224909540     
   1.2614770451323010       0.88951020958073623       0.92939182970078116        1.0822721334879661        1.1784624607238245       0.91108723334728947        1.0766760174600956       0.94172937188399919        1.2537595031724726        1.0446576844380382       0.81681975045789601       0.89108833161764200       0.94904515537157186     
  0.93509837670516571       0.63222680066548254       0.65213381453678665       0.91489302047553400       0.86928714148377373       0.88399436927419739       0.71907885553587070       0.87664057188005085       0.97575896254476269       0.70645329157867065       0.95715291757648080       0.83700969212919463       0.89583117401297852     
  0.97027755136301352       0.98098107823222813       0.96090806542952922       0.94760291983668377       0.88900202192265154       0.84133640836785228       0.92110704678245003       0.84863795512348716        1.0479445969367078        1.1013035845875441       0.95772632338058095       0.98393014904559895       0.90058533500636007     
  0.94488131270314935       0.67733016164087889       0.68765708892582722       0.92556735145151880       0.88783117716278737       0.90132516663496687       0.74703649708243913       0.89243617480125292       0.97860319422956965       0.71698078713085944       0.96328945642904718       0.86174049047846646       0.91070739366519637     
   1.0465378803012333       0.88426884224793856       0.94479883948480925       0.93168570362807113        1.2001648606177002       0.85833513143632367       0.90034524438033903       0.95520332326654733        1.1399311875765485        1.1408735082813357        1.0912503414513823        1.0983677886943737       0.90418781634467238     
  0.95397064945745869       0.72450122890499924       0.72818351163290806       0.93599319970118577       0.90565468501097568       0.91777508577367328       0.77289481087099177       0.90826398394854668       0.98136256211702311       0.72946203565358725       0.96938281331496690       0.88642556079136536       0.92634038741537250     
   1.0529423547678425       0.84264571012485423       0.96269073964339569       0.89792895725003774        1.0559419384152111        1.0471997585131496       0.88736478474811831       0.89996494013998285       0.91439888668690561        1.0264910012147475       0.86372198357190744       0.96344860735395477       0.89725392653063141     
  0.96279179570432871       0.77416795902650826       0.77350520849627635       0.94670369435052515       0.92310351360004728       0.93358384471780009       0.80378671464465401       0.92415996375421394       0.98464569843094507       0.74569774791917620       0.97546927763079394       0.91126940915992249       0.94195507848824522     
   1.1616985196097649        1.0053828246278897       0.90289326733531639        1.0426674408647092       0.89502885110052233        1.0003194916820375        1.0051696556530958        1.0058455104050323       0.94944196138656656        1.1603369422046184        1.1848324333339273       0.92556475384667158       0.91908145768300853     
  0.97225630710109434       0.82967643379700684       0.82124634758866155       0.95947246780216544       0.94104564191590079       0.94984854641177141       0.83905266773123577       0.94085291241928237       0.98802042040247839       0.76968968692603346       0.98112475350219230       0.93443744530936490       0.95557520605122737     
  0.95657497353550591       0.81524871928062415        1.0889013442117579       0.98756161800897357       0.92982541192378032        1.2255470954163064       0.91868047082888571        1.0522004629607999        1.2919127379334912        1.1455329532040164       0.91426672770466189        1.0648277771596062       0.90355695946814230     
  0.98177438678280704       0.89059805424054461       0.87351093520440448       0.97402457792157493       0.96037904114554473       0.96575098528376280       0.88115416767781485       0.95729809475104555       0.99172948073022038       0.80420175051457710       0.98673566701334192       0.95643145462386214       0.96989418358753932     
   1.1973588925549508        1.0128662665358441        1.0967767122664676        1.0739581141884260        1.1013385975528256        1.1270244629955046       0.87358096478184133       0.88141367687417616       0.96443551073265743        1.3580055644267557       0.97292725191015372       0.87757098535348477       0.96735989424039925     
  0.99088995073846731       0.94807862492782780       0.93398483317075509       0.98715888870497870       0.98037930273594598       0.98165866456389694       0.93402296766918336       0.97895285799498721       0.99582058429461318       0.85854777197337195       0.99258090224843654       0.97827163316198384       0.98451768596083211     
   1.2931642758520858        1.1521499061527007       0.98236067706127683        1.1064448430903973        1.2156378177996918        1.1219558600438411       0.98995431824415225        1.0753960341445481        1.2748750321599429       0.85417680890375647       0.82313626721940092        1.0298681925511646        1.0392992057573267     
   1.0000000000000000        1.0000000000000000        1.0000000000000000        1.0000000000000000        1.0000000000000000        1.0000000000000000        1.0000000000000000        1.0000000000000000        1.0000000000000000        1.0000000000000000        1.0000000000000000        1.0000000000000000        1.0000000000000000     
  0.86876130401691121       0.85224266816372651       0.91892395153032591       0.96370350680346917        1.0634428125826230        1.1266914744861951       0.91344457742142615        1.0166882172800595       0.81861391643506121       0.82278994863112542        1.3190484338789887       0.92976104033327234       0.90074000964439060     
   0.0000000000000000        11.637675551567078        4.8580707346197762        5.5153222603837975        6.5756723766881571        6.0427469315278062        5.0312867630780982        5.5576383292174452        0.0000000000000000        6.7618983721539516        6.6885970944172497        5.0227827903379474        7.4399376927504814     
   0.0000000000000000        4.3001022215929003        5.2018906040325028        3.9238737413067586        3.7879838178725547        10.732920618955616        7.4416786897490841        8.0796193029321550        7.2230854954251722        5.5570380098102081        8.3500871695088215        7.2543066839988226        7.2667872949639660     
   9.9864656515838011        2.7678268903724295        6.5935380907553611        6.0482707718121587        6.3039005998352886        5.1796646988836272        8.3746409384797751        5.1187584916870756        9.4748170607114819        4.7234259838358206        8.0216982200954980        8.3399665248297481        5.9019421082513333     
   5.2329389240745652        1.7003468219586544        8.4895686056872481        8.2397583322435963        7.6669210325849706        8.6109329731341173        6.4901294998369172        7.2137630122874237        4.6716156839366416        7.9580727417758403        8.6325352536623807        6.1052703977757465        4.1749850006641234     
   5.1320512125673101        2.7726501746941032        8.7325937915387026        6.3958979425708593        4.7706151610730458        6.7371954707888095        7.7196586783481145        4.6192780035163521        6.1674965976786513        6.6949074381835318        5.9033205263565280        6.2889955742096371        6.4454094419681276     
   7.4783032574160133        1.8988014551856327        6.2987234309330544        7.6848049439173307        7.8649159707950398        5.9358672074788279        5.1399180659959560        7.3162281262180624        8.7645088492169982        6.3384175935933769        7.1046582810227950        6.3567894418180071        7.7888852518826033     
   5.4697023104533482        5.8036727745156540        5.4641458487369903        7.4270681726256722        6.9903527051653160        5.9571736007978702        6.4441594025657762        6.9147508663699897        6.9510663932099117        8.0706702250937656        6.9592067752587932        7.2219574047182640        8.5548443517016199     
   6.6018871532687031        5.4593490460883913        5.1463722908009260        7.4578266324199465        9.5239500916378059        3.2883087466364760        7.5708967399235014        9.1907734565419439        6.2490642615133654        20.225846607284971        4.4474748313876971        5.1280019499556229        4.7330607372481550     
   1.8887013018730584E-002
           1           1           1           1           1           1           1           1           1           1           1           1           1
   1.7237599597956423E-002   6.5854213951046904E-003   1.9056208218600546E-005   5.9432255394770017        3.8250698442548884E-004   4.5742884668849780E-007
   3.8631046008861603E-004   4.0362447433732744E-004   6.1746320539945201E-005  0.59707183897884264        6.1729679554186907E-005   7.6159270446470286E-008
   5.0000000000000001E-003   6.8227834966038596     
