   0.0000000000000000        0.0000000000000000        0.0000000000000000        0.0000000000000000        0.0000000000000000        0.0000000000000000        0.0000000000000000        0.0000000000000000        0.0000000000000000        0.0000000000000000        0.0000000000000000        0.0000000000000000        0.0000000000000000     
  0.21836486233884325        9.7558461299021776E-004   8.2984292992124373E-003   1.9972834208416522E-002   1.5539881349531555E-002   1.2466147831075193E-002   1.2592474532782722E-002   1.6059859712255004E-002  0.49115675889126847       0.16157761092024062        7.5835015623326008E-002   4.6674093163266402E-003   1.9673881383561180E-002
  0.82291708643371231        1.0959708926227243        1.0772889662812040        1.1951232959646665       0.99297559810440617        1.0359105372142068       0.89188947157232412        1.1022750985505800       0.91063403877651539       0.94392583757598114       0.91552116087511826       0.89192696021970563        1.1444477606666887     
  0.28258620521563688        1.9770742134371877E-003   1.5613868224734208E-002   3.9509629986850078E-002   2.9667261595395539E-002   2.5044366755377502E-002   2.2002801323396437E-002   3.1298237229171286E-002  0.59822088437403564       0.19737274427794330       0.12683506251043808        1.0483298644291908E-002   3.8591593506856751E-002
   1.2878875148352491        1.2928451068429712        1.1945348655218522        1.2663803526213426        1.0259977455802773        1.0962112681640184       0.98740674449431043       0.98077686952061260        1.1198491585867507        1.1564174705057513        1.0432758631436694        1.1779229041480601        1.2880363350156332     
  0.30615772749044162        2.9990902126506144E-003   2.1942641263988642E-002   5.4405761644533292E-002   4.4103873091331278E-002   3.8191068513215333E-002   2.9136867808411335E-002   4.7244379884664782E-002  0.63351098760923630       0.22037405657750561       0.16529478178960169        1.7480299506211473E-002   5.3859776987691656E-002
   1.1280703494037290        1.1635355280394701        1.0902247571589228        1.0817756302166059        1.0826385599221700        1.0149556642479334       0.99394665349963784        1.3489546046656467        1.0226277674526141        1.2339987895274518        1.0181173703051605        1.0879149271540061       0.90113622832596763     
  0.32701372718075805        4.0139187426655116E-003   2.9178891518952504E-002   6.8376568498711904E-002   5.9890810345266651E-002   5.4883155005968028E-002   3.6011097129093561E-002   6.4015662058096487E-002  0.66277740191188772       0.24129907974318099       0.19992627933176463        2.6018204384760588E-002   6.9496157587930513E-002
   1.3090040478830833       0.98365432997574187        1.0140691430043969        1.0451639665808539        1.3491021205543581       0.93065539079619619        1.0626385747034213        1.2329931026672232        1.1266751428563411        1.3973180710860866        1.2463550808147486       0.98726623420367077        1.2332527398688942     
  0.34808653320085009        5.1878381366972700E-003   3.6899932485578046E-002   8.2333814079124323E-002   7.4413784999346810E-002   7.2381998263008798E-002   4.3477854175488530E-002   8.1677185320644649E-002  0.69009870635230364       0.25894448389394953       0.22832645681010483        3.4177530046020345E-002   8.5939301866721440E-002
   1.1397916072321663        1.4385992160478227        1.0688508509186199       0.97659681585661073        1.4377766238630250        1.1934895801779246        1.0749326290522685        1.2225194225464746        1.3259878464342780        1.5438389641458807        1.1686281759255639        1.4261640355200511        1.3295366803702537     
  0.36743596963760022        6.5019965853502990E-003   4.5348941971968877E-002   9.8545030671143827E-002   8.9808940352668898E-002   8.8295086452969532E-002   5.1486540047560383E-002   9.9759591655711397E-002  0.71363616625483828       0.27184684876964682       0.25420733578284710        4.1564095684046426E-002  0.10472617580406314     
   1.2241148580805146        1.0919492544571305        1.0650765165852600        1.0618401049207189        1.0975751935685849        1.1192434612174680        1.1389872243092805        1.1069267413341592        1.1924272578845134        1.1765427701450384        1.3633983929559483        1.0898001900357503        1.1883884502016395     
  0.38575018820259216        8.0536356988929868E-003   5.3841451355629677E-002  0.11645523090460806       0.10572750176179262       0.10359638770902151        5.8470850357622048E-002  0.11734146978625432       0.73323996614360520       0.28217856946811387       0.27570215035644835        4.9446682971957853E-002  0.12714088946152577     
   1.2364504390570721        1.3595591421136644        1.3454737756309307        1.1440425108050398       0.92301545175934629        1.1100235082027499        1.2046742166729854        1.2537720906905698        1.1485774942514366        1.0886594221098378        1.3320894475439220        1.2133185936158133        1.3997615614497008     
  0.40485487193642511        9.6886927302065797E-003   6.3443272931012387E-002  0.13505178229990650       0.12325253838464927       0.11940604170463284        6.4130380290363137E-002  0.13433036104692814       0.75017634827572210       0.29113270515559814       0.29189566794641436        5.6637715609454062E-002  0.14770653172675741     
   1.2569846986935445        1.3493691784078903        1.0361778959069543        1.3365601123451540        1.0099201079117981       0.97177746857744818        1.2525366486411804        1.2391493617751654        1.0752149113194218        1.1169999534959785        1.1911915449389001        1.1913174435775602        1.0417708521791715     
  0.42183260314158438        1.1403357928420135E-002   7.2462301183410169E-002  0.15193209230023480       0.14039309707677605       0.13602470239249756        6.8770409270066377E-002  0.15149272060774813       0.76343825404765475       0.29912976733553270       0.30626179601623155        6.2905425597628017E-002  0.16673700697560248     
   1.0494742869279035        1.3264717058549458        1.0773051600901706        1.0595981329665463        1.2242072585745443        1.1681039580815247        1.0290477776123115        1.2027129811500783       0.94225884442128094        1.2474271073642422        1.1255617846099175        1.0383756679791041        1.1842688332230560     
  0.43907111381372133        1.3272717061782482E-002   8.1016436493038010E-002  0.16718549083377904       0.15559292022992302       0.15236693220908601        7.3343518585598677E-002  0.16896612752985923       0.77436185643831779       0.30693041549035793       0.31951926138079878        6.9798433007174809E-002  0.18624053278230621     
   1.1907163222331381        1.0732479150725918        1.0514259291717822       0.97341587999690959        1.0974777310277406        1.0976174355885815        1.1121247388597826        1.0843819603295244        1.1753041569338025        1.0216893520545876        1.1354990778226330        1.1871988583706405        1.1431133752443845     
  0.45611343975374063        1.5289818785439040E-002   8.9074360511625469E-002  0.18174815615268483       0.16994672070465749       0.16846532901799774        7.8192178334366494E-002  0.18643787966711006       0.78434008611108730       0.31432015836630578       0.33220641052262956        7.6583693344955919E-002  0.20536924665396292     
   1.1266535499624597        1.3273334921988253        1.0480589118855088        1.0118751539221615        1.2515970923891597        1.0244322914451132        1.0573401644422182        1.0495945166731695        1.2496918117327240        1.1846509849995097        1.0789332845547865        1.2983227943992635        1.2640439022459318     
  0.47332860706564678        1.7440894974389720E-002   9.7461159822672255E-002  0.19687908952525165       0.18272529867939097       0.18385867377881582        8.3064153376639360E-002  0.20430571566922165       0.79420659807516170       0.32051838448272707       0.34384174532179768        8.2157320003916609E-002  0.22164325194746926     
   1.2333753503721310        1.1659903878448781       0.99238735657804067        1.1145851369634223        1.0141375721327637        1.1194566318949968        1.0591835638717870        1.1719966944327163        1.0486319807521876        1.1142732988871100        1.0781427739832841       0.92193472320464986        1.1755387494792304     
  0.48914516089332710        1.9698689493186521E-002  0.10639866954851857       0.21307551169444436       0.19586304748435632       0.19851427234736757        8.8522568905499477E-002  0.22299974481186202       0.80346495772113335       0.32725746906920267       0.35464297726386546        8.9691430759012925E-002  0.23617051212608950     
   1.1684005004077054        1.1319558200798079        1.1161234544004215        1.0672102584757908        1.1284175286660867        1.3231467146599600        1.0246495956713104        1.1603799040138318        1.1045072734293637        1.0912824798257899        1.0459574331939547        1.0520601513104235        1.0193870039955564     
  0.50338898742282256        2.1953995537708132E-002  0.11664625629026257       0.23057801567712524       0.20753049303930735       0.21545661919454745        9.4542631426897297E-002  0.24149854068348689       0.81321245330877656       0.33414099583384604       0.36584505693117564        9.8079124732822209E-002  0.25012857071987959     
   1.1736568223626038        1.0921023404643775        1.0665165909826249        1.1708927757998526        1.0833888940625873        1.3949147861729656       0.94231483910771874        1.3289151325718165       0.95843288763253032        1.3188341670932133       0.93034078932989417       0.93908973257804551        1.0113170680278987     
  0.51548009798870065        2.4426810686791815E-002  0.12733331103537499       0.24970517968874559       0.21948177068740504       0.23519583613741410       0.10124926077320773       0.25919832116044211       0.82243735333720613       0.34134860069908657       0.37854187629968811       0.10691318482979677       0.26417966262121434     
  0.90905609487342431        1.1108218802674885        1.2739226518521851        1.0327780132243669       0.97960166655366776        1.2547256701656231        1.2529517380276050        1.0393464303174238        1.2274471357720020        1.0396429309801893        1.1328692847739026       0.97323932968624560        1.3299074995512081     
  0.52575689137254766        2.7062056622289263E-002  0.13807889065287404       0.26851466393434420       0.23215196349704267       0.25483457212068611       0.10747703586842307       0.27221036331448040       0.83065584031620632       0.34906315778797192       0.39269957320662219       0.11568630372682269       0.27849222070974278     
  0.89566548071362106        1.0196789119920728        1.3291870432400537        1.0299842407851756        1.0611983079140708        1.1309291487822737        1.1766599480319697        1.0951368007430382        1.2454036864170608        1.1541927859464653        1.2076114683307748        1.3173231290039125        1.1658243832359372     
  0.53890128904264623        2.9892817981678747E-002  0.14777612601499013       0.28570806532092036       0.24756326123441225       0.27248304015244801       0.11430917848066317       0.28726078218763751       0.83850491367894542       0.35710940151662324       0.40547177335338191       0.12511432583379259       0.29089710107215289     
  0.93104491128493450        1.1414926380918424        1.0288857474384336        1.2673853090263318        1.0877863513183983        1.1598744785886081        1.1759234189121599        1.0336430657756510       0.97245145716274284        1.1610308280038373        1.1205484742816962        1.0948280709159370       0.96464180633273788     
  0.55393406377867249        3.2863147647643733E-002  0.15751073712048203       0.30232082556641926       0.26556553351528422       0.28741292564438220       0.12122307582052930       0.30473801081412777       0.84569212008806338       0.36576958994124559       0.41819111779043078       0.13582908427317453       0.30282422961345323     
   1.1404252686755536        1.1989957060150325        1.2396313387022782        1.0095177148155323        1.1578986575233399        1.3745515016574563        1.1482670014623473        1.1161096160108028        1.1915934332393050        1.4689658214659034        1.0133606149383831        1.0119384226527368        1.0397424184482564     
  0.56936799651176795        3.5997219078970952E-002  0.16756904945794521       0.31928208495671712       0.28396448319771728       0.30081119849804488       0.12811811824230049       0.32249296678551392       0.85231084422836290       0.37234618862744517       0.43123021364259206       0.14764954807832356       0.31408908049370365     
   1.0791286317181330        1.0453888289921971        1.1800850309840907        1.2600160876677993        1.1976470661775565        1.1241849427024253        1.0300167321884872        1.1049086156348282       0.96286021295544000        1.0469721940296930       0.94782710068874609        1.2627095855025212       0.97970628718556629     
  0.58364173783787543        3.9499509651848161E-002  0.17848262701124751       0.33631144787799699       0.30164513026925960       0.31496063469856556       0.13546753879232767       0.33968726701616764       0.85830535990553702       0.37849481956709496       0.44479912564737556       0.15940106826078737       0.32349855034403474     
   1.2657295725089195       0.97758522271933224        1.2720643363092186        1.2654686729165345        1.2954220050589880        1.1576926536137995       0.97195984177309491        1.1866156894470674        1.1290970619973970        1.1195655425916990        1.0280414785401037        1.1911475083759293       0.98677791280758942     
  0.59755754431754282        4.3301914415551090E-002  0.19071108098259620       0.35447336285276665       0.31896036494036833       0.32998867595662729       0.14377005726167078       0.35576872820214051       0.86465196952191525       0.38419824541624537       0.45864792398397375       0.17171669736624792       0.33324045819761638     
  0.94124875512091299        1.1388372841353938        1.1271845632337592        1.0584771523214387        1.1049812048604883        1.3153191080075970        1.0221817515264200        1.1185937029900801        1.1965251037585483        1.0757123762192886        1.0257693633829550        1.1249197810440010       0.96671053098875148     
  0.61161742379239525        4.7247949505790039E-002  0.20356838641216468       0.37295425918416619       0.33407635727608509       0.34608122332313468       0.15271042331197521       0.36948787280461992       0.87083238872285862       0.38958966600232919       0.47289124582772912       0.18627216079087988       0.34230004021346216     
   1.0284077411863926        1.0387264642244769        1.1797934359355751        1.1906924094957212        1.0152865089541478        1.0546479137175173        1.0332937326740392        1.0939454508714015        1.1413575461547727       0.96541731219398830        1.2510096538172599        1.1557893633479162       0.92874694430463212     
  0.62622763083163402        5.1225099243777994E-002  0.21688196249786790       0.39131581628519613       0.34935645481221111       0.36198234308752575       0.16220325061906804       0.38222498926734888       0.87651477767326502       0.39455559331532014       0.48807645984870685       0.20136288123683688       0.34931843140708746     
   1.1497906043080881        1.1522253293247513        1.2668392687281835        1.2330054317690871        1.1964233185523412        1.0853812387176567        1.4238546296577241        1.0838792434063822       0.96137450755146314        1.0009953497313906        1.0750918506444653        1.2324949205784312       0.87673359381072224     
  0.64091060695595159        5.5343751012994546E-002  0.22975737301225355       0.40889972006507252       0.36553593603142109       0.37689543953647608       0.17153434256730463       0.39383619155486893       0.88172176554776016       0.39988097327289684       0.50425556287273177       0.21666433406740762       0.35883633270647375     
   1.1128363957285989        1.2504525338862089       0.95261980455827822       0.99350119976492723        1.0483997417254485        1.2364082654916870        1.0654894935234742       0.86777340678274839        1.1443392651476174        1.1101450606579937        1.2053527352519005        1.0520027804267718        1.0761202929229157     
  0.65489085696995486        5.9865757732169761E-002  0.24199697420978802       0.42615734057546817       0.38286525793379811       0.39281165794823830       0.18100208802838652       0.40750620204224047       0.88659464566209567       0.40456804529707557       0.52124793215382526       0.23265962411862728       0.37302264368603882     
   1.0864625489545943       0.92712488064858600        1.1577434191967699        1.1248850373748795       0.99892773764278564        1.1894384281746044        1.1033847331304565        1.0248452264678725        1.1127583550465829        1.1304362979023044        1.1710843624160083        1.1476730790629266       0.96067445228987747     
  0.66740917986334314        6.4913956519349697E-002  0.25462841531214148       0.44267651637795535       0.40210030609686254       0.41193156122454710       0.18976367826663837       0.42210620552245759       0.89137676515395325       0.40925756109636641       0.53930860326710550       0.24974427103424024       0.39241132823937863     
   1.0101042664899100        1.1312181958070455       0.93674717104922023       0.99857505845593386        1.1636981971142952        1.1809326175772814        1.2001850653582162        1.0555958306944018        1.2387386821283743        1.1283889209949518        1.3040026133141336        1.1546548722459919        1.1657982526087003     
  0.67842421134677144        7.0253892410534161E-002  0.26745804671456486       0.46009790357798397       0.42191644472577500       0.43044545551577024       0.19739483464939397       0.43703835940488184       0.89629038967487151       0.41384576995363886       0.55755722158142351       0.26544400368812732       0.41024511352628779     
  0.86333305329002274       0.90787249456568564       0.96277686325426226        1.0290545020569815        1.2414037968349760        1.2508252599407319       0.96331624948567829        1.2101258729271001        1.1020808873533565       0.97139158582260920        1.0290595907795883        1.0843741038826158        1.4431653332478360     
  0.68900368811410417        7.5254969154898849E-002  0.28247811930450939       0.47763119793457098       0.44199059597806606       0.44535787175075631       0.20478749152038431       0.45267439508865803       0.90072566305214163       0.41912673098380981       0.57614232071217009       0.28133242491871707       0.42766998710547166     
  0.99208737414910519        1.0806080547396359        1.0656815440352356        1.0677254887175625        1.2819106820515860        1.3080733100760993       0.85676267555199959       0.93603072112611219        1.0704220157986035        1.0717784404945183        1.1504896593260034        1.0956852339012970        1.3129338760681517     
  0.70088582436120095        8.0488204733098617E-002  0.29854596213085888       0.49524300436538221       0.46197343493073673       0.45896604935687829       0.21196551087528101       0.46791081717721017       0.90501939742663939       0.42482587174090913       0.59512623938187115       0.29887539704216587       0.44455907395030003     
   1.1005027451682412        1.0662164904837297        1.1456462232970985        1.2088138217597897        1.0555015802135828        1.1846207022444826        1.0964449456822116        1.1742397154214730       0.99821626076399983        1.1133384025652053        1.0272958373411500        1.0774872573818166        1.1587353472123481     
  0.71093993159474667        8.5869272103616029E-002  0.31504236858957069       0.51318693535638726       0.48136912809294019       0.47150875861252245       0.22006104784682307       0.48287350065178536       0.90891460367798582       0.43028187365785325       0.61202239501847233       0.31646352020580837       0.45819480022319831     
  0.98278524290986702        1.1657605913552078        1.2922385606925602        1.2233317841085165        1.1109481160832761        1.0187757089076446        1.1115877775969931       0.96716912743374805        1.3932899032140986        1.1260845893578006        1.2432520367327828        1.1123163907158933       0.98873444094592378     
  0.72038084365257282        9.1597700132152071E-002  0.33189459918510639       0.53129628662114403       0.50055522457430113       0.48307536070962631       0.22909257839425395       0.49800787475793717       0.91252888839703039       0.43520504171011293       0.62828769952604324       0.33441153594912731       0.46859481925249874     
   1.0161024737089324       0.97913696693186358        1.0335575993774715        1.2504349315823327        1.0603096276831134        1.0697923532756128        1.1066527074810157        1.0938234778029090       0.96083329684042118        1.1413380723140705        1.0775190342595804        1.1249968718162804       0.88656550437863380     
  0.72975746651272866        9.6768181580820373E-002  0.34850730472243224       0.54928416371288102       0.51832605068321680       0.49470356042467617       0.23955309575054801       0.51381878073355558       0.91596208033744220       0.44012807060638509       0.64521964022761635       0.35268287409600180       0.47891354179748552     
   1.0591194627993450       0.97099570482029796        1.2339404286182483       0.98756165007578456        1.0654006291044096       0.96957228554964325        1.1347020708940059        1.0671227561182626        1.2071827169613698       0.95371053823304797        1.1698997288502839       0.96218471019210183       0.95034138426706816     
  0.74136067004253370       0.10168989223115564       0.36530713583806779       0.56486154941456079       0.53613890269008280       0.50812876444399802       0.25126792095455697       0.53018328606926279       0.91915715566541434       0.44562542667049942       0.66196227009812170       0.37205594714011647       0.49031538488322185     
   1.1842601056627260       0.90256828754511265        1.0912827912949332        1.0502999459524154        1.3174610612491708        1.0697476240446202        1.1385908494030474        1.0721031796384517        1.1264785542000244        1.0284162587736576       0.89647040092558128        1.0944640762899036        1.1102504680501544     
  0.75248280793182687       0.10858543182727433       0.38316237391615010       0.57694352386262160       0.55516992912821939       0.52348026754208221       0.26311347285907516       0.54688664545049814       0.92237191459686929       0.45072409689434390       0.67855659118006351       0.39328678930236216       0.50310056966381556     
   1.1040641319397877        1.0106384732205960        1.3474294282210910        1.0957922911373186       0.98745135273754181        1.0432531265140286        1.3118961809138210        1.1243514941026287        1.0362773266885317        1.0207783491889844       0.99215977195599248        1.3485495615925345        1.2258742991737999     
  0.76298095881869421       0.11744992751476530       0.40240790061619208       0.58823947760576978       0.57328183872891392       0.53724083619777518       0.27545153578652415       0.56337646111353967       0.92552645307482095       0.45542727430030328       0.69460584323305752       0.41533755691545304       0.51657536421359418     
   1.0652452766758922        1.2034317016106924        1.2064848924071980        1.0425812030962489        1.2504322012964313       0.94124791465080826        1.3765807750572132        1.0409199945338805        1.0511939049408663       0.86834401063136069       0.95743266118202996        1.2811038819938392        1.0049738176449132     
  0.77332377585792567       0.12706065980210349       0.42221408767236351       0.59853838210445853       0.58984854759822203       0.54801273962560637       0.28765828856138820       0.57857418951375272       0.92867150938532972       0.46121311779148899       0.71052671102205189       0.43610714001967404       0.53136199995087818     
   1.0158177215273372       0.94514960258555980        1.1506974515202981        1.0578446613224901        1.0401139503037959        1.2412629178431842        1.1269372182871551        1.0983900130010049        1.0934490720698760        1.1083066239130399        1.1331646055684732       0.94765057621422821        1.0480590744422393     
  0.78304108237980707       0.13694666584481488       0.44209898517907203       0.61104376964879481       0.60460763788432870       0.55847557416646454       0.29947834743221075       0.59309631207120372       0.93180598765787837       0.46718011081488553       0.72615248348388850       0.45548865852321191       0.54729508147657757     
   1.0708012217610241        1.1945264173143344        1.1735644252076058       0.86836191937492946        1.1508508541054405        1.1241046088636086       0.98509654391380963        1.0618037075441740        1.0224048384561679        1.1694696506494537        1.0377732353690012       0.94599467902427814        1.0801008874653233     
  0.79263129141735034       0.14717614942674684       0.46074301576373256       0.62398151882257458       0.61920038745254968       0.57106043027358311       0.31143931320948209       0.60739819820408902       0.93499060985615634       0.47322143166742731       0.74134624206682032       0.47534720742617881       0.56290780591588097     
   1.1093811793491917        1.0614399614229952        1.3564765585144885       0.90433494792858515        1.0607959882686537        1.0116388400776086       0.96857037826247483        1.0916122852545407        1.0811564149605808        1.0669006824271234        1.4171957839255742        1.0271851386566715        1.3674626931206122     
  0.80190957296885523       0.15804352662473770       0.47705745322437715       0.63697370889864158       0.63428502719383406       0.58345927465828151       0.32420258631127147       0.62267588985379263       0.93794677401884263       0.47855690002418133       0.75904535919165905       0.49577490065591734       0.57827503449385875     
   1.2716816288967596        1.1344409764741572        1.1778007763821599       0.98214066381979781        1.0731173128545812       0.93950474782355831        1.0271042465177034        1.0252489519205450       0.95901536643912844       0.96906999356520385        1.1418576721215761        1.3868524906898270       0.96006281332424892     
  0.81034219354625570       0.17210290665879441       0.49054461627807244       0.64885482766807701       0.64924788674226042       0.59484970798453252       0.33795787609827022       0.63870910663694314       0.94049072976137105       0.48443595511807863       0.77462533258408095       0.51493241669343337       0.59364879081648270     
  0.93251677533514432        1.1747507584081571        1.0249045286261664       0.97669431936792173        1.1101679646450198        1.1016222268931717        1.0495247316630951       0.94132430127000444        1.0457254475868143        1.2143261036868771        1.2061694930273705        1.0071159820503124        1.0251673890621180     
  0.81731380253752561       0.18642387473281757       0.50294237649499407       0.65958689414091642       0.66361424411543168       0.60533962384336071       0.35199153331642208       0.65267215930885447       0.94308991789857310       0.49087594577576205       0.79005927845518320       0.53275127884584961       0.60890256678668742     
   1.0545691503228196        1.0464493129345516        1.0960098373286182       0.85333946795504290        1.1407152778456744       0.93450259331690588        1.3567798382309300        1.1677015489516971        1.0170846523063246        1.1247882689119399       0.99028074555025347        1.1198421628080437        1.0471500199925439     
  0.82335154643295039       0.20493934414679765       0.51551470845121716       0.67278882893467085       0.67728032018667705       0.61798349113985895       0.36558233373853355       0.66840450131345619       0.94576414227613304       0.49844414217349198       0.80673283739706625       0.54923600273102668       0.62521847205418624     
  0.94858705477402816        1.4636332830618735        1.1083437181122962        1.1501862293370686       0.97960221229910827        1.1160709117102008        1.1842815419056238        1.1669224528785744        1.2142786499815874        1.0751016748871949        1.1997468224029402        1.2526961739111118        1.1780941795870647     
  0.82928182176142751       0.22478344119333399       0.52843095241022453       0.68648533735350703       0.68955964128056957       0.63587924582133426       0.37951985977748504       0.68363069288693368       0.94862595520738036       0.50654452486423684       0.82329206648647379       0.56528480495961952       0.64143728314544102     
  0.92945557180033689        1.1551677857152665        1.0171052831319969        1.0755365564885695        1.1883607342688389        1.3246104120908329        1.0562883032232393        1.1366779476701758        1.3246750892288841        1.0893853730021095        1.2656506623208534        1.0752016672833886        1.1764230589301621     
  0.83620099828097538       0.24342620760611003       0.54200816333538804       0.69867123043438806       0.70203906855792741       0.65079504610791317       0.39466445563896180       0.69636783315520867       0.95131002960460631       0.51429887412378084       0.83855198109287621       0.58171176381747369       0.65605808679893518     
   1.0085896648406247        1.0118297810926782       0.95689813147456948        1.0055558476964530        1.0006804612594988       0.95455700989898096        1.2525296478409587        1.1159084870864597        1.2648537138329052        1.1259770774596576        1.1039252127130932        1.1564062554930803        1.0407542130577057     
  0.84532562801405509       0.26049508091654183       0.55652373602719440       0.71144559175944322       0.71535532961422132       0.67070711420009799       0.41088262590339947       0.70810787514183848       0.95374944722899835       0.52219347183297538       0.85296774641556772       0.59841213605066013       0.67115013881268260     
   1.1691994919756421        1.0535630786054040        1.1218451977277681        1.0053277037951793       0.92907345131741226        1.3956849676478489        1.3065781379698749        1.1873685932680635        1.1097447310262556        1.0603041629163918        1.0857251999592223        1.1187988522275727       0.98590447411584869     
  0.85452817661598657       0.27696578506364811       0.57206517391850198       0.72547857478714550       0.72925869481552430       0.68817030677993352       0.42734297323936815       0.71892845496925295       0.95605570160281794       0.53051432815997046       0.86694124444285048       0.61560683489250578       0.68756658305475693     
   1.2645423306686363        1.1227885812788143        1.0222295556445065        1.3835268183619944        1.1037753878020224        1.1885888059702998        1.1633293308923489       0.98204924205535948        1.1331646055684732        1.0431739318778923        1.0168003973098563        1.3751002545468121        1.2747583215239162     
  0.86501718145865414       0.29308781609444601       0.58869292848140986       0.73975415980757864       0.74465841814933220       0.70666771731398359       0.44400230919293099       0.73283564577425342       0.95825017715388006       0.53887156299907024       0.87879392115961474       0.63323813448584343       0.70389976196838899     
   1.2887712397753730        1.0409827928792208        1.0574723766832594        1.1970226585760011       0.96877591328906587        1.1261339640695078        1.1359087620860331        1.1517516274049044        1.0819982753142869        1.2738461574863540        1.2404462325830981        1.2794750539383053        1.0817802298814019     
  0.87440926862351631       0.30994049871853480       0.60623689497568090       0.75094565986300055       0.76003584199162666       0.72622324639369817       0.46045180949787456       0.74935045165431047       0.96049450087708255       0.54661922901565441       0.88782965039775064       0.65136377895784792       0.72064301037768419     
   1.2123341135095675       0.96111386037087432       0.89179157646721419       0.89766757037914513        1.2380022822840082        1.3094900800362401        1.0730958186816140        1.3545625212425958       0.96566066279217089        1.0390428100563225        1.0220926033824500        1.0873929900042034        1.1316714208126775     
  0.88287660182873262       0.33520133821398096       0.62288222290792061       0.76544796656150105       0.77531311958144222       0.74503906801258823       0.47736207527327384       0.76663928472497778       0.96301103177451297       0.55388698965321448       0.89624176222214058       0.66888898939212904       0.73843813920539270     
   1.1435057540343643        1.1779746034589131        1.1103885622731529        1.1656846992784167        1.2653761746434644        1.1345808512081399        1.1124216669903579        1.1244926683613241        1.0064493566104826       0.95125912785599465        1.0302630947868756        1.1442033237719900        1.0420632735623767     
  0.89054966264024760       0.35959507736765439       0.64495248146498796       0.77973308610029335       0.78978410111169239       0.76164398637686592       0.49452302219734284       0.78468879101322520       0.96577659799590632       0.56166665922349224       0.90466810736360415       0.68717703574697808       0.75569606983865645     
   1.2337747419562983        1.2336640109709316        1.4249738415822804        1.0517976830710205       0.97594185389394472        1.0771506580670756        1.2660705044628255        1.1708888634834065        1.3298924466290416       0.91695886037471674        1.1830731614840793        1.2482018042248280        1.1442814712897458     
  0.89880573886797188       0.38348665915529057       0.66886468302248558       0.79343813938239527       0.80398156323184011       0.77762080911805653       0.51344378281381153       0.80278278133590786       0.96821848859667570       0.57142335641422159       0.91309389996635915       0.70657445677557662       0.77331043084757645     
   1.1569332361556939        1.0007825740641458        1.1086446471112730        1.2460834396574083        1.2840871935549933        1.0231382285815185        1.0280756517547633        1.1821804141512651        1.1844800257659551        1.0927802701173686        1.0425502361914940        1.4460017702912986        1.4839656995660191     
  0.90686921764678718       0.40764975905349948       0.69348678046975865       0.80688633462417103       0.81835077098688369       0.79400641699432439       0.53321493916581808       0.81819458282481372       0.97046277328295127       0.58323893203206589       0.92118020870103789       0.72821056381976645       0.79026258246965608     
   1.0342184940588841        1.2681043848290308        1.1546679514212974       0.83809310200748710        1.0356018999005427        1.0428520106361647        1.1867374091270155       0.98979297448981129        1.2328998895062484        1.2891485326598919        1.0384286343816993        1.1728775798715223        1.1010284853557000     
  0.91507900573654433       0.43499871468006091       0.71799951636421244       0.82107278648642623       0.83134644283821257       0.81094050802231255       0.55253153071684535       0.83281633769826846       0.97263643613560424       0.59593075005724627       0.92840976541777875       0.75176348642293234       0.80614878358050601     
   1.1503765776371500        1.1106546184124000       0.96663000756548978        1.0726659943003936        1.1539101014111370        1.0635256608598742        1.1947189877425479        1.2471117409575041        1.0397919358311747        1.1327653239568471        1.0627236176753758        1.1092464427755517        1.0540865783066475     
  0.92334630609679580       0.46737374391924641       0.74115184069907647       0.83605450247503033       0.84390655357514666       0.82955877068432271       0.57075016015566205       0.84733795785398913       0.97474054206765703       0.60883385646452504       0.93550071549155489       0.77409281917072137       0.82189769712432692     
   1.1710425146244083        1.1543138526138685        1.1749591662310672        1.3080800646253399        1.1515543770461170        1.1599505624923536        1.0110945341186039        1.3178822837278013        1.0627833815111820        1.3044750218043302        1.2154197006004899        1.0523455159704158        1.0617538221433576     
  0.93072903773157645       0.50417614043384884       0.76113530078117642       0.85031010351397052       0.85636092668743780       0.84713163660508561       0.58896284273594679       0.86202065807792982       0.97696097049519770       0.62236102483971500       0.94270057897492332       0.79524602548131351       0.83870969369636794     
   1.0386929727942142        1.1328626273765767       0.95805151666291455       0.97288315532479208        1.1051992747742636        1.1153268156092790        1.2189669118632878        1.2713440224361670        1.3892704284947379        1.0207896625189063        1.1830698198741276       0.85725883857199592        1.2486567361822307     
  0.93898209488307338       0.54254950471253871       0.77787447952389699       0.86355440791269089       0.87362779082219866       0.86282702069144324       0.60920479074949252       0.87843983473750853       0.97939240492308244       0.63651909894925685       0.94980229331279975       0.81652639078412581       0.85640901012404513     
   1.3318723906552707        1.1243571583463741        1.1364233926117731        1.0443654275243870        1.1288438216269923        1.0265203869191859        1.2798465444756189        1.2291835928938746        1.1136615245134809        1.4415772926952442        1.0124119038851351        1.0577941904545805        1.0964489174566550     
  0.94665107669836479       0.58261326736807240       0.79431293411732751       0.87652400600851132       0.89159431524916954       0.87834245393561583       0.63216885794053979       0.89473617645815640       0.98206551068595316       0.65161306458017054       0.95690299748989216       0.83840106946299353       0.87394568658043448     
   1.3605296721823157        1.1741168038223047       0.95187471331213358        1.3276401962104292        1.0503368448794776        1.2118602613725293        1.1426557098118528       0.98588144143360412        1.1411376442890186        1.1644989076696761        1.0638314608494928        1.0101394996850261        1.2282452083200250     
  0.95404838788685375       0.62699377537288425       0.82260884649643706       0.89313117338376502       0.90887801624497810       0.89539292494449541       0.65724281306169252       0.91315230522976065       0.98490724318808809       0.66768671508228439       0.96453069297145122       0.85963846025276225       0.89100773721693449     
   1.1185479241290688        1.1114120358532718        1.1285487275331076        1.5257444472571171        1.1924321145671342        1.0080412933057004        1.1352380598577363        1.0763556897154640        1.1559567344328094        1.2731552397283765        1.4428957950046613       0.94119463422491811        1.2030106249151866     
  0.96095320172746834       0.67429313767073751       0.85123697051902714       0.91086676564901314       0.92521305953025401       0.91194447503023157       0.68511889095295408       0.92950463118267501       0.98741283902010535       0.68866154478584041       0.97072799929689668       0.88061165681775122       0.90805433501187349     
   1.1708221695210743       0.94636905798972570        1.0602226121782139        1.4945634194988686        1.1350756401666933        1.0553677092283269        1.1920755655296855        1.0477399450737663        1.2082138603612154        1.1162777167188522       0.94937033760329859        1.0828573522358422        1.2377954134955487     
  0.96757943746930719       0.72181855909881065       0.87925802036832379       0.92881799228761941       0.94247737160631240       0.92717373586041374       0.72303324826408155       0.94298582147810184       0.98969458718063508       0.70998904087189341       0.97673886732477078       0.90705750803290275       0.92599537754147532     
   1.2097166609857339        1.1032325192576435        1.1982334476438143        1.3454021980857827        1.0254818764954479       0.95892737232125103        1.2769099355761209        1.0690425416515210        1.3544440125144983        1.0862663753507442        1.1940605443752712        1.0943511693869363        1.1368093590143480     
  0.97448312941072934       0.77883451491040145       0.90758056619360727       0.94689883124984664       0.95678462738222736       0.94319270587953863       0.76397558635777163       0.95559636426464512       0.99175679187164556       0.73919446534778732       0.98308006799686620       0.93411222624255807       0.94478649562106642     
   1.3714679013189968        1.1819110857483333        1.0002080090158050        1.2556935672179550        1.0462643763632573        1.0585487399284015        1.1835434861629854        1.0515738247851569        1.2671997867978713        1.3220573877668320        1.1458735853583510       0.87867298373609826        1.1513047618573289     
  0.98199286560556776       0.84377362709189319       0.93938402504616325       0.96499896702220256       0.97262732491900572       0.95994194441806646       0.80483992942329452       0.96967503582843828       0.99410159046665447       0.77518945418590846       0.98920027963616541       0.95856691799650806       0.96318553640312277     
   1.1051886189687359        1.0932116161843024       0.96262057013142899        1.4459840168756877        1.4800673621341900        1.1490064045657853        1.0203080946926915        1.1610316843893453       0.95971235425911838        1.0881980108054510        1.1380208490531056        1.2795254018286502        1.0922011415369461     
  0.99103464147613618       0.91851623462836596       0.96761442280635346       0.98286695224239440       0.98552777121356960       0.98055926428158457       0.86080869392136539       0.98461643270108468       0.99684446135550187       0.85245115600665078       0.99451377906240490       0.97881884101080219       0.98049756625910833     
   1.3030475256237370        1.1467872387871716        1.0588986547527677        1.2032619359997108        1.0049550992523579       0.98425659135740051        1.1969467930045277        1.1229351854101115       0.97480859414267795        1.0153899172519414        1.2366912216277233        1.0485455292163002        1.0513568621416629     
   1.0000000000000000        1.0000000000000000        1.0000000000000000        1.0000000000000000        1.0000000000000000        1.0000000000000000        1.0000000000000000        1.0000000000000000        1.0000000000000000        1.0000000000000000        1.0000000000000000        1.0000000000000000        1.0000000000000000     
   1.2563705860805408       0.99532325928012566        1.5527037740807053        1.2800170272587212        1.1829888337070360        1.0524801692705210       0.95320461340866902       0.99837792077844034        1.0152862343702125       0.82291708643371231        1.1116262249990057        1.1175492347529339        1.1577691987527980     
   0.0000000000000000        9.5984906254859137        5.9123595726778468        6.9429490795689590        8.0054266299593291        8.5433904842253234        14.653442526228703        4.5160605235167806        0.0000000000000000        3.3607009748501042        6.1568657774144988        7.4965238942113981        5.8629899969353803     
   0.0000000000000000        6.9279975492605326        7.3283253081438984        9.0724535409836982        7.9798190854188551        6.3764829913928089        6.9779916189336060        7.3705535733066894        0.0000000000000000        4.3278521995616508        5.4344697265398691        3.2599003442663075        6.2991775688548044     
   9.0813548026800834        10.632930592181342        6.2097502039112431        8.4245687667518254        9.7312846716412569        5.7104971675864977        6.9201390399186726        6.3743206887702391        5.3853641197019080        1.4585121105114074        6.2042925872311621        3.8505568991738426        9.1560592133868735     
   7.5515059121488211        4.8585967503476155        9.6170308636461606        10.657587077176123        4.9434503668111107        4.6760873275255799        6.0183268413006852        11.378997021150917        7.4773848033631198        8.4301246534819008        10.986304433136395        7.6329170526611740        6.6195339563180937     
   5.6637105016683265        3.8075358217348554        3.0965196630786851        3.4148343542758091        6.1552219350050335        10.486241794305084        3.5284374480543548        12.298693331124282        6.3363424495280496        6.6091102412436840        9.0639154647082503        11.760575876525737        4.9677914037071593     
   9.6155602617812796        5.3314607340327278        1.8431619136062019        8.5166981608062855        7.2173266361966144        8.7089463537620322        3.9914627126453315        7.6315369970119473        7.4895233459068491        9.4644663118440029        7.1350055285853760        4.0152804348084841        11.086140591731798     
   5.0988162977175282      -0.75663189985688650        5.6811796397649985        10.170409517201795        7.2187713500039736        9.9449075143648269       -1.8930103546587584        3.3817600885075567        7.0734150011764543        11.609834154357751        6.4328429543659036        8.6192539948380489        2.8871421732388884     
   9.7031827871586174       -5.9012388798378943        14.083210099109170        5.1239846773227073        9.4472027417076578        6.2426602167458194       -4.3859562102914174        2.4436065035312846        7.7017265234582108        18.099171574683922        5.0764126828575771        8.5639901339025908        7.0070706402486023     
   5.6192324035758801E-002
           1           1           1           1           1           1           1           1           1           1           1           1           1
   8.0063140248884876E-002   2.8814992519961270E-002  -2.6230028140354530E-004   6.6984631013558875        1.2934798353422601E-003   1.4373387555999376E-006
   2.3795817260356240E-003   2.0892853045542054E-003   2.2858039965713834E-004  0.90847518143528960        2.2855173963591468E-004   2.4529658819305518E-007
   5.0000000000000001E-003   8.8831222565503918     
