   0.0000000000000000        0.0000000000000000        0.0000000000000000        0.0000000000000000        0.0000000000000000        0.0000000000000000        0.0000000000000000        0.0000000000000000        0.0000000000000000        0.0000000000000000     
  0.19418324180173382        9.4762829607024663E-003   1.4746963185981911E-002   1.6448502331722903E-002   1.4295495989340132E-002  0.41676429224706324       0.16364012073255990        7.8605768860736697E-002   1.1267448530044836E-002   1.5227134284924709E-002
  0.75119431797433889        1.1850713270231223        1.0172896484145617       0.88765469682467912        1.1682356139680654       0.98720413887974967       0.79299683404525656       0.86289567734024264       0.86289567734024264        1.2596696499619977     
  0.22477714884331917        1.8445776520659166E-002   2.7376261407481076E-002   3.3376864632859805E-002   2.7296659661796840E-002  0.50367921504345803       0.21722909119575801       0.13607374280479687        2.2889713589064619E-002   3.1181004916578339E-002
   2.5340050863216894        1.3343720867047324        1.0634347628057752        1.0255181411645922        1.0272725613561347        1.1327897785917453        1.2043462254947366        1.1023064781968246       0.88334001265272799        1.1149862706684817     
  0.24942335850469050        2.6907727000252443E-002   3.5057534578780504E-002   5.0167078886312888E-002   4.1869002999070329E-002  0.55048227169928887       0.25309208264132460       0.17948888559975035        3.9266555934492874E-002   4.6826516413526531E-002
   1.3286427992123877        1.1646549551994789       0.86571231585364883        1.0388493534793781        1.0387569031616379       0.90156798808789151        1.3575575929888259        1.2346085451437467       0.93718029807172121       0.97584567448015247     
  0.27141063734015325        3.5867389790472277E-002   4.2548042925117241E-002   6.7465919914963077E-002   5.5716974625721012E-002  0.58935864683680139       0.27768658303275778       0.21682136023734266        5.8683775095887930E-002   6.3382703624899700E-002
  0.95445074838510613        1.2202294082956462       0.82025055166873473        1.1983706863554031        1.0366689201923451        1.0596821071419495       0.98866087958589921        1.1907289239282459        1.0469848009943161        1.4273297619189591     
  0.30437657667284346        4.4779264319808970E-002   5.0553674362217998E-002   8.4893333992632353E-002   6.9167709873321576E-002  0.61973299328718523       0.29314158849525490       0.24750050167499785        8.3103856470168047E-002   7.7506406843583925E-002
  0.95227326798180245        1.2839658595878038        1.0793594179823949       0.99844827077345255        1.2268863850342493        1.3601462289491018        1.0118839659966019        1.0865699212360391        1.2662121704613651       0.93697725100836449     
  0.33670190106751552        5.3077281830906098E-002   6.0735656624269933E-002  0.10516509268460415        8.1713397345017522E-002  0.64294251808465963       0.30764007616316413       0.27310799914024170       0.10575950710658127        9.0384408015112064E-002
  0.89145308447378380       0.99257770767067133        1.3286786071950121        1.1967065434102575        1.1290944046806637        1.2181095596094200        1.0453662614671118        1.3209094804791131        1.3592359170247041       0.96767966410917572     
  0.36886095636907817        6.1050352895031454E-002   7.3324756702134938E-002  0.11530245868074890        9.2388074354111088E-002  0.66256899773258249       0.32067886723086436       0.29539727564152307       0.12810900097207392       0.10531822597215505     
   1.0832132234823657        1.0573975380723581       0.95027268262943621       0.84372382139744295       0.86289567734024264        1.1074865785145482        1.2330631270284200        1.1430991547119209        1.4398999904055734        1.0624593727784852     
  0.39885832449989611        6.8815394066056093E-002   8.5261962302442040E-002  0.12369135695620630       0.10659339570997568       0.68073081773650435       0.33285748716887914       0.31571729755580419       0.15002745088157121       0.12207371518587697     
   1.0175033518723320        1.1689337114090761        1.2568440663224398       0.78168668669029040        1.0665220602174661        1.1425865016125079        1.0556109713263828        1.2672899910261286        1.0756844020503569        1.0166773254204096     
  0.42643644549197218        7.6934849416931642E-002   9.8455066558688395E-002  0.13261442364716083       0.12074596318542494       0.69681695994397297       0.34462527214098654       0.32905518152144586       0.16983809635242164       0.13704523733818882     
   1.0833846974176784        1.4797336269312247        1.1155914744779949       0.88453578803726340       0.98681149701358772       0.92063476217938500        1.0765010661480749       0.83022760806760088        1.0748205881663888       0.92885522490269956     
  0.45346569500202544        8.5978458558200535E-002  0.11160059252606362       0.14256005600203533       0.13140180233951443       0.71125676387804726       0.35601477633146239       0.34042666796112109       0.18947918058245800       0.15173089405970352     
  0.99399169042714230        1.1036683350355456        1.2234897491080658       0.93987155717444326       0.95539768169379036       0.88184281089187244        1.0149482969603110        1.0716852541213948        1.0544401094510336        1.1863519957760582     
  0.47983608355824758        9.4430053656283458E-002  0.12586149133728955       0.15498517716937499       0.13994934651391217       0.72468229733691514       0.36722038357912334       0.35162257760980375       0.21077563331318130       0.16612948658270466     
   1.2233818385738733        1.0451619141560087        1.1026190555570110       0.97748209559949839       0.82434184592145709        1.1399494698677166        1.0550857823515358        1.1610763390118051        1.3559326092038360        1.0245021587397602     
  0.50508886282828691       0.10204963679038848       0.14019782054994845       0.17021051930489539       0.14836709211196555       0.73691956770355205       0.37777989049130439       0.36217486300192803       0.22991948887121319       0.18057788350437051     
   1.0236755661662775        1.0440627379949090        1.0611005060004521        1.1960177966657444        1.0112963503321539       0.89552218063656575        1.0604105455475903       0.86715668734273232       0.94677157596387707       0.92484303175390570     
  0.52891963546253740       0.10759428204023604       0.15445448189211686       0.18690791265492729       0.15767994286429229       0.74732516129619164       0.38733469785497393       0.37866459701700328       0.24668999240972486       0.19413896291818333     
  0.93382260472161649        1.0146384879765966        1.2842681915354890        1.0594010132047129        1.2100234967471386        1.2402376168230378        1.0538237370476855        1.1237377988767543        1.1843089948594216        1.1461292067033768     
  0.55204678457712597       0.11231604080717965       0.16775902700098147       0.20346363791669805       0.17029669147387913       0.75740862065116488       0.39599850306695461       0.40121075792652761       0.26213189505067952       0.20852612710612936     
   1.0406772163418692       0.86289567734024264       0.91594083350709732        1.1193628878255608       0.94894479551511235        1.1328248340274945       0.97229653413158912        1.1577736645010213       0.80560316670725995        1.2416391433605396     
  0.57386930865681385       0.11722635448714896       0.18070526486372399       0.21980607869272373       0.18710638318735565       0.76706407744927507       0.40398067811609334       0.42064502418988420       0.27756041991982544       0.22309815982956643     
  0.93116423781622171        1.1861709061583285        1.1286510049814698        1.3337125174219611        1.0995568662936932        1.2068966781262560       0.98989631340438577       0.98376417147201178        1.1144018867484555       0.82460859022559152     
  0.59376407741236159       0.12183009628499700       0.19387600362572677       0.23577636164884508       0.20380836214626147       0.77680230411215534       0.41202777214519437       0.43753173713801330       0.29581850913639651       0.23846841656691570     
  0.96706128839882799       0.94334158027963577        1.0958818554743781        1.5142149966369758        1.3261656295012709        1.1586256075635100        1.2155934933805943        1.0120871165178218       0.86617227348439263        1.1752604197707173     
  0.61235392220711782       0.12911833240279527       0.20700864347257011       0.25147716435114353       0.21904069988991340       0.78517949825425881       0.41979089701334982       0.45352540408496300       0.31519832955552263       0.25430254130078161     
   1.1235656360397483       0.91173594750857767        1.0318992124822974        1.1321594619888904       0.92760987400065775        1.1370145714763791        1.0941373670214232        1.0149208387536763        1.2840524520510732        1.1550590068117501     
  0.62971844538180899       0.13629872499926562       0.22036729181742176       0.26584570036647726       0.23410171077616890       0.79294374132225220       0.42800501731120816       0.46948470329775899       0.33422619087907984       0.27008387038093951     
   1.2003764304409033       0.89515768679961571       0.96023483171902801       0.94073020392091677        1.0128703145555673        1.0582056255316561       0.92308208221249166        1.2190736004839984        1.0516548903256147        1.1651060011277887     
  0.64655729035129283       0.14594334714355531       0.23387599394949501       0.28000133130608496       0.24959773730883242       0.79739902369281324       0.43639557119300831       0.48451876117043918       0.35229268970133393       0.28616498948489050     
  0.80845326328769873        1.0215808385225851        1.2040194194158629        1.0919354177502985        1.1329686555338194       0.93770881484232349        1.0571901567236488       0.99532271854711685       0.89714292066846646        1.2564710768677385     
  0.66267129847419493       0.15475082443857105       0.24745268939078260       0.29362897422265244       0.26590781790755708       0.80167983327182424       0.44419532455901045       0.49975408416182004       0.36974050486008386       0.30206538222668633     
  0.90897887540099853        1.1084518469068276        1.0662202313241644        1.0656750833389461        1.1301715541816633       0.91101649364817483        1.3224852187315552        1.1437634662114398        1.1509602903305498        1.0308032362693167     
  0.67705016321239386       0.16474653509558637       0.26084205681790829       0.30824481106667845       0.28289168866755149       0.80592392397482615       0.45182447863498770       0.51545762546376739       0.38713946272101041       0.31781265124582403     
  0.97515166630522609        1.5258681937757881        1.1645108315721797       0.95172268178016806       0.92608513202736931       0.83288206083889460        1.1002715343630221        1.3222291350167146        1.0416484856430799        1.1230993492346337     
  0.69139553303193346       0.17454444685686776       0.27214211536781607       0.32281528761847511       0.29939221468012545       0.81039249071441954       0.45976630319706868       0.53037513178630191       0.40525836238904300       0.33329419565321233     
   1.0657891553446923        1.1688166037250212        1.1367094391549071       0.94066647829512662        1.1690281308119486       0.94136469912499743        1.1862021461241852        1.0974651074348944       0.96270466296013191        1.0623491924569171     
  0.70101533775651603       0.18545663029901452       0.28314416355066058       0.33658022380319708       0.31559892934942968       0.81738648614323361       0.46748769039858723       0.54448239205592297       0.42358944127678111       0.34874396631715116     
   1.0490836242523280        1.0312877613141815        1.0214732042588055        1.0133401549150600        1.0747814599854895        1.0707704931428617        1.0401033567041114        1.1000785243205369       0.85379062445918230        1.0464805586614301     
  0.71143551914662329       0.19648926439177075       0.29483318760413513       0.34889588105454156       0.33227565069766057       0.82376374195294166       0.47565744552188499       0.55669853222911603       0.44125130791795758       0.36488406579701171     
   1.0743609726852474        1.0606815714286235       0.87326712805595652       0.95645413947251923        1.4070581622318099        1.2482080117212393        1.0913544495564607        1.0623491924569171        1.1364057500863061        1.2097963202498030     
  0.71864145097909926       0.20751741299166410       0.30751200647313703       0.35991529900116548       0.34909131496141865       0.83048265055118542       0.48494886199030091       0.56910897095932800       0.45723660153584478       0.38143021094512336     
  0.81973139114826599        1.0832282787736505       0.88784872295023165        1.0523932740661635        1.0444246400856489        1.0544128627537928        1.1608988723847313        1.1157236724953297        1.1540376013664748       0.93151674931721395     
  0.72645869989656076       0.21872524736686469       0.32139307136164547       0.37379156027810984       0.36658872606937815       0.83709569586451071       0.48936521692012491       0.58193539717273957       0.47257400631787688       0.39773013064681562     
  0.94782998517273875        1.2078559682494521        1.2832430811767093       0.88047299776908827        1.0877242297680549        1.0172853312931989       0.86289567734024264       0.91757041611773582        1.0083009986196672       0.91363079679545278     
  0.73335383899762807       0.23073021950466951       0.33598702100221323       0.38903849913585181       0.38245418278293436       0.84370848227392525       0.49358284803599267       0.59552136560299762       0.48727020950391459       0.41281869070742461     
  0.96803076249818831        1.1503125140115102        1.0958530972243612        1.2279637088501272       0.96444556665957681        1.0667073891095067       0.90287705185311717        1.0572816194277865        1.0486506295881717        1.0063186010561573     
  0.74752872800673220       0.24314704937189896       0.35020506533585322       0.40566714891476213       0.39700622667160690       0.85034074442163832       0.49791987116872000       0.60877076711567291       0.50148492190072635       0.42324895486346348     
   1.2417128315596531       0.91839350752802740        1.1582413629966464        1.0473369812631468       0.89168053154970583        1.5394560658933072       0.84021116294483367        1.0035531866831358       0.94891676215515941       0.94395709022855856     
  0.76119293068111082       0.25490704733154818       0.36320401957974391       0.42198173544854478       0.41200467422495068       0.85669707941111473       0.50270658285461989       0.62129236135056853       0.51684448144713169       0.43178717484094808     
   1.1758019363699723        1.0491990603582140        1.0447977814158993        1.2126451346115616       0.97140461627772778        1.4891863854956104       0.86570929436500765        1.0811320777646070       0.93429517366660897        1.2091040451194233     
  0.77504897122243976       0.26597157112071984       0.37350125842792675       0.43785384156514162       0.42776622819208804       0.86265407001008554       0.50811413852889775       0.63234213738147960       0.53294137346707060       0.44045320061123994     
   1.1042354748179266        1.0236213057617358       0.99258592341925045        1.0313023262265626        1.1554440482021660       0.98177992738348219       0.96235744563810188        1.1709583652526214        1.4492256852733805       0.80638352276302483     
  0.78773881651763422       0.27785559258324860       0.38560855818068512       0.45415233649282127       0.44378515636203186       0.86846137865445183       0.51657397160700702       0.64427522737886866       0.54847705010286441       0.45074262103247681     
  0.88851040476109544        1.2206683028959171       0.92367669174792144        1.1516206060758025        1.0545742896230224        1.1556310606906299        1.2730605347927151        1.0938711850959169       0.98259945008993521       0.86289567734024264     
  0.79920114991788838       0.28995351967162797       0.39762867965543336       0.47069260687624687       0.45995180874965019       0.87428169814476620       0.52592031169010733       0.65644120693330721       0.56225122646518988       0.46631605922841224     
   1.1356472579798593       0.89871584318602338        1.0350208681948581        1.0024528514125732        1.1588337181362325        1.2637774796951919        1.3211771750379144        1.0058518358636692        1.0690581014919418        1.0911180066333419     
  0.80837248191939881       0.30232957422021622       0.41388557448973812       0.48779076686382283       0.47609017441986429       0.87879265136202800       0.53373070829500335       0.66861610391823101       0.57480627004942964       0.48243746199471338     
   1.0563759096607439        1.3947661620945255        1.1571391184484228        1.0387814475244295       0.91932634928233770        1.0252476729886433        1.3675005100005504       0.87054998821217067       0.89121679020933631        1.2086483932282124     
  0.81709398949327594       0.31526299873716751       0.42877551785933182       0.50570629210477847       0.49303316952435750       0.88332418170279614       0.54020511987965392       0.68144573209971049       0.58635701825964748       0.50163127126447371     
   1.0819161041995289        1.1098063632940085        1.0128169902139532        1.0802194241392296        1.1773724178819294       0.84592013395549515       0.91142547541797236        1.2188746192251798        1.1308720827674932        1.0055163742372912     
  0.82603037015164393       0.32860417620660254       0.44373646890639817       0.52346539369238043       0.50989344568618755       0.88781761004431137       0.54645189207170841       0.69474076521545824       0.59872651356220341       0.51931143017141079     
   1.0896220715997322        1.0161599258828351        1.0813443669099225        1.1343520791961033        1.3259929006765589        1.1767049633853601        1.0952198506165156       0.93794740971210111        1.0329396923650722        1.1308898911459528     
  0.83483941852185672       0.34240089321482475       0.45878326965928357       0.54123323691195058       0.52595800876031351       0.89225420201175276       0.55255289280281561       0.70720730240071172       0.61331065584224642       0.53153979198537604     
  0.97149222266449220        1.1361625071285564        1.1062895734567624        1.0720703525246584        1.4199762479861981        1.0602206445471192       0.89637295572901388        1.0593568464868939       0.83421710132979487        1.1190561209122765     
  0.84482445199436795       0.35690077142448212       0.47609466786487703       0.55951070015141302       0.54127910035682270       0.89656408052362146       0.55859661763504642       0.71897590119392429       0.62813257308046333       0.54592954039269637     
   1.2483196796279155        1.0928785082463810        1.0648695609035186        1.1103982111931043       0.98851955111498091       0.91095005566705023       0.87511197949299480        1.3413407481477144        1.0470371516902524        1.1277968803878649     
  0.85539421642726765       0.37221481974922405       0.49208804641914411       0.57756194416801709       0.55458762715961951       0.90083219261581859       0.56530967837893953       0.73119831821412218       0.64314893923182825       0.56066932393937807     
   1.1263488107343225        1.1918851651905975        1.0112511373320952        1.0588550211290810       0.87556105586867761        1.1201051100567669        1.1435762290192391        1.0211130170450111        1.0020795944586651        1.1662739168392251     
  0.86525217272201316       0.38757486949537379       0.50873230589594565       0.59576112343241538       0.56820212365030565       0.90538804800920991       0.57327976039581052       0.74411154482479036       0.65791252738799677       0.57937135899974423     
   1.0071899618768181        1.0213456458953600        1.1833872956172613        1.3443589878603739        1.0848765068331576       0.92496033068771977        1.1117627278308624        1.0396899726528808        1.2539290617268755       0.98808195805718968     
  0.87414889465269541       0.40292288557843753       0.52488480777940860       0.61415085981043116       0.58726193025005669       0.90990655176322588       0.58168020253092245       0.75693144631514653       0.67222689498048616       0.59858556710916622     
   1.0333549669087316        1.2126832347424934       0.97684513555974184        1.2610881694648899        1.1199382432480511        1.2026122196402385        1.3563985088882031        1.1296679203028461        1.1637430155373458        1.1737653666649586     
  0.88316769121147654       0.41845318869613879       0.54118501793563578       0.63196558777295697       0.60614945501852924       0.91422791968978312       0.59019572884023341       0.76909891109276218       0.68620232463543995       0.61521749808625092     
  0.95605834151702507        1.0580969130544737        1.1235931354011253        1.2848344462795391        1.3183962391996846        1.2466894825454351        1.0832553858120237        1.2024243211808319        1.2499994249328383        1.2595709632686962     
  0.89111670752170913       0.43387638927452704       0.55758859443434894       0.64955223902606418       0.62640182635800623       0.91847254213579566       0.59654905417477955       0.78100859950786106       0.69992243852983338       0.63123680415394090     
  0.90308493127788003        1.1238422181205134       0.94796061368165030        1.0413868148010024        1.2152637661830124       0.96299690058477649        1.1582220009898034        1.2194775639623379        1.0766870824809640        1.3004629240872061     
  0.89931518872767169       0.44958427164190889       0.57510772660148179       0.66685752914208707       0.64513483012270501       0.92261879618008780       0.60268872671130991       0.79366906339845378       0.71387694109679067       0.64688002452929050     
   1.2317420603474940        1.1961381032122953        1.0132763946446559       0.98231730399297734        1.2897412666039565        1.0609281583517536        1.1831906981967466        1.2269543509481688        1.0096393001319932        1.1403017864989866     
  0.90672247644361703       0.46534557404033478       0.59292905450690281       0.68401352928948445       0.66130743631386235       0.92680168191321810       0.60852711976948726       0.80507416278351662       0.72800072548405770       0.66350405728488837     
   1.0835060501725446        1.2560018159813759        1.0388625640120961       0.97891742716584840        1.2496627299668017        1.2758105214286595        1.0422602497634685        1.6570367690633496        1.0046863656688427        1.0221903081097943     
  0.91413651808325036       0.48170270147897937       0.61000049086013153       0.69950679406052574       0.67677134829613939       0.93088541205571629       0.61359158336947472       0.81496329371408938       0.74194220985401071       0.68051996089687505     
  0.98020805307277192        1.0025491665308570        1.2055186999757614        1.0221958957336437        1.1428214252607376        1.1746554882099094        1.0623491924569171        1.2238620828186526       0.97083258592551192       0.94551549595228979     
  0.92084294387367649       0.49986870133219291       0.62626558856654235       0.71353936345550739       0.69362413607727336       0.93489416181397211       0.62124073668925461       0.82425147184195990       0.75634196057843239       0.69794020488775010     
   1.1186934198501761       0.94055967562794995        1.1559883265506252        1.2991405399161025        1.0001068415062524        1.2530401079451721       0.90697513003744601        1.1829342726630572        1.0246796514770489        1.1686820627382968     
  0.92707921731253051       0.51828808642978474       0.64240499523426464       0.72709972731379191       0.71241073368056929       0.93887271074201761       0.62922458550431604       0.83336654378314123       0.76977310936536636       0.71550873173011609     
   1.1490674356033670        1.1321048494266193        1.0812478422066003        1.0304597746448523        1.1162831056948888        1.1425183214441470        1.0337975751507935        1.0338238159633024        1.0748089234545424        1.0064549976157142     
  0.93305896415478151       0.53565122249748032       0.65915627254619225       0.74024152753003380       0.73066243520612950       0.94231245818519782       0.63772530641083425       0.84276655155113678       0.78360498061163730       0.73236207683708576     
  0.93248752196032014       0.97574427572286426       0.95777854199083490        1.1473397430385472       0.92227540290648624        1.0722111016577953       0.96919170167587432       0.97127846828653808       0.95923336815255178       0.99626581993390795     
  0.93850483229807480       0.55183273969304469       0.67632811959985450       0.75345753253653347       0.74655597038417953       0.94564287168167549       0.64656950976923599       0.85338391287403070       0.79858089755258543       0.74890174115465047     
   1.1057147626614170       0.84366658097013714        1.0248919298470420       0.87913867146811897        1.0331895777751767        1.0414453893784203        1.3522672542113134        1.0864163222022125        1.7215490467744099        1.0072468525941602     
  0.94396550325008954       0.56611345043642669       0.69293541736263198       0.76861491263175186       0.76383190100481313       0.94885492860337817       0.65548101916178980       0.86470709060888573       0.81363518822207537       0.76570945130746348     
  0.88176481393791595       0.91567471829494440        1.1841447555128921        1.3547491133065588        1.0179940815461519       0.97383491265016686        1.2602743791225359       0.99611345629311521        1.2441893262446511       0.97847503663386293     
  0.94927003454583336       0.58635541894821375       0.70965182639570512       0.78457707906067908       0.78354120318652132       0.95214317060707143       0.66429957508643067       0.87585101439341173       0.82847351598047803       0.78272099963775443     
   1.1412559042379478       0.94063660109914893        1.0060245098464387        1.0511433369778891        1.1068832131811766        1.0272742749512958        1.2831476380429665        1.0889890213413691        1.0932237502538138       0.97042389500231907     
  0.95476736018018682       0.61037476267624213       0.72679810640137898       0.80045677084395639       0.80335612912071652       0.95543660147562082       0.67303990102977518       0.88682335407935575       0.84328396732643507       0.80044025225511428     
   1.0550782906318483        1.0799964319194282        1.1806819780574469        1.3137533690949270       0.98235971258167720        1.1431660831460071        1.3057535629881516        1.0361742231757554        1.5790166265832228        1.3409121950971474     
  0.95998477169040020       0.63543781499451824       0.74529854160113129       0.81625495854719765       0.82247011837021966       0.95871058454349056       0.68219580312695938       0.89773608328431131       0.85749071078196315       0.81876563682518100     
  0.90377660527996262        1.2215597704742387        1.0410934800702842        1.1027132683949272        1.0607538151525102        1.0005847667603147       0.95812243860365853        1.2218136526959043        1.0675242424404652        1.1712648144566769     
  0.96409896267724926       0.65869777903358284       0.76486570709031942       0.83190208452208192       0.84089349379466427       0.96219646152306992       0.69173081138287362       0.90736170393394211       0.87088774242411837       0.83627726396918944     
   1.0453367677162051        1.0042354618456211        1.0685080322630649        1.1970085369290520        1.3496414282834643        1.1348403599399708        1.0104419527485280        1.0385703351748594        1.1457395573937681        1.2067626200862211     
  0.96778459446135945       0.68285718482242996       0.78562060587655724       0.84774159697552698       0.85877050597840188       0.96502751093430450       0.70111321694383066       0.91598459257716891       0.88423184390940868       0.85267550414046545     
   1.1869529101554017       0.99762807161904621        1.3060476217149692        1.0847773570808212        1.1162122865931505       0.91876988503146162       0.99899425069351799        1.0511497604445339        1.3953512262908974        1.1593348811535620     
  0.97160218628125150       0.70798732201626602       0.80718409885805265       0.86307696668222922       0.87657604801913569       0.96743121222849993       0.71148303632163812       0.92342041530312391       0.89782549568537484       0.86949625182627643     
   1.0507482767427596        1.0260912823112969        1.1603878992603518        1.0538878038069317        1.0275546575038712       0.94910608483592529        1.1802910111633416       0.93371556720714699        1.3614144096116909        1.1729254635702773     
  0.97530370922654985       0.73521634342430187       0.82969079967574466       0.87905303561010750       0.89443771315901466       0.97085333129197848       0.72258071689652559       0.92964626172508280       0.91157604774430312       0.88553791805005033     
   1.5167508187359193        1.0354994019857111        1.2360521676289766        1.2287324649923095        1.2144998674684291        1.0959218500384298        1.1846489532995312        1.0700861111855380        1.0862373867495909        1.2854637965858386     
  0.97908318774024716       0.76505260376036099       0.84928149785024798       0.89385246494270987       0.91089092086549850       0.97453228993806285       0.73402289387597286       0.93759772885831549       0.92507354798657782       0.90243305733016221     
   1.1428042233288647        1.0266658140733065        1.2478988976424152        1.1013885050071535        1.0740151933468987        1.1447153341274310        1.2398553745306859       0.92074894696896759        1.0823596630681687        1.2203187698076892     
  0.98315777904036816       0.79758263627844861       0.86561621274428335       0.90726441477899999       0.92625349589873207       0.97827862598152893       0.74578152279016496       0.94761599595232149       0.93751077857319265       0.92055632219102057     
   1.3664109908273165        1.0103834195838270       0.94887480028991966       0.85816103238604757        1.0069097786593728        1.2139917383283536       0.98480169621355995        1.0475136601633830        1.0421891214427537        1.1002619178975268     
  0.98703074297420623       0.83271376837698741       0.88730413211874559       0.92385043884691309       0.94335124202928977       0.98222103677041328       0.75746679531780770       0.95754445575732483       0.95012096722917527       0.93950044107406883     
   1.3218876101065586        1.0500069123265556        1.2336031280307562        1.0194272906230455        1.0781398251535173        1.2170383326940422        1.1264052147379222        1.0195886494910602        1.0549278551432282        1.1564669226901885     
  0.99057280286633276       0.87012430001877361       0.91035781103862068       0.94321764653400642       0.96115901191612474       0.98644354884837560       0.77646230474189837       0.96849273894412446       0.96340234337731334       0.95966667251498716     
   1.2814705127170338        1.0108062892094065        1.3527686264707783        1.3938461597585508        1.2754234525634507        1.2763114586308610        1.1030092667661111        1.4324485705070698        1.2294039642707848        1.1892001136219501     
  0.99381524222276152       0.90837935783785895       0.93593857348137233       0.96203717377896125       0.97517019701821461       0.99087131546338170       0.80744257445591816       0.98003362691860085       0.97632293588626251       0.97429102339003348     
   1.4570059551254411        1.3707925803358156        1.1328731529750697        1.2389041381998971       0.96456808883790701        1.0377545224165343        1.7956435926426131        1.0144324421671198        1.1093929223679901        1.0036476693118421     
  0.99691875817166076       0.95160072832811071       0.96944643081920889       0.98105655525999080       0.98804534690517398       0.99519545910322849       0.86727713809564322       0.98959897567020250       0.98826796579357334       0.98739714530620548     
   1.5618325086548703        1.1066163415459698        1.1972614392260170        1.0191865536751610        1.1627726516091861        1.2432622389893957        1.1803132800815395       0.88864660707730236        1.0265696420058330       0.89840490562138320     
   1.0000000000000000        1.0000000000000000        1.0000000000000000        1.0000000000000000        1.0000000000000000        1.0000000000000000        1.0000000000000000        1.0000000000000000        1.0000000000000000        1.0000000000000000     
   1.4177795502374158       0.97931780880186348        1.0857159211028189        1.4869758095749372        1.1463386619844467       0.84921749353916620       0.80089475038982827       0.87739607123811425       0.94057452386942941        1.1512795893050038     
   0.0000000000000000        9.1652534438000490        3.5070616826152374        5.9555583172246420        7.1266273191938163        0.0000000000000000        8.3016263140027196        5.0654496660477282        5.5580619580929103        7.0477807597232180     
   4.5532390152610889        5.4052119205470905        6.9490080388366176        6.2341551757031368        5.0608996049250123        0.0000000000000000        8.3330626067377818        7.0772617034467773        6.7069594998452615        4.4800364266861417     
   4.1602326060665389        4.7496210220041837        5.7956806817093103        4.8525400274931014        3.8516866100177736        0.0000000000000000        6.1977783585336912        8.1816374934585099        6.7174114795475219        5.1398825032526876     
   5.4696945885062940        4.7282260669210343        7.1326748204962236        5.9554744883758017        6.6710238433690172        4.9302738379373645        6.3392971847333746        4.4874391461364942        5.7954139632151174        6.7870064140064690     
   5.7257005412727429        5.0577383595771632        6.5778678979635981        4.3626831057152833        6.4462630017759199        5.0482315439889653        4.9588708767936227        6.3712616617283704        4.3503798881931308        5.2051470872501433     
   7.3029823469305617        5.7920276843933980        5.4234252757964478        5.6165970900463380        4.7323515621709999        5.5699373331288582        6.1686383932340796        4.8172840949466575        6.2090715716601972        5.4849852389464040     
   6.2076266755215501        5.4982474583239300        5.9815759431989939        7.6597403226637821        6.3731718725326436        5.7602458103878211        5.1329718959885566        5.8253561016036404        6.5981244728236526        5.4381856613736144     
   6.6568779216781930        9.8517029987515787        4.3290294191746215        6.8987803818264242        5.7010302654301395        6.7205075082049861        9.2638346420043298        5.4902483525913413        5.3024409072899994        7.7934269420932090     
   8.2348426082610865E-002
           1           1           1           1           1           1           1           1           1           1
   5.4447464468246332E-002   4.3080895291310504E-002   9.8795624971408072E-005   5.8432207745873948        4.9408624057268409E-004   1.7583264588043340E-006
   1.0659301697848111E-003   1.0620820561712666E-003   5.6431548923267926E-005  0.20011970068490037        5.6411423054590890E-005   2.0012525109154513E-007
   5.0000000000000001E-003   6.2056461046441882     
