   0.0000000000000000        0.0000000000000000        0.0000000000000000        0.0000000000000000        0.0000000000000000        0.0000000000000000        0.0000000000000000        0.0000000000000000        0.0000000000000000        0.0000000000000000        0.0000000000000000        0.0000000000000000        0.0000000000000000     
   1.0506467279913802E-003   1.6866872973330511E-002   1.3062848089422202E-002   1.4925010708629406E-002   2.9689123410476026E-002   1.6387410868094806E-002   2.1454248312132374E-002   1.5965134172133248E-002  0.21320160447236519       0.13565480679233854        6.2859158368150439E-002   2.0867207816082280E-002   1.7222923797168905E-002
   1.2593092668171491        1.3036364537914125        1.0465976646358723       0.94939291010538651        1.0762739475627625        1.1639842059668020        1.1233650089224885        1.1868201110069592       0.98328947415375811       0.91730104949167102       0.93772793097704843        1.3313261973912704        1.0313082204212665     
   2.1241310522727101E-003   3.3858547411476453E-002   2.6418293274175639E-002   3.0062543119703976E-002   5.8350780339255483E-002   3.3032735095542699E-002   4.3049874843164249E-002   3.1321664480141329E-002  0.31443962904684070       0.21131395200514780       0.11254470097230691        4.1523708998306916E-002   3.4171785350255335E-002
   2.0066072150741019        1.1573119108414627        1.1294721285342557        1.2711185501046234        1.0103142556105824        1.1810306299132203        1.1293366466500510        1.1702994820179318        1.4501467090291993        1.6076247559998913        1.2313493335236732        1.3497388380725623        1.1059752444193853     
   3.1546062596188545E-003   4.9657604522066690E-002   3.9744234959715158E-002   4.4275569343577348E-002   8.4191490843794806E-002   4.8407309030217123E-002   6.3998579257798033E-002   4.7267365069493229E-002  0.36372094575926489       0.24276193699181159       0.14611235041375112        6.2123150510985242E-002   5.2658928180577630E-002
   2.1422744529467392        1.2247370850594201        1.1044528275292780        1.2621187516161321        1.0866236796588540        1.0600741564229561        1.5562796079332650        1.3158608528672397        1.6006926059555451        1.5571294195347312        1.0436331400890726        1.4149539692346296        1.3074082853993010     
   3.9393899435067013E-003   6.6570883295358221E-002   5.3191524595738698E-002   5.7989382540699866E-002  0.10949020344361635        6.4172109714777298E-002   8.5255529981279790E-002   6.3170031925021311E-002  0.39245866173637284       0.26144801118783417       0.17463755292117020        8.3666094663945589E-002   7.0698835929993237E-002
   1.4915287279513503        1.3066256669424456        1.1753097798541428        1.1468119853974568        1.1097753665838268        1.1304402373034790        1.2948541222973080        1.2989154201667197        1.2877684456593605        1.2477921008216650        1.0380553974491524        1.6387940029141963        1.0520813869309151     
   4.8309353003514388E-003   8.2019809840790575E-002   6.7026160843953006E-002   7.5292871231062819E-002  0.13471056280987379        7.9935395254226313E-002  0.10515944414622333        7.9229287655579794E-002  0.41324726718334115       0.27131165277534613       0.19903392118571031       0.10614611385501369        8.9241829154772051E-002
   1.5404975664537028        1.1778886361779497        1.1003677887784262        1.2281479443220977       0.97388548147070808        1.0666335834379226        1.1163783963059455        1.1734223596120270        1.0144244609546054        1.0512222505056323        1.0998520319220459        1.3260689417923808        1.2516467637822122     
   5.7165570906886638E-003   9.7251014109418790E-002   8.1082959194512527E-002   9.2720486806168512E-002  0.15957487806090800        9.5141814646805822E-002  0.12461063017969388        9.4854896020609661E-002  0.43432003526800500       0.28090007243706228       0.21954807249739208       0.12970090166255724       0.10776807279450856     
   1.3539906708860245        1.1382028292721367        1.0574255522607638        1.1190928350055209        1.0446923638458421        1.1072859083567825        1.2468193386813973        1.0118368239240159        1.1056973690000524        1.1372637860989618       0.99797220214852067        1.4105481257271832        1.1429864890320718     
   6.5684958775070017E-003  0.11400610763872199        9.6196032515130189E-002  0.10991217832300255       0.18114929509594968       0.10934248168034166       0.14434241713711379       0.10941034751368470       0.45545630841188744       0.29032113134862636       0.23785480073268347       0.15252638489571868       0.12569462301243020     
   1.3152628626624838        1.1504814474645251        1.3247418444648504        1.3054189055593930        1.1150867932869215        1.0383646008368574        1.1031462333580300        1.1481316198675811        1.2332410962187095        1.2175439341959151        1.2748937061206063        1.3624484272176507        1.0962285119432496     
   7.4809598213653747E-003  0.13078096196546624       0.11118100644240551       0.12740140541687800       0.20361186263362566       0.12327702078024266       0.16377487930265158       0.12448789578906218       0.47477113680772992       0.29939379922500470       0.25302200885806059       0.17458472160211908       0.14344073398575025     
   1.1828167232528246        1.0029197589432457        1.2469331680696532        1.0896728505239814        1.2542046282890984        1.0092876073041375        1.1830720192928554        1.1358500942097556        1.0140219919227089        1.1179502613723811        1.0270228554001459        1.3669678020111187        1.2507344946439005     
   8.6273253698578075E-003  0.14981612745868769       0.12582135271106545       0.14356520598988309       0.21967572386806383       0.13984584674760026       0.18351472273827737       0.13947762212323689       0.49257931154657369       0.30746685293919479       0.26727545712170042       0.19483214470347032       0.16147952653835937     
   1.2203213688542089        1.3354130461532765        1.1899293591132196        1.0875255083580022        1.0809047847639588        1.1256913418462406        1.0397243268715401        1.3483326373622049        1.1737421197330213        1.1376242547740263        1.0589194490024045        1.2169295648394753        1.1483328383104339     
   9.7346861755650167E-003  0.16832093882199975       0.14040474084520599       0.15861232900864089       0.23650770131750196       0.15576790368275456       0.20260275276699388       0.15443287029072467       0.50749848308526579       0.31548176296944891       0.27953270852578449       0.21308530837363068       0.17966668326718402     
   1.2486607072366589        1.2211565639847577        1.1767434736463276        1.1936964346975178        1.1819439570286012        1.0624227670703790        1.3361337553346588        1.2921499940453141        1.1429849110042376        1.2000146624866159        1.2268910716854038        1.2676321133730111        1.2730375226311295     
   1.0954672022963977E-002  0.18561268953128035       0.15748539772624032       0.17325560870972206       0.25311305256003835       0.17070752377678228       0.22157778780125617       0.16946373807609480       0.52162661189838622       0.32328203474021566       0.29129720667441944       0.22966843318667290       0.19752156601645351     
   1.2274746547942954        1.2466222345116118        1.1565348986141919        1.0990437690294901        1.0767553669150769        1.1274740769313474        1.0635910078124851        1.1966693311637413        1.0126287094816038        1.0004976658695466        1.0256692318050469        1.0482727216359435        1.1114511540447087     
   1.2212815491012151E-002  0.20293047569664702       0.17540440230372248       0.18808626186471317       0.26876142233261557       0.18589108061152551       0.24057831417955827       0.18519955951912528       0.53527575161497243       0.33100423428462622       0.30256412510421010       0.24482512559187117       0.21484082289773598     
   1.2529333025153320        1.1335555079783453        1.3078438164893447        1.1591749922513441       0.95706700440574488        1.1473103013844705        1.0214186824766873        1.0599080102327201        1.1255329066720432        1.0702422359254966        1.1088119853830385        1.0994509445385241        1.3209806581250592     
   1.3668111479412198E-002  0.21854134224770175       0.19252685178646284       0.20461810317682896       0.28480890897846695       0.19983339699908054       0.25882164075076153       0.20019782267767491       0.54820524150489858       0.33872575234339874       0.31352636139069562       0.26156538240428567       0.23188019520186615     
  0.93740173137488403        1.0311959733288991       0.99129341922401337        1.2713203481439943        1.1938199787900134        1.0140486759979643        1.2161484120037493        1.1260352287341553        1.1616906835424443        1.1511441084686642        1.0443010192317392        1.2811829790318381        1.1363080384258355     
   1.5275068719981279E-002  0.23356643663541282       0.20919314184648061       0.22136459046068618       0.30089776175411403       0.21415335698619320       0.27664973248467867       0.21458356795728606       0.56101783547459605       0.34603591510540604       0.32394456530264271       0.27883985006551332       0.24842128706501862     
   1.2574758992049768        1.1434408051518659        1.0969421659215473        1.4012855860870643        1.0642962623336703        1.2894907941320617        1.0853873310983915        1.0666029918930693       0.98576017039343256        1.1371367175733929        1.0648027441548804        1.0404851903107586        1.0254676856539624     
   1.7058094985003186E-002  0.24910617571930743       0.22538744591559190       0.23760196854158847       0.31946521720429955       0.22752521895546288       0.29442585638118596       0.22915136282334028       0.57355746249630346       0.35262026414275116       0.33404942990218772       0.29645691414115055       0.26510060953122933     
   1.1020688762224704        1.0197870242076559        1.1506841668848220       0.91304208396848219        1.2771452074948113        1.1889022651632022        1.1714838562227852        1.0935953024596841        1.1211534334124142        1.1100445543164701        1.0293940277482414        1.1368675614117358        1.1779161556769755     
   1.9207443104255782E-002  0.26481227566414378       0.24141957886332494       0.25354711631350579       0.33767919983259176       0.24083507671266915       0.31221868039107964       0.24363536993519017       0.58603983350136901       0.35937189960347893       0.34419620996086508       0.31452404050869820       0.28252302560481379     
   1.2786152564391278        1.0948559007836471        1.1744514339516114        1.1222896342283379        1.1825730170791215        1.0050959523692808        1.2232520814744317        1.1040136469570503        1.2883449872005237        1.0861082365984951        1.0563807521219573        1.1397371173252815        1.1015861088911092     
   2.1403423289960623E-002  0.27971102518070823       0.25662114427953220       0.27007343970822023       0.35446788249610750       0.25661871153478327       0.33004101716144879       0.26246205166705916       0.59851132204474133       0.36616196055589684       0.35434393683678633       0.32921830847858113       0.29976816499532954     
   1.3756764052366741        1.1255148472612020        1.0032247691123279        1.0623782004931948        1.2513324914417308        1.1824189846108750        1.0944923199312850        1.1008033947636746        1.1421116525193076        1.3098609645537533        1.2723938686210898        1.1435894469285022        1.1158634711505535     
   2.3665619805378648E-002  0.29422527577263485       0.27177554384939911       0.28651966816002988       0.37053876795912771       0.27256819076634059       0.34813544521332201       0.28137780840355808       0.61022218829601704       0.37317656362297247       0.36673866700826535       0.34325751957955264       0.31364339395445928     
   1.2181585942485107        1.0880448280478938        1.0220282667971754        1.2835026293355605        1.1301982047479850        1.0341047174009392        1.1832919172797915        1.3215844186269443        1.2702508013275191        1.1201743562035822        1.1157278807955664        1.2820276805786508        1.0654102532197369     
   2.6141818188401188E-002  0.30789783292751705       0.28736668835467677       0.30438531038258548       0.38559393057444968       0.28818643775161445       0.36600648723181428       0.30034294074001849       0.62098858232330478       0.38081929424260624       0.37944329004828004       0.35762050502745701       0.32704044123261289     
  0.95303827694985088        1.0974844049074723        1.0930041053956092        1.1997548898515955        1.3117659748308159        1.2394993750359726       0.94560091430893478        1.2291531787832515        1.0373702188395761        1.2170432282242587        1.2857160651350834        1.0677982025837844        1.0630755964322498     
   2.9359692154020511E-002  0.32136666915631174       0.30283588149355345       0.32201359440201865       0.40115724750131249       0.30314353537563932       0.38391039430401575       0.31788190230422192       0.63084390049374772       0.38837158605068944       0.39268137725508279       0.37197077829316966       0.33938347947991437     
   1.1243994988527239        1.2231475495602737        1.0720160037251114        1.0738509271915397        1.0863567797911995        1.1771593186289873        1.0528202993973470        1.3054832069749727        1.0245133493455369        1.2033491882477318        1.1715395181057633        1.1752388338154169       0.93196228040916118     
   3.2596967474763594E-002  0.33584074428464261       0.31650692025018717       0.33946150748788423       0.41577708628301274       0.31718222186018502       0.40175168904850267       0.33408368620809364       0.63910747762105735       0.39590279432972947       0.40621605195434007       0.38594281930627045       0.35145198252970344     
   1.1902907950323942        1.1554196518853981        1.0179579004006589        1.0208343150780019        1.2565426559744892        1.2423463718020842        1.1525555772259974        1.0960722977936606        1.1441459837550703        1.1836903149738731        1.0524856349495961        1.0484630021395023        1.1842388041601868     
   3.5963751994779969E-002  0.35109090308473201       0.32947555389599265       0.35705951307484801       0.42997343639324381       0.33184527051091450       0.41967365878055735       0.34956655180934854       0.64781478388814084       0.40342306287631452       0.41900720063266367       0.39999450250828023       0.36304067200349566     
   1.0560314561574360       0.97548936677769993        1.1069923204228240        1.0965044165667670       0.92435825690582796        1.1672625619071813        1.1148556166014085        1.0448703800350019        1.0579498832928380        1.3147645366747833        1.0127333777179910       0.94410825609288052       0.99628883172982585     
   3.9470949307678700E-002  0.36651349886872175       0.34268205766619597       0.37304571824331595       0.44459124618418616       0.34771634114379613       0.43713938347620734       0.36564676964527437       0.65715440540075620       0.41025949288836788       0.43154497753834747       0.41266717329632480       0.37638999112471827     
   1.1337669510824868        1.0528337815074764       0.93193340075221387        1.0962631468748680       0.99528373883592813        1.0359136389415726        1.1236435198866512        1.1696437838841125        1.2482103000511322        1.0147604064676699        1.1093386381778207        1.0611454580505095        1.0416136328629879     
   4.3278530731353224E-002  0.38192199088297851       0.35692479679798739       0.38870826680859072       0.45963878329375646       0.36414209589833763       0.45445471442698404       0.38121995834699413       0.66556688507681094       0.41736526965605769       0.44476137957794748       0.42549012864395458       0.38959726460258259     
   1.1689824808601341        1.1486389256241349        1.0643908312938930        1.1432229569168195        1.1284172661514817        1.1014730843061400        1.1688921130513008        1.1413526510583694       0.95277542369943746        1.2909315245693025        1.2985258427572477        1.0182546931674927        1.0075273425741214     
   4.7270688828547923E-002  0.39769345482377727       0.37078109682260113       0.40320917704996867       0.47359282766349092       0.38085669142528611       0.47105158849051770       0.39639099547952855       0.67276655589247025       0.42427313786399484       0.45853230286315505       0.43852227354374762       0.40477753589441778     
   1.0376558187187632        1.1233370035083774        1.0371403806988611        1.3311346611777539        1.0232093784619576        1.2379995177736420        1.1474442925484638        1.1433888067044258        1.0925289843683037        1.1290817150001804        1.1466180688947742        1.4003515666142043        1.0859580193968643     
   5.1502468121296580E-002  0.41410072380344171       0.38422284369865212       0.41788030084444949       0.48698204758407054       0.39712072741535503       0.48771227650660320       0.41121837010492002       0.68016856797884617       0.43125963577960968       0.47210432743509795       0.45143828276129677       0.42069253063613465     
   1.0431036093207795        1.3991498555886359        1.0492091221874129        1.1441777233899977        1.1901842292391938        1.2600412344120082        1.0495791196682176        1.1271063687564993        1.0768885356066895        1.0383486517114948        1.2438517079651763        1.0419176514261406        1.4090424359634841     
   5.6282901525357677E-002  0.42756585667145264       0.39758548651984599       0.43316180617667355       0.50114925506483132       0.41251476193623071       0.50233866465344501       0.42579708107643410       0.68799250551025148       0.43776644896414629       0.48561091228824649       0.46485086493693056       0.43645297802603633     
   1.0313690466231591       0.99542808874658417        1.1343567111502826        1.0497816968822520        1.4283348228440198        1.1966324338754788        1.0623323622568306        1.1889999472590185       0.96696302639033349        1.0496007508152561        1.0664337594441105        1.2045417466676054        1.2062047657695207     
   6.1687043406406038E-002  0.44008056010908569       0.41147930385533393       0.44838447172101586       0.51567078478555883       0.42819899951966822       0.51707148531395242       0.44034425832057883       0.69554836324659919       0.44417802908415921       0.49930795912905995       0.47862681855885975       0.45235984898817644     
   1.0042319377894122        1.0891252566299390       0.99695140521798797        1.1455064588748416        1.3011747907288025        1.1762081466311092        1.0185621957913709        1.0636692527772340        1.0895181177419848        1.1574291430860053        1.1218878964907948       0.97657042126694638        1.2101755842657518     
   6.7230377109700937E-002  0.45584696194653990       0.42630597986639218       0.46485059485804675       0.52890781667458586       0.44448017540080764       0.53329807272897756       0.45521388817100850       0.70255341081541789       0.45042590634990465       0.51308365140162138       0.49310231032428370       0.46619537123162630     
   1.0307673649002913        1.0707281838218616        1.0706815350962910        1.0300727519149619        1.3658917822760583        1.1931289598497774        1.1533256006833175        1.0602933301508772        1.1775109904722971       0.99741682200627668        1.1202472393470806        1.1575811684467057        1.0965732448967525     
   7.2909754459947795E-002  0.47259482872309266       0.44141674058145580       0.48139638860408346       0.54074793830488022       0.46081609144733915       0.54941486539586215       0.47073985314245531       0.71009531044393526       0.45678099081790846       0.52678935179080077       0.50712663313045481       0.47957870351241866     
   1.0183649323271196        1.2054905308214319        1.1191994816819459        1.2646950674616384       0.95568597449146431        1.1235124978875792        1.2114055231700951        1.1384757121349174       0.95678569504400357        1.1086646685338539        1.2213525723901852       0.91591319399421056        1.1411007567762126     
   7.8674141898532307E-002  0.48997063363482818       0.45760926363164300       0.49801903662241614       0.55255839123874662       0.47710086883065328       0.56505256285344485       0.48617158203623173       0.71772616567450720       0.46336407982106487       0.54008314301452054       0.52042716988292503       0.49178404462685893     
   1.0344162786875131        1.1485450073368177        1.0933540703673201        1.1605556421696590        1.1664360341532607        1.2446476331502616        1.0782414176167219        1.3383943353381338        1.0465757792611221        1.0607647603672989        1.0745781643286878        1.1969059609182420        1.2377712703546351     
   8.4526861839016434E-002  0.50731892739862428       0.47397066609357558       0.51414100418735587       0.56399376812838631       0.49416722359749110       0.58031214020306754       0.50053683205453003       0.72510502103571361       0.47011710029004061       0.55333473867757288       0.53404719673530265       0.50392926313006692     
   1.1107024917600870        1.1791254651242271        1.1710361774481695        1.1907790920845773        1.2159657084503419        1.0810151884640802        1.1804048204606028        1.1799001947443741        1.0111070630576395        1.3309768700531457        1.1496203533064353        1.1020933528349943        1.0243862540662410     
   9.0673363524489015E-002  0.52557472441571396       0.49055961079814775       0.52958461321716310       0.57549577004297015       0.51214460500902692       0.59552560754569017       0.51529054861717893       0.73252423499112451       0.47721624550944231       0.56703760167115547       0.54775829054067493       0.51912389553959593     
   1.0806105818880587        1.3318461632522189        1.0343862652260700        1.1368572723210524        1.0981531705978411        1.0627901473355681       0.97910510514522142       0.94272872284672560       0.99846131994679432        1.0787280921027709        1.2259967845146269        1.2249080273169413        1.1708362757025843     
   9.6893342018721504E-002  0.54414454411027224       0.50721052633502983       0.54518921533863929       0.58715439927822499       0.52873858328266332       0.61127613116954216       0.52997385699498722       0.74016869990461609       0.48445797588829237       0.58131901776261463       0.56146634986100330       0.53351189305470614     
   1.0195456707532844        1.0511051114207510        1.2296205317992497        1.0357902428218646        1.0981826671004886        1.1999242500330234        1.1933883061575887        1.0879321790857486        1.1931517668981482        1.2938363583851831        1.0166320640693776        1.0898800619960110        1.1683014060463648     
  0.10550975383572150       0.56239860192524460       0.52431350272946764       0.56066024835869332       0.59861040495472784       0.54376855589539852       0.62794724674014468       0.54544148609273746       0.74789505999956729       0.49171373831131010       0.59600984855632011       0.57592469099607335       0.54825125075564241     
   1.0308001772090307        1.1432598844213775        1.1053494617821025        1.1810134761563211        1.0954541056553599        1.0928116969224790        1.2454189200701060       0.94071565771174226        1.1756947381211598        1.3611514957877151        1.1909332267305111        1.0943169154159742        1.2573117217201317     
  0.11410635075650039       0.58035811208990018       0.54273901396709889       0.57567071764837596       0.60987529609251412       0.55920621667899129       0.64432277008620398       0.56212704987337825       0.75554093820430346       0.49910057038344224       0.61046219064272766       0.58989346705253265       0.56293773598541741     
   1.1123296436919738        1.1598963758231038        1.1378709695478832        1.2502425955402092        1.0656558306453709        1.1270949415514953        1.1386598638704792        1.0879457379850765        1.0996478745683784        1.0450485175633750        1.1812114067990660       0.99826535233758651        1.2745943041029477     
  0.12265417768113226       0.59786589876064855       0.56225098818791464       0.59072362129317879       0.62000932870868397       0.57579677172486821       0.65994344925075321       0.57868134867610022       0.76336352718543266       0.50632394348586673       0.62461130708562795       0.60287046424926327       0.57815102571028865     
   1.0302207008663653        1.2299827269603525        1.2118815949551289        1.1215748419809866        1.1896391622824414        1.1060412251104450        1.0668059105337053        1.1340395452347574        1.1047904569207312        1.2551115313083689        1.0558857141489160        1.1777768341588106        1.1372392729403462     
  0.13107292735957127       0.61508155097087525       0.58097892332291101       0.60639966957613145       0.62936899032297011       0.59295697179665408       0.67554752725173683       0.59495470644680992       0.77095244861172774       0.51322526628363463       0.64065839787173462       0.61611827241205774       0.59336498948068495     
   1.0494655873457004        1.0485748776912884        1.1455729305399978        1.4682095243733944        1.0421805703213878        1.2529782706230066        1.0956945055726910        1.1461824078247247        1.1825502318318681        1.0667157678288615        1.2010705802387507        1.0786207895616917        1.2313253904238901     
  0.14386215317281756       0.63259081961123997       0.59884868915013167       0.62239476528252902       0.63920780143299005       0.61090847343535637       0.69102642805862491       0.61092344230397988       0.77821224572247716       0.52038042458834821       0.65767363188266015       0.62821103678525214       0.60945499520970670     
   1.1068842559768404        1.1338695694374159        1.0239266435579049        1.0749234312368912       0.94539824463402700        1.1295515907248102        1.0609729607162215        1.1407702002444258        1.0202812399871233        1.2022916890575603        1.1945993666297943        1.0271143464932169        1.2829210805993796     
  0.15717472909820507       0.65014349717133402       0.61571025084569786       0.63842377842389020       0.64889538333185581       0.62878933553478178       0.70606597515849256       0.62665304269947042       0.78578847922312800       0.52744574868070049       0.67375760916355742       0.64112261397346537       0.62530973926509303     
   1.1401483868470952        1.0506576852396936        1.3103095429162528        1.1423994522760172        1.0895985689445835        1.3096132767555611        1.0656961034685017        1.1080352057458707        1.0996393730168585        1.0881437976065833        1.1744918759568432        1.1644683084802121        1.1917482761486191     
  0.16993180925627796       0.66750640539896477       0.63216220865119410       0.65368375923289779       0.65910451933944147       0.64528250218966499       0.72070520800352922       0.64290245394390688       0.79395009775403136       0.53441387985386801       0.68914017022351604       0.65175537153869101       0.64075321738983793     
   1.0946349837784763        1.2773497228878681        1.1723607846693980        1.0304065709677488        1.0392448037012723        1.0702413678249878        1.1025501808506077        1.1256002365096907        1.1655335980501236        1.1477986764416188        1.0860370566508992        1.0739436434050522        1.1717615094035980     
  0.18218305111298835       0.68445078532517734       0.64826720066933541       0.66911022500129125       0.66958036311242808       0.66220169522853167       0.73501281239068927       0.65958784424952432       0.80223182418616723       0.54126370369718202       0.70379422922581725       0.66207748434246017       0.65599445737633622     
  0.94516016617755283        1.2001446563398834        1.2274758945258379        1.0845565396322847        1.0875681305225191        1.2022106472547349        1.2353751247229743        1.2060538057639878        1.4901227381551230        1.1207016731121877        1.1326499903962417        1.0192091438937356       0.98829555146715697     
  0.19846888459509762       0.70106110205050198       0.66398576172318613       0.68395315422243208       0.68057302621464821       0.67772335294416497       0.74925656772456672       0.67645705687788615       0.80901988755674881       0.54819642501959576       0.71760152516381759       0.67445980565054231       0.66949573057780687     
   1.0775041972677974        1.0586934622935602        1.1783763879560505        1.1481626881195597       0.99076680037570519       0.96356235534447365        1.2186249389724222        1.2362640821865301        1.1598920985069228        1.0628355592368990        1.0371403806988611        1.4183736123064783        1.0863829459761736     
  0.21501989247893377       0.71747932729162556       0.67959446128994538       0.69947092363543928       0.69228962202596500       0.69390749181641753       0.76379310778691212       0.69270142684402780       0.81557365329514075       0.55531562162848302       0.73232069912341680       0.68670959594636083       0.68334795339414467     
   1.1503640052447845        1.0857656675663567        1.2865834720255531        1.0454099703648645        1.0328415220615521        1.1062959103999506        1.3026794279020610        1.0851718407196334        1.0462491914191592        1.2205942165082593       0.95802839037973631        1.1763873039216182        1.1380872537853557     
  0.23771375046203636       0.73429841459615652       0.69556397200635856       0.71486474749620355       0.70364611712291980       0.70980001784104008       0.77789646367835719       0.70926787333837282       0.82307633927253832       0.56272073748979357       0.74815804902563476       0.70010608656912066       0.69876537816412088     
   1.0884268379433784        1.0287099977807297        1.1849174766118837        1.1987100603609873        1.1197340963699174        1.0911905704369607        1.1054789849902742        1.1046364072150738        1.2305179755286344        1.1119209231687621        1.1384297175783218        1.1666370013986365        1.2007639539674100     
  0.26171093033721748       0.75064629923046189       0.71196412251520724       0.73081303605750059       0.71443204981678843       0.72627241835820533       0.79291627970974565       0.72631017032353962       0.83060606880852395       0.57039321375740848       0.76365015380432189       0.71382171231770741       0.71511826414572066     
   1.0590683659314541        1.2551544775823078        1.0368281429323605        1.0768984920679725        1.1249614650635249        1.3558848279451861        1.1633086053119379        1.0399745302925145        1.4080569131906226        1.1158657614474941        1.1650283442859006       0.95267691782084751        1.1430275732017996     
  0.30381792668082130       0.76654202959850481       0.72794053919227097       0.74625176752618849       0.72685455658423370       0.74200873696308900       0.80704510756746750       0.74266795737217006       0.83816899299375414       0.57808590925730985       0.77749655837052589       0.72910938111336598       0.73065139375848520     
   1.0177751810464857        1.3157308378321952        1.1594844436919616        1.1052171741176802        1.2021698137361940        1.2996712403426827        1.2244238462551698        1.0838454761809500        1.1217263402346227        1.1216785996937042        1.0304489719260814        1.1236534406631289        1.1823298690892716     
  0.34656092518938464       0.78243937340318404       0.74279258219670852       0.76173931582277843       0.73985465141988049       0.75732992070685778       0.82124896812924064       0.75861048479958215       0.84591830118062239       0.58600678382157378       0.79085069265281738       0.74493497176708579       0.74609331578557703     
   1.0988603067345790        1.2622218245184063        1.1427962576291020        1.2372799736713029        1.1502715511635049        1.1579800270372083        1.1133364137910309        1.0422226561086525        1.4155885762387361       0.98957138716858328       0.98492478228112623       0.98187230919022550        1.0697305644511843     
  0.39197119111569445       0.79815474604338355       0.75692650387309068       0.77649910188606364       0.75340637664503074       0.77303631640748727       0.83443968951393843       0.77418571842625550       0.85344330487594333       0.59406451443344566       0.80391323897055811       0.76093445396274306       0.76185663703393336     
  0.94474819799619625        1.0905282996965326        1.1654327839584591        1.1409647161666940        1.0928465541831496        1.1709142055946997        1.0998468780265767        1.0448000111302638        1.2878701899563532        1.0697107914347967        1.0855761178150853        1.1554425451218129        1.1106506051290770     
  0.43678989557662778       0.81373377341784259       0.77202573631730453       0.79127062048741914       0.76709250765774628       0.78901729865470971       0.84796733553036452       0.78934182293065347       0.86072939900158074       0.60199724186822356       0.81727002461247422       0.77769215266576619       0.77739269144979206     
   1.1460891920591059        1.0183453127093820        1.1160040263889734        1.1871176533294272        1.1612616843539769        1.3282823240232660        1.1130085445387090       0.99681225254641559        1.1089997131008644       0.99637620453797837        1.1865391948072326        1.1266817246219591        1.1365790066452468     
  0.48092498628413577       0.82917576437695395       0.78842855115707933       0.80617254167064012       0.78318882226863329       0.80546738042527688       0.86084082918070681       0.80468078561454159       0.86827028237891235       0.61020452063990127       0.83079381630454197       0.79479347463477357       0.79224428538556046     
   1.0882873465038827        1.1724875700982271        1.2187852959651595        1.1884647208684731        1.2547987098011508        1.0343180179684721        1.1760864123020911        1.0765713363433607        1.2027742310116394        1.1612649880926371        1.0212717244446397        1.0733627741247149        1.0217074286201142     
  0.52129844029060590       0.84425883892568176       0.80538939343754334       0.82049604664300513       0.79962928430939051       0.82212597735560056       0.87346721103783298       0.82039474104742682       0.87602914672056875       0.61979582413359791       0.84454150524558935       0.81188417220472875       0.80764119403866064     
   1.1061156115538082        1.2013855655166878        1.2095033511527611        1.1737301435678091        1.3374057269227431        1.1180344498442354        1.1012634484412931        1.1544771994108780        1.0309239150185681        1.1476253067380375        1.0683413512970759        1.2213530215665827        1.0599252931323604     
  0.56058540944764623       0.85952344303368899       0.82284693774971551       0.83553943400535513       0.81281333021858759       0.83853143427018262       0.88544627085097605       0.83447146895050273       0.88364826388399231       0.62946133142860516       0.85895700519342211       0.82774903270235733       0.82352236133464174     
   1.1871132846896078        1.1661741794733789        1.3420444940345257        1.0233579812863747        1.1661989814287312        1.2271878197475299        1.1229592552765337        1.0395876469815750        1.1912305278304844       0.99817770443393328        1.0424154630215394        1.1588190398233702        1.2793256322004087     
  0.59325482138589125       0.87430955747829553       0.84025536780849752       0.84968225616962012       0.82564997509361215       0.85507855294496105       0.89724277104418593       0.84768781263328474       0.89112588856405672       0.63826056553918820       0.87308227132822513       0.84360705760663024       0.83945157504774359     
  0.98649843377858715        1.0829112619164791        1.1342961095103421        1.0714487582284027        1.1113387951584481        1.0245713038569664        1.2036755245578368        1.1892184980672593        1.1056310667009286        1.1513351726077055        1.1561753055717470       0.93262920072035038        1.1365383116897432     
  0.62567943477925481       0.88857683470817495       0.85796580444534420       0.86500303913132015       0.83998025946428012       0.86974436145873180       0.90812424673977143       0.86104356622850986       0.89865392788808351       0.64756897833347860       0.88631909505708040       0.85981786050932207       0.85611799265327149     
  0.93973109428776014        1.1585264177901533        1.4054701006897743        1.0489691648713291        1.0706173382489588        1.0550912374695127        1.0924951769690281        1.1659137248144893        1.0255721302418359       0.97492554671589726        1.1222749213205958        1.0745518371580332        1.1963549844289467     
  0.65728618999371702       0.90185693906354358       0.87489901448896989       0.88029176639527673       0.85457336710479936       0.88416116383428989       0.91910506475620302       0.87423820369472360       0.90626520800698518       0.65801796256877065       0.89966617725516862       0.87626277304611266       0.87251603877706885     
   1.0923561305074336       0.99428765952286546        1.2314919368683430        1.0559785480009587        1.1525118455933887        1.0513211045243023        1.0703353854192552        1.1324292180279507        1.1461595134149785        1.1126080362787352        1.3463057604521433        1.0607015425427406        1.1322434158281534     
  0.68939257460415226       0.91516957231490570       0.89112764785031462       0.89521431831092624       0.87111917895702806       0.89838750787890798       0.92959163987845739       0.89023640733889720       0.91478755036983583       0.66858414046858050       0.91278438413543850       0.89310386256803087       0.88807546256114522     
   1.0449653043663205        1.0557653017081789        1.2284416443516037        1.0874369303830793        1.5135774023609427        1.1601023454180650        1.1180390967701901        1.1470485681144456        1.3416527303660315        1.0467978134954836        1.0676648563560538        1.0459766920165423        1.0973230470580047     
  0.72194561071183150       0.92764179104160149       0.90706454853360574       0.90980786059336527       0.88788865488019586       0.91292796370442197       0.94042857607660735       0.90619146820431451       0.92377296765744576       0.67958646741216699       0.92560083742799248       0.90972661561414037       0.90310869832142671     
   1.2078726374270075        1.1246682143815776        1.1691248328061699        1.1098558943113739        1.2808623868493016        1.1066694655263059       0.97895983617878457        1.2602433054173630        1.0897822748424346       0.99971992602072079        1.4053612894578884        1.0439985534939733       0.95083408443990880     
  0.75413913579748371       0.94000544631346383       0.92254417761847174       0.92516595716865813       0.90582402969484954       0.92891320784280040       0.95055527432295139       0.91832958715497903       0.93287357057797049       0.69315706307663572       0.93819342739563394       0.92487553229997743       0.91864768823750853     
   1.1200542530245829       0.99549368183767128        1.1879260195113890        1.0271287894522367        1.2826664410391340        1.1483859955974629        1.0657910203681276        1.0142720159000298        1.1091946744694849        1.1286495220254682        1.2216441701153136        1.1078652274881637        1.0958120279187502     
  0.78550089646846433       0.95240003556426245       0.93839022422023410       0.93970596931051054       0.92344133039067378       0.94476086975721363       0.96047599771992354       0.93094594953173804       0.94220332627927106       0.70965321565173367       0.95054120681292953       0.94014652120233388       0.93414905193931008     
  0.92156749068070243        1.1217888248087036        1.0393321292310798        1.1237514540435729        1.1374808776166849        1.1320841094515557        1.2733473277835008        1.0668750206768021        1.2081895679729442        1.2893356400187868        1.3575478618422481        1.1113929707871593        1.1542550456105320     
  0.82179975524707982       0.96408358262138250       0.95432109762212958       0.95526236222103944       0.94232587038057469       0.95870602906466185       0.97033212368980015       0.94798084498909407       0.95280088403293350       0.73295714551461111       0.96275930670195786       0.95569911809406904       0.95096991742578929     
   1.1903682724284139        1.1232702139048127        1.0881360976848116        1.0606682698038414        1.2051618784112887        1.1514296951046072        1.1860700942318594        1.2101688946494695        1.1296959080450317        1.1232895704178443        1.1845274704817952       0.97567894577212044        1.0807952393006641     
  0.86133979566361796       0.97510754687422485       0.97058633136066086       0.97073394949294023       0.96087702155535459       0.97267456762948923       0.98034894598019040       0.96471947095041044       0.96441124139327639       0.76658089020982167       0.97496293217050212       0.97149665264928964       0.96867458846996035     
   1.1446970500131848       0.96882060494553601        1.1316055145233554        1.0699071879377333        1.2242254266409243        1.2310455825847477        1.1168478901134733        1.0566550301787068        1.1312900309556821        1.1136124781667407        1.2426204548200102        1.0502225557372700        1.0965737610990172     
  0.92252351248297626       0.98769787390460717       0.98533244234678152       0.98524403470459732       0.98007363614522325       0.98603697896034781       0.99027922156266457       0.98256411008958555       0.98026135983497398       0.84176834085379926       0.98757104389833550       0.98577351314207140       0.98452807353532068     
   1.2368683558590916        1.1818369347263356        1.1060866017655937        1.2913859248354322        1.1714845084228775        1.0496044498268473        1.2264858650558570        1.2154799703690089        1.1548716490647730        1.3574475230856808        1.5376219632348809        1.0144264936565328        1.2884335862089609     
   1.0000000000000000        1.0000000000000000        1.0000000000000000        1.0000000000000000        1.0000000000000000        1.0000000000000000        1.0000000000000000        1.0000000000000000        1.0000000000000000        1.0000000000000000        1.0000000000000000        1.0000000000000000        1.0000000000000000     
  0.88383070077603809        1.1301019049107170        1.1895580207858547        1.0939404901104191        1.1412288526732115        1.0126767653422077        1.0650806745833912        1.3071487551997691        1.0068867978319336       0.93223464053156602        1.5886173913773847        1.1643314175339636        1.0941805580636230     
   5.4351481341486840        4.6045236474246645        7.0174467086178565        7.0844965503388559        3.7600023513967598        6.6156856204257810       -2.9420309780779670        5.7044742027433220        12.437071590646665        6.2681764463574563        7.3266255340009323        6.1001175007921011        3.7968716644534504     
   5.5612450696382316        4.9776166557069166        4.5256251696779719        4.1154985536203341       0.84890707513967822        6.3681750572863560        2.1142815112913862        5.2227551832185632        6.5992138494037960        4.5890072696108160        5.1938947150878976        5.2215282976562110        6.3835705518544055     
   7.6110436999968920        2.4927399271619417        4.3791148850122195        6.3999939472349503        6.4141268944344754        6.2882832793889740        5.4925139947474744        4.0524810536602089        6.3946341044810024        5.1376412677348728        6.9827520660757800        5.5803705915088271        6.0587548691721471     
   4.5851387384892242        6.0396624935492316        6.6060504514937461        7.0908907550895002        7.2363659184880795        2.9118553729001713        6.8504129210450575        5.8089775362272427        5.4860149867702930        5.8186844619474272        6.1917961696410710        5.4167293154849077        4.5913649181782343     
   4.4255490790332406        7.0098843428958624        7.2012229896994935        4.4574833556681384        5.4933925592037944        4.1104232542166255        7.8182776211720917        3.2909581908060104        5.3319100265378960        4.9685476895578020        5.1685591648396425        5.5659475668458978        6.2484956764562574     
   3.7174444571822298        5.4241118946298439        4.9006365474245426        4.5393250609436420        8.0744284126191062        4.1590702723555637        6.7940922935883146        3.9040296154598830        5.5084204406095676        4.9124138460719990        5.9847357950008782        4.4218497008307027        4.7106666198803042     
   6.1250766105768006        4.8072017606493240        5.2753267856207673        6.1778124174702569        5.7424849985060629        4.8371687903861229        6.8408672106896242        5.2246174613676732        6.0067491779343385        7.3753092934704210        6.1099162474105393        5.6099686868314000        5.4277194035474530     
   3.5040909885114830        6.1529754109498844        3.6504721731336440        4.2049176605912475        2.4597620746596336        5.5742704747223497        6.9589917784658626        7.3119113786733321        2.9913489922646646        2.6660344334651804        2.9648004983518219        4.6419346752464632        6.4224188334358310     
  0.12157221819418911     
           1           1           1           1           1           1           1           1           1           1           1           1           1
  0.20068478967391221        9.4360673863780511E-002   8.6244340730009362E-005   5.1450607294281108        4.1199181684932716E-003   9.5546638786896269E-006
   2.5743992811993860E-003   2.2915938486691781E-003   4.9031809585710947E-004  0.34258583723561215        4.8999927457960197E-004   8.9600390850510858E-007
   8.6178437322486524E-003   4.4580602953980142     
