   0.0000000000000000        0.0000000000000000        0.0000000000000000        0.0000000000000000        0.0000000000000000        0.0000000000000000        0.0000000000000000        0.0000000000000000        0.0000000000000000        0.0000000000000000        0.0000000000000000        0.0000000000000000        0.0000000000000000     
  0.21478033188944212        2.5090321132764708E-004   4.2537723294052820E-003   1.7781032980907566E-002   1.3166146993092641E-002   1.1474587930223360E-002   1.9463907411074170E-002   9.8201712379190221E-003  0.55583540600615000       0.22404754389424730        7.2242392439908251E-002   1.0829896499784488E-002   1.5227327042071508E-002
  0.66647689290504830       0.96297193366291223        1.1450883754620724       0.99250000099121349       0.89448499752217026       0.91268321127678231        1.2354902257702924       0.91143636411233642       0.70297721739513641       0.73617974124948149       0.74597004453730043        1.0775616725627015       0.98255778233063862     
  0.29669860056657504        5.0336590250431106E-004   7.9261911790526936E-003   3.4484098946093479E-002   2.6515891214333145E-002   2.3730690752239905E-002   3.4662857017319415E-002   1.9514085453627303E-002  0.66726331043628184       0.27977274685892517       0.13185955880610151        2.1443005318116330E-002   2.9616381939686659E-002
   1.2127377810659559        1.0291038129180057        1.1255376749903763       0.88722556148049547       0.86266765211129115        1.0778972770053414       0.98585201737471884       0.88812276719312588        1.2611380826741225       0.96226358487133401        1.1104287613527519        1.0835423466472029       0.94396638804447441     
  0.33311914444457064        7.6099313804825724E-004   1.1692162825116439E-002   5.0766863605186931E-002   4.0645264349149383E-002   3.6896883667431844E-002   5.1513922134665213E-002   2.9700357552361736E-002  0.69998666692782296       0.31397068139984036       0.17329469631339506        3.0981789000349542E-002   4.4877755036192929E-002
   1.3070039133518652        1.2565004304350749        1.0033261003739795       0.97511052917914165       0.80896067247157899       0.83168104590218950       0.80347226340106459       0.70297721739513641       0.95978144459746717       0.99570797633472241        1.0204786089500215       0.92618108827853496        1.0724832426334145     
  0.36126476625849213        1.0355995161572447E-003   1.5684049635008537E-002   6.8207446170147151E-002   5.5458407064641953E-002   4.9832916854996016E-002   6.7213088215419770E-002   4.3215939308576000E-002  0.72255062987885099       0.33790865385876223       0.20558073075852829        3.9467110758230790E-002   5.9954688872971368E-002
   1.0274567009151272        1.0734609009132712       0.92112277714637780       0.93151805520246467       0.95988436881427008       0.87929944495301771       0.98743079638578946       0.76469682926879423       0.86374392073155015       0.92705304342779982       0.98602071313108763        1.0204190892316101       0.95609701672994452     
  0.38952175458586674        1.3585802273316575E-003   2.0108399821846066E-002   8.5049437732866384E-002   7.0757410080657626E-002   6.2115779893513738E-002   8.3270822082254600E-002   5.9746161357352966E-002  0.74132256895730542       0.35677882543364675       0.23334662317581842        4.8103324379378656E-002   7.4741128321362663E-002
  0.80071866994974739       0.89093343624557231       0.78097582147383504       0.76303176583829146       0.86299673902055918       0.91656551689477073       0.87633596226150190       0.97837008927578806       0.86778439240154415       0.97415730524204025       0.97614259201134268       0.92642471369784485       0.92925038019929274     
  0.41589551358282367        1.7105110490315590E-003   2.5547577628377116E-002  0.10204624229824893        8.3444652308196962E-002   7.3401660417785883E-002   9.9677280645985092E-002   7.6619355308715484E-002  0.75661101676620257       0.37158796002314010       0.25411411528126121        5.6701631834144298E-002   9.0522861868291588E-002
  0.85407929948396921       0.96402600696180951        1.0157212119745767        1.1132236139114706       0.85440584121526497       0.89356892422090628       0.88562773341663370        1.1714559557752942        1.0881245391760683       0.93895415894422218       0.92942675312655454        1.1633918987775553       0.91774498053284248     
  0.43914113016303291        2.1618212819948198E-003   3.1322815914548434E-002  0.11910821816709456        9.5496617709004278E-002   8.4930284621709928E-002  0.11345290396436247        9.2944692203253770E-002  0.77097377665411992       0.38334319534887795       0.27080723145564528        6.3267530403700242E-002  0.10681915717758857     
  0.95259762055849184       0.95935655802891340       0.96377636940873568        1.1502852571324313       0.83012445693054049       0.92380781726114714       0.87679214901216684       0.94920365036639487        1.0401421215464897       0.83492081210396996        1.0604273826810360       0.87651252026872251       0.94287560559383221     
  0.46359885844458792        2.6579165029582009E-003   3.8331900341955431E-002  0.13632286709443661       0.10668794230112326        9.7566239485076908E-002  0.12734709116367332       0.10980848512060547       0.78448542114411079       0.39479893853728043       0.28622428435668956        6.8882401162679366E-002  0.12275177162811116     
  0.99450651493039777       0.88528924202765569       0.89932041217957015       0.82793228371221728       0.93541316142317177       0.97032926487070381       0.93058929870405493       0.93404914215950285        1.0098054563463819        1.0240187461916865        1.0248837388402026       0.82194370973940234       0.96091645071568943     
  0.48633369788753705        3.2216218595920551E-003   4.6157502529338645E-002  0.15282748952695008       0.12117167679673500       0.11125095552219211       0.14250545906269846       0.12722691937630931       0.79542250398166614       0.40546421366509128       0.30076163793228022        7.4489946464877804E-002  0.13866789108665817     
   1.0166031111999032       0.99136376170092422        1.0369522308200276       0.91446611994485871       0.89071929148520379       0.84127308755751007       0.86947560897222620       0.99015236567787379       0.93699303520559696       0.84105070936514059        1.1171134894855808       0.86694255492957473       0.80500376629912940     
  0.50764065765996869        3.8768395348819464E-003   5.3859608883643759E-002  0.17000080252965372       0.14190459107759865       0.12714546679218727       0.15918516907754945       0.14309097778891958       0.80399209641579927       0.41789362479029002       0.31530773316124977        8.2832662918103581E-002  0.15506368037544349     
  0.95969499392650204       0.94776796599446667       0.88719132110007926       0.95363887469692932       0.86354668187039807        1.1510596810320275        1.0803026464221073       0.98131210476054653       0.85825836615647577       0.93983078121837282       0.83997410078436796       0.80548929147553150       0.99086947697186667     
  0.52704133771184725        4.6027648696687950E-003   6.0228866943324591E-002  0.18787486057001471       0.15944250583124245       0.14440621652804855       0.17434052727823812       0.15799804825599875       0.81148664156874295       0.43113991423594694       0.32945651144060262        9.3124390688053296E-002  0.17218460708770320     
   1.1283679096953754        1.1556868599453716        1.2271171434098780       0.92347414526672400       0.94375144041758707        1.4202678894577805       0.69187299035401617       0.98058661481383202       0.99641154989705794       0.86955174722470441        1.0990030041672070       0.95801953224596670       0.97624773503809614     
  0.54485837400803605        5.3321060417491880E-003   6.5719286105784952E-002  0.20503442584075099       0.17430376587747595       0.16100566041509354       0.18849262820995294       0.17248055609180679       0.81884849658182901       0.44489553425728723       0.34248561607006578       0.10344958429356250       0.19007355208005322     
  0.92965637177642557        1.1142833988934542       0.75254677400421843       0.96355442131320579       0.83849334231662265        1.0521901316670386       0.82981954631468158       0.85633527027787226       0.80155523709967258       0.87887877612381604       0.90417675531362085       0.97550017936624578       0.92625862155098382     
  0.56275184465521932        6.0647322677009601E-003   7.1435134595116870E-002  0.22018597936262566       0.19110555200008594       0.17570896921748821       0.20281504964399197       0.18533460901241050       0.82604427056405083       0.45120376260326672       0.35364767666965691       0.11423290513252872       0.20781109751220184     
   1.0458559508770833       0.87705898896071066       0.70612179672686359       0.90931642984701710       0.89539006939700283        1.0381266560937212       0.96431245212334826       0.95313970344391208       0.80226687164304922       0.86309841700725898       0.96271562339078609       0.94252784977119064       0.81899057317022317     
  0.57986278263451174        7.0820445195582627E-003   7.7610245662736846E-002  0.23474851080879422       0.20755641941194519       0.18933658985152965       0.21769764760378435       0.19790110683140588       0.83425777658151801       0.45753818343437724       0.36524628236845602       0.12595128165971098       0.22312510092228638     
  0.98024823058862076       0.83990059924482152       0.91776469259847759       0.86636565327602977       0.88023769670367458       0.93170011520016938       0.78375940219956020       0.91392192559117125        1.2330530339380690       0.82459021896349027       0.92957364229529349       0.87606389770729376       0.84703556586235074     
  0.59613574189553042        8.1401052384980650E-003   8.4255991930546489E-002  0.24929812207684110       0.22141534897037837       0.20245308237590881       0.23280755244863188       0.21171615432549712       0.84175555946561798       0.46346327330080961       0.37635732129912286       0.14034785958429563       0.23220787161792644     
  0.95604111904332079       0.95843763955218342       0.86170561497261344       0.85092673821351816        1.0440410798765041        1.0116489970238842       0.96108710839287304       0.70297721739513641       0.97206054359350813       0.81504070201570145       0.99045656764659096        1.0907881638373358       0.83392410820507135     
  0.61091367692655751        9.7682707475856695E-003   9.1329800087806640E-002  0.26498009260758226       0.23441517557104422       0.21557334961852695       0.24767416656593197       0.22689501935667847       0.84894907904242412       0.47106672391593191       0.38866108944552036       0.15486503533786034       0.24254812633400297     
  0.80209307246456918       0.90193642795369022       0.79609193603463091       0.80107107559671997       0.85526466554695302       0.80644657173057421       0.95339916889573040       0.85607896663968031        1.0707036916102755       0.74106188002809859       0.92317587993170414       0.98917903658577400       0.83284262633794770     
  0.62651333746674231        1.2135427331391647E-002   9.7919929322635074E-002  0.28300995499848008       0.24760596537323504       0.22885149922274256       0.26228220639416716       0.24278591365494220       0.85604034332715917       0.47812954550551684       0.39883093992653407       0.16939562099613154       0.25148501892745873     
  0.84238013930294153       0.93401701106004487       0.79337800712070750       0.91092673959029713       0.74888691962553422       0.93918323428128136        1.0090502725272437       0.98031052893978698        1.0095658446950431       0.81664132848485660       0.76461756714452533       0.86161414719155693       0.70297721739513641     
  0.64158163682227609        1.4660501975159577E-002  0.10399359835676514       0.30193649094689967       0.26176527420832507       0.24158683404209602       0.27689678796190975       0.25795364691259448       0.86285258191355529       0.48482374392577271       0.40920642153610670       0.18382865359994610       0.26312737684780901     
  0.97758826079551109       0.99708038741729543       0.88166667785185548        1.0060454195875144       0.76044578289687037        1.0337204551505745       0.85084483517169895       0.77163942696056076        1.1049499671027014       0.75607798153078232       0.82721481886603920       0.99770554702505709       0.84720309781125902     
  0.65512924772975567        1.7241292996686801E-002  0.10981735121896680       0.31823696298291987       0.27717975427507591       0.25501263707242727       0.29161139642488831       0.27230161862789792       0.86853888263785139       0.49192539737871011       0.41962110126386243       0.19858820743783712       0.27794998458911724     
  0.92971360206849285       0.83670447737538511       0.72479288042845280       0.98878960992046849       0.75715757231095593       0.87173995484885669       0.85957485756445207       0.77816711933921456        1.0537055937279904       0.83413720501834254       0.91208842558692427       0.87053145564486867       0.90142013342617000     
  0.66874976651389761        2.0208420448204770E-002  0.11772459285727364       0.33145506076103204       0.29174281729755025       0.26956183126708055       0.30628283812893442       0.28738530005510493       0.87279983625562729       0.50167800059048973       0.42960529794412644       0.21281763320136229       0.29511720235162464     
  0.88669926687836698        1.1581703487743396        1.0033694469355083       0.82779019206781579        1.1470322934110795        1.0256206774470309        1.0352741694319401       0.83724323820726276       0.88759099896556160        1.0107664145006607        1.0284668035340614       0.97944047216917340       0.91574135005333435     
  0.67999432164506324        2.3600846882270824E-002  0.12787189272791222       0.34167162207566609       0.30472956768064374       0.28445804621657017       0.32122913408650466       0.30286709284254965       0.87719433808590097       0.51041484042979479       0.43986573120326500       0.22854555617571071       0.31573841187395507     
  0.81455475650614539       0.94311087841432240        1.1157129620347628       0.73625634360643866       0.73172601450428698        1.0122792190354843       0.82711856729534838       0.95193364684173210       0.84570391586459859       0.87950979547614871       0.93885410167621652       0.82837208934918394       0.95298842595754563     
  0.69014357317044306        2.7463855027749350E-002  0.13973809717548666       0.35185493188158834       0.31722158877964662       0.29726224066015994       0.33687704277992453       0.31807346839670986       0.88085708680801322       0.51833415847274722       0.45180702965882258       0.24541611169289190       0.33423533342961825     
  0.84761569502034184       0.96845710408943264       0.85811210733836429       0.70297721739513641       0.75200378521930389       0.85670700726804438       0.95244781404162993       0.96596106143608607       0.92183177135856920       0.94179911590186693       0.99856866504538511       0.91142870415227673        1.0130713919391066     
  0.69855057305996726        3.2257024574764009E-002  0.15231639862730767       0.36284610179223498       0.33039180637010140       0.30884238781719081       0.35167843190842574       0.33180706550760519       0.88441732704470855       0.52587275442829451       0.46282320370632907       0.26381346313245724       0.35016232776476020     
  0.92033252633457274       0.95262606194347044        1.0445077292842126       0.89620287533481113       0.91774498053284248       0.78434502108524895        1.0228552817831300       0.81558354450012804       0.85854576729291776       0.78130898384022718       0.86578253455456999       0.94185444086352810       0.90468416241540650     
  0.70843394909537638        3.7530441100076445E-002  0.16437702390752185       0.37505384425691324       0.34535744650590799       0.32078645242502546       0.36632176852683557       0.34483344468070737       0.88803864209157068       0.53228507554104043       0.47207432456404730       0.28112188753100520       0.36782042237986778     
  0.95483750360016106       0.87544398529977185        1.0578571760695612       0.89851084817073557       0.92939783088021821       0.82519660419094021       0.89935552546107678       0.82362639222266720        1.0883030739712745       0.86453938824363263       0.71128687402294843       0.92791863887970083       0.92854622239585571     
  0.71846105583376862        4.2827749566484018E-002  0.17522903376870225       0.38757921987717375       0.36100502481054492       0.33458150291303995       0.38355644891996465       0.35769607662054442       0.89196145344239397       0.53849956827454049       0.48134619730247524       0.29896857411266736       0.37937742014083559     
  0.99545075050553200        1.0028140737862885       0.94697154426999963       0.83393248343002502        1.0369410742912055        1.0292107977437499       0.92744931483523696       0.72185207165130449        1.0339779980624320        1.0014086887544240       0.73279564134820740       0.90157677797327185       0.78267590257451547     
  0.72874088112879909        4.8385690398840948E-002  0.18546632268406163       0.39971914847114492       0.37645225207474603       0.34909547286171883       0.40167739731450930       0.37047725215561489       0.89596009383901731       0.54434954729432938       0.49253929767932358       0.31469683481638933       0.39094941429684787     
   1.0327580054821619       0.85169046528724857        1.0145456885645978       0.84018898732309721        1.0049305697238058       0.89508558145908235       0.92461135070624911       0.75594463482996488        1.0114243044705415       0.82783872449187879       0.87965511055127754        1.0096899291962436       0.90004714796186791     
  0.73950419385006194        5.4296298239930478E-002  0.19526133148206715       0.41193022825705278       0.39221342793532049       0.36243467921323008       0.41881031507774735       0.38426889506144746       0.89970594714362706       0.55061680950773528       0.50746766060957738       0.33127380801391709       0.40053886882420486     
  0.84249133305124702       0.94117721642692431       0.97911207688856339       0.77779208178008308       0.76067773518939574        1.0210201778723449       0.96791259972254196       0.92027148189975994       0.89348011990496512        1.0584883466868737        1.0536883993822035       0.95051765339218408       0.84986845825818802     
  0.75022921119846375        6.0700411761119608E-002  0.20441129043325071       0.42606636765870221       0.40930953580826857       0.37650524855226358       0.43547606924006566       0.40001848829622461       0.90323441978419960       0.55759594244525479       0.52409113654398320       0.34882184331426652       0.40916156225026812     
  0.92936111607991734       0.80791196282553934        1.0534358230572174       0.89883059791976128       0.91721025226709152       0.98494657117982176       0.94544174273673376       0.92330675697607079       0.99169584240693920       0.72283471631206098        1.0241761534452347       0.88950234766840919       0.77950057000792172     
  0.75993847932626191        6.7485777530667437E-002  0.21468397194860367       0.44005376199977708       0.42748798949430605       0.39235183715152738       0.44895509097535463       0.41583177518408510       0.90691336384037624       0.56462710418576767       0.54292759799094692       0.36592863540651682       0.41831498735019784     
  0.85390122351436382       0.85792542513837478       0.82844119566259355       0.85624323872245478        1.1674398296028172       0.77575988817480690       0.91027144223910006        1.0413790313364275       0.91641787732364588       0.98840508796979165       0.94651841032806727       0.96301467103562677       0.72529525543190310     
  0.76906953581519322        7.4199624642017750E-002  0.22755504467768289       0.45356492516593683       0.44513014359976927       0.40901924939832812       0.46002855385304170       0.43051151395572007       0.91077044277530206       0.57169840627441015       0.56201472546375864       0.38312927489384546       0.42977275110151619     
  0.97457756861572320       0.86471384863044898       0.85269972651270076        1.0363701711111688       0.89133671359681210        1.0505327932186836       0.78208428133081209       0.84631012677084327       0.95215068408426817       0.88503763538901492       0.96808260124573653        1.0618420520521556       0.71652818181195077     
  0.77772046487925584        8.1855008396519435E-002  0.24004403685401252       0.46699404315378429       0.46241956642566023       0.42515011820744925       0.46891587750042185       0.44393344958885234       0.91441927065522988       0.57897374226354104       0.57918154712692882       0.40093441146736075       0.44276263797877191     
  0.86866372531170399       0.99396441283640868       0.97317971837117556        1.1307504374342732        1.0486975458157803       0.92055080856256377       0.84025408096190790       0.81727337772014330       0.83879091260396432       0.88367271952074644       0.88916857900084600        1.0460866266094055       0.88455507698000058     
  0.78622429076944311        9.0959178120658041E-002  0.25519039179888769       0.47991379714038757       0.48195442473896405       0.43678638029298938       0.47791870158581967       0.45655414734016275       0.91778665655859248       0.58579801918947494       0.59517933171289994       0.41808726345442609       0.45501158007915310     
  0.92104201190681023       0.93737211322783776        1.2063974032770988       0.82798981283349626        1.0250277339887042       0.82166839554871340       0.74097673152497556       0.83086085350177652       0.93276898366880645        1.0159916910543858       0.90969232246366905       0.78344095341468878       0.85122005564217729     
  0.79494309023561072       0.10075443484583704       0.27115955438567008       0.49286156793671387       0.49818711636347529       0.44892889702371097       0.48906487409365312       0.46967819605103611       0.92077370565439176       0.59251277837352123       0.61089383337683145       0.43648092324472099       0.46648325755095871     
   1.0395981184185861       0.90235753010645603        1.1193212332845017        1.0294519221590119       0.99510595159176163       0.85172435430626858       0.85832926618455463       0.96325835033126295       0.85353851469499420        1.0484245678983937       0.88731837552518689       0.78485927109526343       0.91365868885232981     
  0.80327359833401779       0.11164733322160333       0.28688032058866980       0.50754496407310001       0.51602173995869005       0.46214265335262938       0.50504395920376055       0.48363998193434515       0.92361345732778521       0.60022040874720173       0.62685803159317732       0.45600555299210482       0.47861517771511247     
  0.83044677416455781       0.84097709962359180        1.1370614246622146       0.96744220657809332        1.1282190084613446       0.76031949636583929       0.91699455436279764       0.82270154823912711       0.81807759411262282        1.1290776127804232       0.94110399150531121       0.93663248556344159       0.83202855196420233     
  0.81191892353140105       0.12433119733475424       0.30255928702865836       0.52401925320805343       0.53395601085964484       0.47492665195980743       0.52401483406054750       0.49967249613586701       0.92644503448957705       0.60842756207599791       0.64348093776096515       0.47568972406743892       0.49069569301506460     
  0.96619136375315495       0.89600342759066776        1.0734664316431017       0.81587423426611161       0.90202501109901634       0.78789280913781412       0.83802127197672105       0.90797867899701223       0.95148691881016068        1.0182725168429836        1.0492232721232988        1.0594652313898649       0.78333044025410148     
  0.82031240455583854       0.13845592685505620       0.31859222796248865       0.54079733827665899       0.55163843025961068       0.49308038163465279       0.54270676134800577       0.51839302145530597       0.92941661879401938       0.61616201769586365       0.66094473411404864       0.49477201547635485       0.50792491934825201     
  0.96770486290109703        1.0117957439749010        1.0726242051120201       0.94475681144927770        1.1286184902977014       0.84062233141533116       0.88447456680054937        1.0679844628105974       0.93365769702208057        1.0607114143831262       0.96104114353320858       0.88469951072058495        1.0007320151417933     
  0.82827512668109782       0.15341429037358603       0.33440272947536109       0.55763797348816946       0.56892392589336116       0.51084605074718936       0.55999409267267741       0.53624686855951642       0.93246401273204726       0.62317172545037713       0.67929014546579958       0.51301817563509133       0.52616864741838221     
  0.77287514964625159       0.86603159919402395        1.0410739392327795        1.0950046949522962        1.1824051707890231       0.76947503621116486       0.88046451616749677       0.86783811992744309       0.94158189273793425       0.97950904966752117       0.91239647653401490        1.0079770508510701       0.91836826989921327     
  0.83641625552546384       0.16964221240588465       0.34854493629648037       0.57494513047441620       0.58621848142196542       0.52855610484690352       0.57689099723080051       0.55403551883903801       0.93549634763077483       0.62986258728388700       0.69528221205392593       0.53144062460433050       0.54568276276815864     
  0.85704901119504862       0.87432395499375182       0.81323063296615528       0.78377210481692283       0.99531490934989464       0.88650647039157981       0.98238066135975433        1.0971783539136153       0.80474479079973160       0.98038085578113554       0.84816024613204888       0.87537762451710688       0.89278997318744491     
  0.84467377569826652       0.18604314995703844       0.36211463184963283       0.59244708242972210       0.60161444160005462       0.54557138330444321       0.59228212177037021       0.57315102724012135       0.93848894362407820       0.63644528586114490       0.71214916454163746       0.54971799665456933       0.56363404711468679     
  0.89443535553621001       0.78040469462507356       0.84252540738688375       0.85740489719187285       0.85391031362212078       0.93412464824828478       0.89102394806470697       0.96270273119842320       0.97742703609642223        1.0699593656960986       0.98108871482266269        1.0130039120451801        1.0188110376882566     
  0.85278523865416267       0.21104821572176052       0.37592067526101342       0.61010548653319741       0.61868353794073250       0.56092849824279656       0.60833121605731733       0.58978799395903037       0.94142674072548249       0.64328686865495988       0.72902672124972856       0.56855413135319277       0.58106826970116221     
  0.93478190728948096        1.0630700292476225       0.89971146484512421       0.88763541172668814       0.93588745565684572       0.76608726668491667       0.96037344126391955        1.0929701465319033        1.1304927138395291        1.1554730507044368       0.92284897372158692        1.1726598967954831        1.0986450226421882     
  0.86057402661235816       0.24229353383133606       0.39100758787949225       0.62871173236707023       0.63600132871536186       0.57625269319934103       0.62338381929342956       0.60506038242280702       0.94446526524351682       0.65001998173786424       0.74470904084727774       0.58755281896886491       0.59837310005828415     
   1.0049371209107016       0.97932486892157278       0.85563624471057298       0.98313366044912898        1.1253523520378663       0.97940892709115879       0.87947374394398370       0.80705283787133619       0.83660559750930619       0.87652226243677400       0.80519663632580984       0.88353660190452354       0.85133068885631069     
  0.86781542546093016       0.29620052001249381       0.40834165258086441       0.64541485309944646       0.65296397413012452       0.59191407938600737       0.63698728630002033       0.62176014935648027       0.94766255740333838       0.65654944730580855       0.76312653250278517       0.60637038972824220       0.61623501932681879     
  0.77524802193491338        1.0001131429742023       0.95800604919381194       0.95829743423619984        1.0620849240358792       0.88242008139210470       0.82667452709914746        1.0787535794818313       0.79866181248407142       0.90459030694785025       0.94752199615406107        1.0781977951919004       0.99344949649677550     
  0.87491053493107196       0.35934977030067022       0.42310655068257497       0.65894198207191412       0.66953467097865493       0.60797776925076130       0.64940604925799916       0.64015519755347716       0.95077979819835368       0.66285472576206339       0.77984372180248362       0.62529215686082273       0.63481763783770428     
  0.78548065906335596       0.90859839537290576       0.78578710621264669       0.98230786654732150       0.96645776169034148        1.0009812126758164       0.89716751457303612        1.0262069130010356        1.1012710202039426       0.89501137532961350       0.90470471117159523       0.95598388461869443       0.91393976607332195     
  0.88214620523149612       0.42017422908585095       0.43818486726850214       0.67281336546468262       0.68546187559930172       0.62741782538001589       0.66197566840318733       0.65958876898225327       0.95362069243966907       0.66988964713636112       0.79577765512476151       0.64379308112301925       0.65363782149091021     
  0.74041512228463136       0.86109898154829201       0.86369273196333030        1.1120656217934755       0.85852078704513690        1.0222669513651832        1.0020426757557801        1.0585269114704345       0.91998768050877389        1.0253741588857772        1.0300210939680490        1.1454461700596226        1.1463105754287237     
  0.88950585015824490       0.47755376034778946       0.44856069700705881       0.68601937796702916       0.70043660895783411       0.64369920389814839       0.67517808128198631       0.68096664267713936       0.95578635222518082       0.67774416678522975       0.80937800478738020       0.66064681637464795       0.67235893432204474     
  0.88054809949529222       0.98445811332757016       0.83940719685446785       0.86445675223918039        1.0289419367801127       0.95569450169977654       0.95954329149965933        1.1112002794815716       0.89802666211759352       0.92217662877448769       0.94452616622084729       0.90188166343967813       0.93847744254612875     
  0.89637827800974157       0.53220490344040006       0.46048139050578729       0.69929736171317225       0.71481466012167638       0.66352486040209935       0.68960014082666465       0.70516195276373428       0.95742483461733918       0.68556590366225589       0.82183684452652261       0.67547180797212381       0.69110296836688978     
   1.0849040296380115       0.87311447672510145       0.92667550793428755       0.92334419416721458        1.0007700120986442       0.95885802983816448       0.82064242458958869        1.1257118145464935       0.81564260792173537       0.91809961040775723       0.78208428133081209       0.83167237012488560        1.0732444153819527     
  0.90441521706983430       0.58418458933539219       0.47246165703134774       0.71342089978237977       0.72904345954246419       0.68299539780863971       0.70445632898512001       0.72853012996099120       0.95891237090497317       0.69262032487217617       0.83409725421757075       0.69003495986433172       0.71036719466507736     
   1.0209966688996299       0.90283201138463753       0.75590866978363158       0.92743116809150483       0.94212724002682224       0.87464116845334106       0.91637339916140337        1.1154405737063673       0.77805713053421999       0.88266837414058408       0.83928749581437689        1.0041252760649357        1.0100697278910433     
  0.91186992587255256       0.63088384838854050       0.48609095463482777       0.72842744637652701       0.74466471290797132       0.70205830700367722       0.71947135268340279       0.74858982670161101       0.96035003406913955       0.69896410277443066       0.84569857839015339       0.70569135133958760       0.73174920812205602     
  0.78600220128446119        1.0789120688117513       0.86368098091918810       0.91857854668164651       0.92684640425544307       0.96886032017758328       0.96712137245237084        1.1136682718900530       0.67855186762279263       0.92557782954358037       0.82507592985851119       0.90349556807544218       0.93939387842154176     
  0.91862097762678485       0.67215258338610706       0.50256533984306129       0.74378729645308050       0.76314912416922431       0.72125320690871708       0.73480243323026972       0.76781006262826623       0.96223153502144398       0.70501927634951445       0.85779685087345348       0.72179520814873033       0.75269891961651991     
   1.0063935165785967       0.78533132742390621       0.86106833318294085       0.95099740782363873       0.93752596816551659       0.92615177340171118       0.99093579686225908        1.0439652949470468       0.84355045272068585       0.91340177603181150       0.85413204064774051       0.90651603498368383        1.0188234102606346     
  0.92482971552584481       0.70728767575590457       0.52571147840363353       0.75889869139789834       0.77987796735537185       0.74099570255540037       0.75034657618461176       0.78416706122624058       0.96476952327070697       0.71122402903803106       0.86975227146705691       0.73947840589295644       0.77272133892618877     
   1.0716641778535787       0.93355794922662305        1.0421607709449940        1.0366083306080096        1.0424229816495187       0.91137910523772647       0.88494522528264896       0.97105181304749899       0.83919487476299703       0.89456283315589258       0.90145177737788595       0.72269700322981989        1.1188854226240619     
  0.93058890006425132       0.73804870982923332       0.54902360701410657       0.77405472767564976       0.79217608600232192       0.76116655434387059       0.76609408834089199       0.79878531129133012       0.96737291418628368       0.71760379428506194       0.88177181607292554       0.75634869231363711       0.79206242340809430     
  0.85792994963608815       0.80785328149301661       0.97420792860421024       0.87486669217322044       0.79290567367648546        1.0170170107360450       0.90409958431354664       0.88618363074427009        1.0137140559718347       0.75016349845362851       0.86146750146672024       0.84299182989246102        1.1194891921556611     
  0.93647079187679572       0.76702099666828127       0.57111544675114534       0.78899653579647122       0.80352236570412161       0.78130175487768494       0.78210733553342859       0.81263883720295205       0.96979646173245793       0.72450664291265221       0.89495946623405231       0.77283349649502076       0.81129499325877774     
   1.0199591217713611       0.85912808859598744       0.98634234016665834       0.92112814502753404       0.88524600300110845        1.0406739180577391       0.92444202556584143       0.92828968828299441       0.94004386957694630       0.84591498184699121       0.94563997997924631        1.0193485028154408        1.0206058552458288     
  0.94261726241206656       0.79315441286335620       0.59158673534687678       0.80435230952579084       0.81330549658327467       0.79975514185911656       0.79835436213980338       0.82649440374537742       0.97196311406030933       0.73120552465742361       0.90877724456482378       0.79270107932640099       0.83111538156653786     
  0.98320047886416073       0.91797515509298011       0.82326348645413872       0.95320278325031926       0.81887879284580301        1.1241660395300750       0.96660635933276629        1.2467077720026896       0.89820058647448109       0.98347438102129781       0.86633617805762519       0.95702302173742448       0.94752971414606713     
  0.94885016876360340       0.81714075674124920       0.61263680267031229       0.82144414737705851       0.82182159965592827       0.81919525891150125       0.81572082801319956       0.84078478704453707       0.97419936050866640       0.73768225812087707       0.92023879282592824       0.81473952265816552       0.84996964589772939     
   1.1834300921919663       0.79022841149223200       0.92356130901503342        1.0373408965583995       0.87618731725255472       0.92645289988545465        1.0436273232596880       0.93145181485928641       0.85328772919994234       0.92044325819348960        1.0168004512508231       0.88146789628894850       0.96076070265247737     
  0.95525303166148323       0.83989167073445326       0.63655750638009678       0.83985087250489721       0.83630226820609721       0.83991036836026922       0.83330247040386785       0.85592345830998262       0.97641973592613507       0.74461260715383826       0.92895039098759880       0.83698951234096330       0.86666142390159950     
  0.85272127482188775       0.83129813298739608        1.0203073894312917       0.94011156073621127       0.99677540131022080        1.0568973701476276       0.91550029361805563       0.96043417803370612       0.83134930203157786       0.95324044843006372       0.99540939866157374       0.83640788682028333        1.1143162971304315     
  0.96169401154707623       0.86123946163776766       0.66304721266777977       0.85683067877946995       0.85112481512336524       0.86230019733888152       0.85244865216611776       0.87336751972964843       0.97865998753949091       0.75376948246429942       0.93501672634123689       0.86079517681860906       0.88162278582008391     
   1.1195631611252730       0.84832712551590483       0.92534193148273203       0.84608332982931067       0.83437521765162170       0.93300279142129461        1.4181930827400639        1.0641341306676131       0.99320118001167723       0.92672258269227059       0.72849695747509957        1.0092936779392732        1.0558929316816668     
  0.96778667718323197       0.88114472893768070       0.68983801635216402       0.87206111955854448       0.86938523989233585       0.88769604631431598       0.87278301000574687       0.89081327009302880       0.98113068011220861       0.76671299817302252       0.94072837516907992       0.88451233880492208       0.89553028011312064     
   1.0873665366113554       0.85240266199621006       0.83554723110959783        1.0630915958372282        1.1587809760260668        1.2688120272600447        1.1888132483485061       0.94052448345328654       0.92392796608494876        1.1279017175014996       0.86211094379243258       0.97025544884543902       0.94082769423971302     
  0.97359930347632273       0.89930108903370953       0.71762143313817095       0.88722798335466002       0.88790511229156488       0.91196323734342799       0.89294268747081329       0.90660646430524416       0.98375886172573868       0.78078613706963829       0.94731888834149025       0.90462104689436273       0.90853741869537041     
  0.95923454335995917       0.86065658662995381       0.85934995256078139       0.86139426413897824       0.93595625424774953       0.88792404646449641        1.0037975844891471       0.97621946971642448       0.91143268120919885        1.1965820078398632       0.94942610382503556       0.83709921643857532        1.0330358684867840     
  0.97862247594092500       0.91683739789113039       0.75027731950268428       0.90389280584369092       0.90627744317838432       0.93174827211090561       0.91143226814771361       0.92176328382128669       0.98605712152147484       0.79470071404479103       0.95446960975259287       0.92142493336882825       0.92265510605858603     
  0.84689627468068585        1.0295429744321272       0.95374025874495794        1.1401386535173097        1.0262671945115862       0.79410549298381394        1.0040448647364597       0.82637884462355771       0.97166517557412968        1.1663313454933935       0.99640001422254387       0.90242452287925023       0.86201845492977647     
  0.98264892453653063       0.93369124320901709       0.78435048056517220       0.92102044679178496       0.92572433667976739       0.95024741186354522       0.92821640640244751       0.93689086088312190       0.98809706001595599       0.80881955201481703       0.96439937458833414       0.93751752531646160       0.93914487710801642     
  0.82097276355811599       0.81387004928939521       0.97439945393312333       0.92586255218039570       0.86536509083912361       0.97616954797455191       0.91944681940593398       0.82560937566072545       0.89702754910626814        1.1380674459895745        1.0001611711318286       0.78855250089616424       0.84536028316729694     
  0.98661214541073405       0.94971916946387203       0.81839947763445209       0.93831042340022308       0.94493095915805592       0.96458148006534128       0.94489462389904444       0.95255972351239016       0.98985460257246016       0.82428767498268163       0.97348176031983158       0.95425806373230970       0.95516503062196279     
  0.88607674555752558       0.93208507750342484       0.88037742910922812        1.0528537941972507       0.87118983010596607       0.77997755005204317       0.87398130905688054        1.0210201778723449       0.91122880777880821       0.91408935580929940        1.0577085471891980       0.99712303106432665       0.83327124469769898     
  0.99022386926349981       0.96581821963567549       0.85634533874318697       0.95726717068490741       0.96393962023657831       0.97686215838722290       0.96175527291485752       0.96950561336035235       0.99211302999194462       0.84185517038620150       0.98186942699630375       0.97050989098933171       0.97031763383946845     
  0.80599919661722308        1.0674089915487908       0.89455930525003791        1.0827788597817605       0.86630405593206994       0.87133517272428385        1.2423885670811239       0.99539275791935622       0.88427875144052526        1.0319160015060631        1.1198757559911103       0.77398045363223300        1.1228510422043338     
  0.99435051862933310       0.98250644420291644       0.91047571177500719       0.97812769674608036       0.98088073546859478       0.98931057446100767       0.97889074129681120       0.98500033912931084       0.99516182910030482       0.88385064263947266       0.99069200122332635       0.98567068348255760       0.98547446485660894     
  0.84836516099680115       0.92889233050196041       0.86163313826235954       0.92545038242807931        1.0976581894159478       0.80440990362103293       0.84674693612284613       0.91354875484065057        1.0902870522786123        1.1831266662687221       0.97464197135895059       0.77516157652442097        1.0950312134800075     
   1.0000000000000000        1.0000000000000000        1.0000000000000000        1.0000000000000000        1.0000000000000000        1.0000000000000000        1.0000000000000000        1.0000000000000000        1.0000000000000000        1.0000000000000000        1.0000000000000000        1.0000000000000000        1.0000000000000000     
   1.0060046054381753       0.94551336715043632       0.88222168542096724        1.1717012379331815        1.0347225762010128       0.85032262445113982        1.0663702163479456       0.86381452871058506        1.0362446307515620       0.73654705468864334        1.0025135701533954       0.81379854892836923        1.0310516452533762     
   0.0000000000000000       -23.935997505785981       0.37775334342023426       -5.5037584686867502       -4.0346477960771665        5.9340934636310640        4.5523778650908788        4.2703942988024002        0.0000000000000000        5.7701930118684315        7.0197745710239534        4.3972943934192728       -6.1277436807170655     
   0.0000000000000000        7.5373433689830698        2.4537876690206581        9.8618081253598913        15.585311503982284        4.1851305978261459        6.3461345714341313        8.0311606660565200        0.0000000000000000       -3.8574732302727965        4.2760653610483255        3.8420108622765854        7.1333538315864526     
   2.2281733780136506        12.302156440788995       0.25662836129048372        6.8088051458044170        9.0136471559426141       -9.7066491914000803        6.5863075075216599        14.163075919091371        9.3779841652710729        1.5906205767182247        2.9095195165249210       -12.499230587633775       -3.5863430659651487     
 -0.54976808523758736        23.820768549813526        3.2486496561266267       -16.134591801276972        2.4755851015377957       -9.0457589154958107E-002   4.7996303695623608       -5.3314763046479872        10.778662437492097       -6.8828144827054434       -9.4799366263983007        4.7093031347879473       0.24635546493184579     
   6.3965429960419957        9.9778986445766300        1.8123314751469621        4.7698297562269074        3.5654776001876742        4.8122054138603083        5.0760807273542277        1.7778541761345092        7.0340094871725762       -2.2759490780580913       -1.2537068491982015        11.493178605491686        10.596123148312904     
   11.862321610539812        11.768383636673278       -7.8853617408224919        9.5420530169055731       -7.3764120554653765        14.101784600169175       -7.1033032707138020      -0.12216857147554344        4.9074145028752509       -6.1671739703864459        9.0832545913047635        2.7350593508217127       -1.9162100138098548     
  -6.2219993815876204        20.359437472472887        3.5069370229391894        4.7369700045381444       0.90956730708472144        2.8729932874499204       0.47216585230961933        2.6260324775384030        5.3865811221288729        16.476307949642717        2.0423029488494207        1.0508091953071617      -0.37643719963961941     
  -9.4470811868852564        12.028189694839732        2.8921696581182319       -3.8644568812474209        5.5694257097962589      -0.70354413325872622       -8.2465839941504004        11.156559463277352       -10.461304200433524        11.992182739429742        1.3043161751353931       -8.4791653829419129        12.161503877898358     
   4.9459979292689480E-003
           1           1           1           1           1           1           1           1           1           1           1           1           1
   5.6019529426258241E-003   1.9927638595943044E-003  -2.5970438742304345E-006  -1.8266784275146386        1.2527760281970385E-004   9.5842880393177297E-008
   1.5270273933998941E-004   1.1932254072123089E-004   1.8543799904424875E-005  0.93033782506074736        1.8539933658580587E-005   1.5823917351296972E-008
   5.0000000000000001E-003   1.3599198051630341     
