   0.0000000000000000        0.0000000000000000        0.0000000000000000        0.0000000000000000        0.0000000000000000        0.0000000000000000        0.0000000000000000        0.0000000000000000        0.0000000000000000        0.0000000000000000        0.0000000000000000        0.0000000000000000        0.0000000000000000     
   1.9341287346393472E-002   6.3603943345428970E-003   1.8427771073372995E-003   1.8088552476386396E-002   1.6144838029375927E-002   1.2743783076970990E-002   1.3510318588230520E-002   1.5587420494946271E-002  0.29350658953222197       0.17684501782295062        6.5879533042110083E-002   1.6282991783633505E-002   1.4054261898913083E-002
   1.1809243779506216        1.3104313794044522        2.0774032033292427        1.3383786406136704        2.0383604651892564        1.1411886963953830        1.2293619360896053        1.3161296188079383        1.4117996122980767        1.1250369738678654        1.1846768843161239        2.1471678523518696        1.4224564463857801     
   4.0221357955982556E-002   1.3167498622301401E-002   3.7924337358100405E-003   3.7092909294807019E-002   3.3236063359674009E-002   2.6100131923915332E-002   2.6574930582767577E-002   3.2149765484773038E-002  0.37627497495686024       0.23549595569319898       0.12024910837873470        3.1495450833009357E-002   2.6526552995915224E-002
   1.3711554661871708        2.3051914497594268        2.6228799556293043        1.4911422054199019        1.5678888435963894        1.2310714848898703        1.4661430862349749        1.4214034557922965        2.5048800554154140        1.5541386963783150        1.7113399294413707        1.7820508256177983        1.5509160813062022     
   5.7740870481616198E-002   1.8913669343645086E-002   5.7533677540647279E-003   5.1685631257165660E-002   5.0220051659558992E-002   3.8983291227734369E-002   3.9360504023310601E-002   5.0635125379281290E-002  0.42503020830503624       0.26366472702052868       0.16399994474658822        4.2578204504816551E-002   3.5951690118255802E-002
   1.2366433876655838        1.8661690092553695        1.7401445838323986        1.6322728032959264        1.3847077383143225        1.1592673019127446        1.5252620181099952        1.3808516275008960        2.2532702647915364        1.4058765508471789        1.3656345567583803        1.8442538744394916        1.1907097564274653     
   7.1749674519225079E-002   2.3826577614872866E-002   7.8077654488073866E-003   6.3982300706745932E-002   6.6274617069411929E-002   5.0335688038886058E-002   5.1424244144345779E-002   7.0823769180646395E-002  0.45329521666697131       0.28224263003491940       0.19724194770469278        5.3234968945257664E-002   4.6167977623032812E-002
   1.5654013428916342        1.5210796469339793        1.4344093732321774        1.4600061354151903        1.2799756276728151        1.1951397677458571        1.3172261140119710        1.1647809801740765        1.7634999832129179        1.1900068159174679        1.7830016188932172        1.9526641224488381        1.1813962609386948     
   8.4661673803056059E-002   2.9478841463836163E-002   9.9753666201658035E-003   7.6335491292339380E-002   8.0416727458716142E-002   6.2925662270854749E-002   6.2384978024233713E-002   9.0381342011248922E-002  0.46510244002272344       0.29857731359864864       0.22252907050988910        6.2762837799084481E-002   5.6624848754542774E-002
   1.1127565510810180        1.4404945152036663        1.4629877938805735        1.3934937728223715        1.1496374882719294        1.1538473431591467        1.4927368885179049        1.2730187216951572        1.1969508516793281        1.1521090509209992        1.9283697064453493        1.6273978988354030        1.0852713649789054     
   9.7878948151447459E-002   3.4760869940157091E-002   1.2178900953875329E-002   8.7317102324588475E-002   9.4448211551016348E-002   8.0627848336745175E-002   7.3354437382388046E-002  0.10874655293706130       0.47624328063014498       0.31369597368519664       0.23996550272695347        7.2476490517896938E-002   6.7262776815086536E-002
   1.0190543828857628        1.4108211095986276        1.4058304071081162        1.3591981092514642        1.2595716311509575        1.5602352857045463        1.5444003289880655        1.4614286544725605        1.0997629799543742        1.1737587935773579        1.5244104791648447        1.4640981244578164        1.2675325217885425     
  0.11302201519895277        3.9990711755142676E-002   1.4335212852459495E-002   9.8207384019624616E-002  0.10920226920001663       0.10114036747573714        8.2994695894637788E-002  0.12614530425594711       0.48767086053122694       0.32816212985862159       0.25425151589878547        8.3065262987431054E-002   7.9513971393785618E-002
   1.2798350579088738        1.4825197463349726        1.2329599708111196        1.4671252829500618        1.0882869540874072        1.6904619123763458        1.2509366482904971        1.5453894119355009        1.2352741225029436        1.2065363182374054        1.5206764941789355        1.8308534252021176        1.2392705139623890     
  0.13237960057885853        4.5210119296126026E-002   1.6871429919401115E-002  0.11001589585810212       0.12513183872822561       0.11955107126991994        9.3696148665001741E-002  0.14248785540750919       0.49958312624871209       0.34252676001902804       0.26759666895402850        9.4689042606193596E-002   9.2345613516616076E-002
   1.6594638676889881        1.3051642534035317        1.4334221099916635        1.5133029452027622        1.1976968983950169        1.2461454698093619        1.3395735553668124        1.1408705684203850        1.2445176999454550        1.4955148957394919        1.3837082969962611        1.5383411170908330        1.2221097488653789     
  0.15276146380661618        5.1139945144152446E-002   1.9812462073550415E-002  0.12157354842386112       0.14106857846975981       0.13591940375319761       0.10449319231649287       0.15816818335083083       0.51431346829185387       0.35658504751658437       0.28066644713759803       0.10622858617661499       0.10680363605951489     
   1.4570924041129680        1.2790883429028723        1.4909434865401481        1.3899665004854103        1.1376858091648583        1.4307071482502010        1.3291815936810802        1.4879733722499604        1.3549829006227307        1.2691915175667721        1.2368077462830267        1.5638372049330063        1.2966162034522168     
  0.17237817921950027        5.7830408173935297E-002   2.2860727708206071E-002  0.13389504569418703       0.15745440583205028       0.15177194472471292       0.11516764229840776       0.17452008804340718       0.52877408126366188       0.37003388582684987       0.29391964035888901       0.11689902745759628       0.12285631165266576     
   1.4219927911383463        1.4694220712949773        1.3163086918051758        1.4684785390570918        1.3716348292411598        1.4037555101917247        1.5548213436498366        1.4645229835695026        1.2970586356902294        1.2848756918525390        1.5135496754879718        1.3155292909196263        1.4849826392284740     
  0.19322294289355299        6.3265473124216806E-002   2.5805454085820006E-002  0.14679184964824221       0.17336259186040762       0.16753722534031179       0.12636586382896312       0.19144568880077220       0.54281505387562357       0.38190321034231600       0.30732730062222757       0.12760513107197008       0.13880583366311233     
   1.6086041655687802        1.2369818717639489        1.1812947187823581        1.4473214201627698        1.4048805209724888        1.5600048757702989        1.5629741736898144        1.4099811489924094        1.4395256769756097        1.5979649540935346        1.6764930495534045        1.5190968754076977        1.2398633452760430     
  0.21388443164877638        6.8875640877304065E-002   2.8844455751896370E-002  0.15936265983036682       0.18924051543321810       0.18359362448199623       0.13812080860335790       0.20647762062079594       0.55475669100126213       0.39135712163013187       0.31806625080561962       0.13801015487652976       0.15577787329057174     
   1.3791113789570555        1.2622447960199017        1.3806821110432976        1.4979125403733216        1.4258163918958782        1.4539893721154349        1.7501123974066135        1.0535803723162891        1.1433078686647467        1.3839143289468636        1.2939286373278311        1.5671891491235068        1.0998258411032609     
  0.23148643513053654        7.4479999937817967E-002   3.2303324677339249E-002  0.17136555691031224       0.20498476697175949       0.19765074272633840       0.14996259631746850       0.22088882605865270       0.56602642717765028       0.40097766093982895       0.32654382651991160       0.14726800538067689       0.17408887892652564     
   1.4058693457809159        1.4091337303619429        1.3937900979696489        1.1368420904192429        1.6645972761808512        1.2853509095944577        1.2604570995675712        1.3657470785366355        1.3274655080071445        1.0357182381741177        1.2790438038529104        1.1818390459392358        1.3592302371287854     
  0.24780079544917513        8.0127842451711229E-002   3.6023803265994900E-002  0.18277699346866630       0.22171385638456717       0.21018704843094496       0.15932926041853185       0.23585731358155737       0.57845385771726365       0.41133531876225471       0.33511461329576442       0.15753504421171255       0.19058979583566613     
   1.2520519516923168        1.3489065111776002        1.4282622071687210        1.2145539285751741        1.5170763393611613        1.1726962455116872        1.1993630139295486        1.2417609718011906        1.8135591711389867        1.1887771427414293        1.3189480954323043        1.2385078644626284        1.2330828548539825     
  0.26370327420268436        8.7169869047651741E-002   3.9810780891777892E-002  0.19430831373137422       0.23808320022834473       0.22303792259301902       0.16633712775457363       0.25158672083611344       0.59143096872203293       0.42068949459305366       0.34688067123274852       0.16823043935681739       0.20727100802704501     
   1.3597396045704249        1.3620368892972776        1.1741310078875433        1.3105458336689451        1.4429767028605052        1.1386719699514447        1.0994618278743331        1.2440829719578450        1.2791337473243478        1.4336706166405049        1.3695977287777781        1.1694126493563566        1.2146673350773090     
  0.27836670414017056        9.4478042614467100E-002   4.3787434671038301E-002  0.20601629565909121       0.25275989888357508       0.23758240441358294       0.17481452364219216       0.26893349316077930       0.60323778925162219       0.42878269770998934       0.35977756001722588       0.18057604996111634       0.22456470892716715     
   1.3849414594622067        1.5545487813239394        1.1385019797316958        1.2742051094433464        1.3660417116110308        1.3024851924618663        1.3067314836702839        1.5877627791095288        1.5703375620637883        1.4360920512178745        1.3589206218086609        1.4775511566716404        1.8050813420262755     
  0.29075673595942469       0.10218829885089373        4.7973235429323025E-002  0.21766956127894771       0.26664175364627152       0.25359105905991725       0.18278859102941680       0.28513052298004504       0.61335079741401954       0.43622410987663945       0.37248525000141885       0.19400237113734342       0.24332434400380495     
   1.2033127727363691        1.3611715963870408        1.5193692562657084        1.2478825357890257        1.3484084117806510        1.4579815274839574        1.2086308362649698        1.3216860664556520        1.2838390998951208        1.4342873864914674        1.7023913273536802        1.2928625687164206        1.4271915890101563     
  0.30280890270295735       0.11043514228164988        5.2339510072987039E-002  0.22992103921186349       0.28046794235511513       0.26979132948602930       0.19131940757924026       0.30028156695026298       0.62388285694115453       0.44266394351422889       0.38435958626821076       0.20707772039287248       0.26358287647085854     
   1.2325936972617397        1.1461518663566765        1.2212058996215305        1.3206511576041933        1.1759532254716409        1.3751269619949342        1.1040131086848015        1.5200472708763431        1.3159549933230990        1.0668640689419755        1.2607911360842334        1.6900232140748577        1.4014076058400362     
  0.31674618844915559       0.11910372325289215        5.7291973705398409E-002  0.24264204592174990       0.29668386456721779       0.28566022867677782       0.20025706646694993       0.31497611628404354       0.63357255173638949       0.44950212199859002       0.39549974482145422       0.21954717341197996       0.28093498502097208     
   1.1989689688081533        1.4678719325221168        1.3426199688688156        1.4815339786306965        1.2753029400243012        1.3357803117245917        1.0757721766893509        1.6223581397515787        1.3814785067493540        1.1951275697661687        1.5398590892069532        1.4126477427260991        1.5193225358364197     
  0.33326152970274697       0.12755920525972769        6.2368014576475839E-002  0.25651603586499327       0.31384316701891141       0.30088144716930787       0.20961776370613291       0.32921982720068205       0.64329698641037270       0.45658592049596858       0.40668282600634970       0.23205810371493435       0.29659538747980635     
   1.5665050799780904        1.3932771306652776        1.2690666907175225        1.3146891268935732        1.7131250180763571        1.4284210574780072        1.1771000124328981        1.4231005859383055        1.3166803546668435        1.0557845134872075        1.2738858722203699        1.3355522666911901        1.3199951045150891     
  0.34843625607330725       0.13596702689980378        6.7919668702727545E-002  0.27191870763702769       0.32997828016711017       0.31548766414749507       0.21918180762223971       0.34334744194573957       0.65210250315499230       0.46379100316582139       0.41725963658298587       0.24541072175172524       0.31168825840383974     
   1.1370690072450622        1.2793413575558372        1.2146428465796497        1.1313962462791856        1.2415527470976562        1.3013698309964621        1.2970581335776077        1.2790123662739321        1.4708053857617578        1.4103528874880435        1.2247871766552609        1.2585888127071363        1.2017698038976787     
  0.36352414134607580       0.14412102559128537        7.3374595388610894E-002  0.28741289879241755       0.34483093040700963       0.33097532720016082       0.22868447986803159       0.35944534514756032       0.66096539063963666       0.47090149098803963       0.42898932894572994       0.25884902807826932       0.32641780635727174     
   1.2174764533442934        1.2015197758274652        1.1846482551102491        1.4462935080320896        1.3265115302839627        1.3037707217741834        1.2898992954813071        1.4561132146864271        1.0236625681547984        1.3932456750015687        1.3810853674401602        1.4147155163450951        1.1973987487738134     
  0.37916353792296070       0.15240353527886497        7.9174339937067434E-002  0.30317871925849960       0.35818712650096241       0.34716632370563905       0.23799994254482870       0.37487606859131362       0.67034922529790963       0.47713529111434477       0.44112144641849094       0.27229209588065945       0.34056738771170303     
   1.2844521288868598        1.3476325941491745        1.3009814891423035        1.7960822511662093        1.2346511747560001        1.4556531257388869        1.2776491950030737        1.2289109518074071        1.1706060562853320        1.2192288479540909        1.1711963458071328        1.1309597424834361        1.3197101558195665     
  0.39424811822630818       0.16155398457819861        8.4393608558208155E-002  0.31901960475646546       0.37132054894514255       0.36388820341174966       0.24798590112804220       0.38958050306676822       0.68010935434707864       0.48247303322635660       0.45345575427841445       0.28486811692533326       0.35821576892856494     
   1.2363248079791598        1.1835938827897245        1.2254203390123481        1.5800391407236678        1.2572368866012833        1.1989340570070881        1.2749231384317239        1.5713926845009556        1.2256330586724342        1.2566432438606583        1.3110774240978200        1.2639884479066981        1.3746264467746434     
  0.40893158252451223       0.17182588698173615        8.9821772267223335E-002  0.33466872373536666       0.38514242007580884       0.38104546959400226       0.25919974093166692       0.40427460653100838       0.68942264311103107       0.48807317501415926       0.46585571523534630       0.29905191268900833       0.37618773657695759     
   1.4198210433912350        1.1416754541887164        1.2603091284666537        1.5038609489707053        1.2326867737398908        1.5751167723011688        1.2982441015558699        1.3714878590765855        1.1234677536114073        1.1282308328159378        1.2729467049137142        1.2795889748005140        1.5865827282942297     
  0.42352466032502684       0.18263211102994870        9.6225424806563778E-002  0.35039340438241023       0.40108015727747282       0.39769492189093636       0.27283521306920300       0.41859440346555232       0.69828166092260002       0.49323578376681415       0.47895387979485227       0.31509295309944180       0.39109210562872654     
   1.1426018071470279        1.4983514265102198        1.3306920150424735        1.3629976749481745        1.4286067741931121        1.5708452068725993        1.4479260084205448        1.5845972962906436        1.0003815064533110        1.0295261590251787        1.1885146748671613        1.0880272442952512        1.4506225540213533     
  0.43894010074612766       0.19385840313827124       0.10347189404562868       0.36624932272580368       0.41775987437968665       0.41452895485175295       0.28605401544598502       0.43383005488858489       0.70655775686679734       0.50017343356789823       0.49260859514678662       0.33316229778208079       0.40496986537118590     
   1.4045679748240869        1.5245581527822032        1.3156307814512676        1.2505446100771072        1.3406558520171399        1.3152715101788239        1.6012278611366777        1.3609904869498728        1.1973932540833001        1.3525074594360933        1.2464254339995529        1.1938791724372411        1.3223718831931359     
  0.45545013993808892       0.20531737284576473       0.11164640743285680       0.38153421714084723       0.43379294844639782       0.43065143423258218       0.29785334313078499       0.44884215190113852       0.71498303613817471       0.50914253816416311       0.50518988956662658       0.35246058347395842       0.41970016238511526     
   1.6631422372912834        1.2504205835625863        1.3254492899983770        1.4836357557269952        1.5865530618687005        1.2370074401853346        1.5334570247586257        1.3204979154802399        1.2896460120245568        1.6607965255540271        1.3008684804651847        1.1635699625061811        1.3172263808773055     
  0.47399608067908322       0.21706070592333340       0.12053565560295616       0.39904733841334300       0.44903837221491699       0.44647721745345748       0.30897092868172255       0.46372264089075949       0.72342468680360850       0.51803537992238546       0.51752361899615851       0.37247280149402401       0.43361101184443884     
   1.6445708172110634        1.2764099335078039        1.2469073827189281        1.6084339391367488        1.4219670670895590        1.2426817275951021        1.3132282508921980        1.3343118674299759        1.4869355233459760        1.3777535381613648        1.0655987554240174        1.6941437276909097        1.2114077308671694     
  0.49194083349279633       0.22901583748837143       0.12992475958456548       0.41407225039076412       0.46522428607320099       0.46374070368286607       0.32158842326933690       0.47749936634925050       0.73187813572195681       0.52604562779357789       0.52983296991595252       0.39252994146788522       0.44644940623339374     
   1.4848289871806468        1.3039969194397698        1.2296060218295595        1.2304136866972093        1.2329320842746199        1.7365281121168383        1.3578083531751635        1.1137722905763932        1.2235240768703703        1.2466506547259457        1.2160665793171626        1.4708875776755885        1.3910107092444690     
  0.50972422127138561       0.24046997271344411       0.13902563664523720       0.42821782116698270       0.47968043654790760       0.48199570368886580       0.33466342356880979       0.49057179583778204       0.73983069502682719       0.53360058151171275       0.54284756845312687       0.41003477814921380       0.45740288385593936     
   1.2675786273409799        1.4002787962355936        1.4029791068117821        1.4231200185723949        1.2381782320650574        1.2347288664974236        1.3350567951354420        1.1486542197795446        1.3148463764913478        1.3691015425899224        1.3676313057768701        1.3187696803858013        1.3471865346853040     
  0.52806584598363948       0.25165135741949385       0.14822324868490291       0.44257345079708388       0.49259000334177244       0.49991585433065905       0.34739121080962626       0.50450341335099769       0.74736878722601097       0.54094464471361869       0.55588036571635269       0.42485617701216943       0.47151714040289905     
   1.2985139282280953        1.4463061865681366        1.4155911243249388        1.2030260454491850        1.2178828480855552        1.4331356015800649        1.3067585722755843        1.3280360734947860        1.3893158433707522        1.4819988904698511        1.2666423411698151        1.1618022342716179        1.2994530406763627     
  0.54464771104158960       0.26293624483594213       0.15837979798150778       0.45743664473791801       0.50558186901643487       0.51712461424329570       0.35940804301293255       0.51940369219491223       0.75491781211432218       0.54803167029241462       0.56847446188873740       0.43863874131649000       0.48636951061693995     
   1.4693823050538890        1.2956466713114390        1.2043344205275792        1.2096722019565340        1.2051689190978572        1.5374103861777089        1.2303252910223457        1.3509648623466723        1.3760851471712359        1.5412201122559261        1.4185369568482651        1.1476240393066299        1.3205124337243470     
  0.56131001786339907       0.27419110412712205       0.16915493206646109       0.47272231560632422       0.51799710813370337       0.53413332163009775       0.37137904807558514       0.53512212421945160       0.76229190964666949       0.55524509346495909       0.58134099477250190       0.45246122828845348       0.50096716644723349     
   1.3056724231859986        1.4436451141616347        1.0738532296685999        1.4551477965456829        1.1394271639134224        1.2760705562091019        1.2965825496039838        1.3312209786004841        1.2441910536370631        1.4617691926573286        1.3540442924514684        1.1304597921889610        1.4207074957508514     
  0.57741540604105224       0.28529382703982231       0.18000860937403240       0.48748688412582197       0.53278724045486703       0.55003832133549524       0.38355859839594608       0.55038806988794908       0.76944327791373168       0.56271322710986771       0.59429797046030541       0.46725251446503602       0.51665900442285928     
   1.2840053837337095        1.3939049462007116        1.4156258287629850        1.5296388924280540        1.2715649232917527        1.4656461218223928        1.4187393630558320        1.4430148893500705        1.2586591495894133        1.4670266257922842        1.4669537350911945        1.3271611382598631        1.2507899933848521     
  0.59225920826178013       0.29665683540896731       0.19081248740382004       0.49717050435046134       0.54823040835998915       0.56650430133485252       0.39574510012944358       0.56510733703191940       0.77598697663465288       0.57046088370521009       0.60699866428966853       0.48479005511571821       0.53373287325461882     
   1.1880740125838103        1.0541264569356597        1.1444149814568441        1.0798819053464823        1.4663517063592875        1.3047218316594758        1.4436014522801881        1.3315670609093513        1.2957693884647188        1.1894578619104337        1.2765338295731217        1.5212892076360138        1.2058119583362161     
  0.60602428431607192       0.30843229237081071       0.20316800423059911       0.50616095025693808       0.56636860016869950       0.58278901093986613       0.40898754216502181       0.57940731250648536       0.78243148708002253       0.57856155341206950       0.61940976952831905       0.50189901989999330       0.55021382357559190     
   1.3102760122200556       0.97002218185539402        1.1959191928252266        1.0909640609033664        1.5188621655414480        1.4100289744058512        1.2379042058905736        1.1573921775878255        1.1330706654179479        1.4969133258048384       0.97396522129633900        1.3477720937536490        1.5864649368736359     
  0.61993711088165093       0.32134799254172447       0.21660126664988896       0.51548616383943902       0.58249671238436074       0.59812489299062932       0.42227561444051481       0.59493654977454347       0.79046551476584770       0.58659083164773607       0.63149325650474419       0.51852795957530451       0.56473167869858365     
   1.2853512004963530        1.2978059323652815        1.1459294558027862        1.1779586094628984        1.2461558676125204        1.2889611668667511        1.7299824023849026        1.1382593115283350        1.2641125133691165        1.2606204010797699        1.5215600045077997        1.2690927737281463        1.2942360017905465     
  0.63483528760478158       0.33540556614750539       0.23012343495316481       0.52607189680095945       0.59882439562476841       0.61371642563318041       0.43579860013042965       0.61191881101321866       0.79849534120816490       0.59408271141793412       0.64451410279377308       0.53458920757695327       0.57875391438654455     
   1.3272864697932418        1.2245874863383124        1.4706099649227249        1.2741848321086495        1.3554761444450052        1.5383733225541061        1.3765003067916879        1.4733412941301658        1.5489600127563248        1.4282033016894229        1.2819580351736632        1.2937328410927420        1.2089634882151274     
  0.65244096349879610       0.34970372640684799       0.24430290825792569       0.54177189313257368       0.61481291459059573       0.62938515575376619       0.44907017772305968       0.62953172396967105       0.80623434369571967       0.60097532411835441       0.65797321980190415       0.54880016061310577       0.59387889331401400     
   1.5476181684209651        1.3277112024561497        1.3109360308197757        1.1066484155439651        1.4539377973588798        1.1440545006654417        1.3602544200153039        1.3151706211654079        1.4239988600207329        1.3913857131712919        1.3643999095250303        1.2503006385408453        1.5071757078673313     
  0.66947873471248553       0.36425930933924999       0.25868078757935498       0.55927446271525283       0.63105954771982409       0.64460173237840868       0.46198369461361466       0.64607441772423035       0.81446758940989727       0.60784829679635777       0.67146902526439822       0.56416906177327153       0.61154831145195965     
   1.4531388890244350        1.2585970649532059        1.1114484401203530        1.2389220621598918        1.2728284343968013        1.5666475302154792        1.5120052854198298        1.3612247809276681        1.2436682942908674        1.4185331542897088        1.3717368090557531        1.4063714413765116        1.0363653180674077     
  0.68534240436039018       0.37925509055948431       0.27406645067200658       0.57575609322010690       0.64748329598504772       0.65533813657876949       0.47499107626344894       0.66164395746272753       0.82207095838204891       0.61470806704556014       0.68487507651617385       0.57967108760421815       0.63131613084142890     
   1.3617619008279249        1.3973010968621395        1.3584955203717497        1.3442042529229392        1.5916454908284241        1.2986925132583944        1.1069290125489828        1.3282238119263137        1.4523205106410693        1.1845276149365223        1.3485531865750611        1.2610070645845868        1.7453533471012954     
  0.70369395695844927       0.39434159163252980       0.29192440212837450       0.59138349094484965       0.66451229690346481       0.66639323823756114       0.48783460177524440       0.67613558269005669       0.82902811303709412       0.62123524398797492       0.69804043035171559       0.59514943697070266       0.65073240325935122     
   1.5173494026542385        1.3728322049180741        1.3166750159380978        1.3670496612796761        1.4932364834125982        1.2310323143992135        1.3168396750710933        1.5099219541432127        1.3264705045971490        1.2383491664375856        1.3077759123288644        1.3183981163958891        1.2992464168678817     
  0.72110382488847091       0.40914863418819986       0.31110240459786448       0.60546652968136849       0.68284772523067971       0.67983296196750331       0.50248829204053969       0.68987720369473959       0.83573649253600868       0.62778161204741045       0.71213359676431209       0.61116749646018353       0.67046049276353858     
   1.4468785459161504        1.2224394995874814        1.5712427739074106        1.3674923862893056        1.5676669924553188        1.3808767644496573        1.3565478871686074        1.4458590706063617        1.2118882162659417        1.3090788882462145        1.2825100778309746        1.1477743995478145        1.4696126636029085     
  0.73847742212896417       0.42203977618196975       0.33023825369114107       0.62111125098830788       0.70219362945645980       0.69183237183481183       0.51651782998043672       0.70380095355311401       0.84214186843780259       0.63444537447679716       0.72494938366275630       0.62767388103582955       0.69015392016730281     
   1.4442829064810729        1.2199945809235788        1.4992842658355223        1.3142737821819850        1.3723631485703414        1.1911683955156533        1.4346180561149215        1.3431323100955115        1.2701426339492830        1.2109746272117345        1.1657590273469467        1.2325173282140367        1.4536253098380261     
  0.75310355453632094       0.43451833813439822       0.34953103283667597       0.64023598619763200       0.72375020768607568       0.70981219225085890       0.53140734433530823       0.71752081304553383       0.84885539670003396       0.64187644168160751       0.73789132353210929       0.64415817967782019       0.70991873717163667     
   1.3786173788545502        1.2337346879932649        1.1460004225575622        1.4129771132513107        1.4019515607455579        1.4113066689685232        1.2210491393481233        1.2149705451717294        1.2825951436861305        1.4678658010719279        1.3205976736455334        1.2256084165625829        1.4160424360882127     
  0.76859735315502131       0.45008597377997434       0.36870296361673316       0.65976505829071963       0.74151524012952730       0.72838868500341702       0.54308504104801569       0.73172060707818987       0.85582638254470977       0.64953101676336145       0.75076633136423299       0.66117044892420673       0.72859231803588542     
   1.3020247759959267        1.4432832531724014        1.2970873510339620        1.4561393999772863        1.5088840729424680        1.2976222347211432        1.1968778991121893        1.0891063794759543        1.3129870524773963        1.5330574642051116        1.6313254905575250        1.2574450440408858        1.3533726265434047     
  0.78348342939547466       0.47090733632230347       0.39076427494983929       0.67933961989477587       0.75701675902064580       0.74494858517188178       0.55512565062104935       0.74699318662688785       0.86372428049806971       0.65728491008905432       0.76463709637427224       0.67610545549418755       0.74649412315818009     
   1.1149887514925685        1.4249998736549969        1.5861853881642380        1.2889868363585275        1.3257055137281795        1.3154002752344229        1.1364624056691521        1.3306242741711278        1.5439036970444588        1.3131433166727688        1.2238314184654442        1.0053090334874064        1.3696171314370920     
  0.79905693077240370       0.49225102515416735       0.41190771822953348       0.69949315774710630       0.77295141744113993       0.76041781544208786       0.57108317326719071       0.76400286590655420       0.87244121563485755       0.66495160093032291       0.77862368277516802       0.69096976560887424       0.76363595774071136     
   1.4501873441236743        1.4854765126509897        1.3600063655180625        1.2246016519195375        1.4371503249152708        1.2514573159334232        1.3275255365507688        1.3005645721776196        1.3669583767057778        1.4713274730801016        1.3994963365542092        1.3076694206798096        1.3978943595472202     
  0.81495255142580092       0.51357671345326306       0.43857442899185189       0.71850192531256174       0.78724356440295584       0.77611731354403668       0.58620401309096781       0.78065930767285951       0.88046170154392445       0.67282208743231986       0.79240648158754556       0.70838712186100217       0.77961269733939365     
   1.2526330608244205        1.4402468168493665        1.5878979223781482        1.3979262049812125        1.3231721099078242        1.6014020883661439        1.3670162887947974        1.2196972510677286        1.5388834524178148        1.5537750654140157        1.4411829447078559        1.6111182798240236        1.4499713838629633     
  0.83036795262028473       0.53565108104129688       0.46403594409188281       0.73525829277177368       0.80041300674472937       0.79198360739126816       0.60165139296550985       0.79773414946039312       0.88711195665462150       0.68099212496769990       0.80544351450155216       0.72681766467821385       0.79572188907707875     
   1.2753880041763181        1.3178347414511795        1.3883200435068663        1.2312391550583390        1.1759713875273097        1.1895748930221817        1.2635948208643515        1.3446632045610365        1.1575779366850503        1.2655154147135383        1.3320554820504682        1.5685748690019254        1.3278002064054102     
  0.84467731534562973       0.55831528066817337       0.48618741697315632       0.75499626542209730       0.81431627479266278       0.80943164348104679       0.61790309411776345       0.81458214653562888       0.89352195530863865       0.68973097864635935       0.81813675878886682       0.74841381142763108       0.81330677253582795     
   1.3331039249392236        1.4088198985279248        1.4246433842154231        1.4856320758056738        1.3621799086409558        1.1983782156362215        1.4750905948203150        1.4564267267837954        1.1289884575174685        1.6292137104498041        1.3534502861860389        1.2842515719385910        1.6285215399575610     
  0.85845227268345781       0.58202926932099031       0.50861853146840053       0.77280631167648028       0.82871574145480609       0.82513865044933832       0.63466153385796609       0.83029945094249891       0.90027375362746331       0.69884008532701081       0.83038915601193375       0.76853393732190900       0.83031407936470325     
   1.2116132161642452        1.2851551301943258        1.2767964291267302        1.3791265662791252        1.4296947532453370        1.5599258103911235        1.1429489837636919        1.8569362706435935        1.2989817979157239        1.3929711923389170        1.1922219750200440        1.1567026312856821        1.1625203374776754     
  0.87261923318661516       0.60635185709895612       0.52951776281633833       0.78947017269789843       0.84315393774047298       0.84007612186883029       0.65215219788392365       0.84450445301768684       0.90784660559049446       0.70864267657127522       0.84283868791544769       0.78807745564947973       0.84601309407288516     
   1.1518510420984576        1.5778604038598012        1.0540721547477743        1.2399440986284112        1.4571884419265471        1.4258026091269580        1.3162619212629834        1.2473568809721327        1.4246464763103017        1.5367297901525614        1.3849732055255832        1.3294763430429508        1.2177207218891946     
  0.88644001153741059       0.63556530162282121       0.55168686914830745       0.80772117500821483       0.85668510105130302       0.85377032947649167       0.67022592003871673       0.86040624458500170       0.91609719256922517       0.71863025220242505       0.85613089469398873       0.80513496256624728       0.86228278181167450     
   1.4534855613160582        1.4879593006309895        1.1567910772084871        1.3313377957476082        1.2854657494025143        1.2712979820890740        1.1906721799614417        1.5108386937115945        1.5438728602996037        1.4186291019265940        1.1776024489097381        1.3696910330513621        1.5890432915250590     
  0.90294598880537824       0.66569140153534856       0.58025736474566425       0.82611081794708185       0.86919395545118905       0.86694154139554114       0.68913072382888896       0.87844589753154390       0.92390725284239972       0.72784790334823091       0.87024642029716259       0.82372181865160810       0.87928826365512780     
   1.4417876160508536        1.4812400322161987        1.4655157019786853        1.5039781225396827        1.3329141398281903        1.5836846828698616        1.4224726745661969        1.5452272765537565        1.3698668289045932        1.2209349577367832        1.3191590545325043        1.2991885897473319        1.4904106814298936     
  0.91996585026539957       0.69852858283705599       0.61579252603690393       0.84373976245416915       0.88134892747507343       0.88110586458447626       0.70999552854427461       0.89562129446281258       0.93139291554305648       0.73742073400700348       0.88449017874497959       0.84277092998294212       0.89686081188172428     
   1.6033956312129496        1.4841867939995981        1.2167971484705342        1.1769132836688614        1.3532223442313411        1.2153508706244733        1.7111850006418394        1.1917147602694083        1.3371901829399901        1.5028424396840463        1.4677956453916037        1.2168891567113953        1.5815415547409974     
  0.93381248075186141       0.73451067446487595       0.65628788263846372       0.86058115205997343       0.89600160898106418       0.89422368283150810       0.73198176766134615       0.91082066029041764       0.93899487710345753       0.74789229068660956       0.89782188915853145       0.86246204546341310       0.91401253945819538     
   1.4565541974664176        1.1952599381286182        1.6146465038699997        1.1903237715961343        1.0833587974912149        1.3005503721469416        1.2607497440457034        1.7232114927368520        1.4441151680714717        1.3782044699183236        1.2744566617892081        1.1259364381066213        1.4836448276209697     
  0.94508485456981373       0.77284061517742331       0.69924333523958648       0.87586950040783484       0.91311019603666033       0.90758452540105172       0.75410264681639028       0.92507999646309635       0.94751469217658180       0.76010268273447457       0.91081976608604487       0.88521368755664320       0.93074268001877458     
   1.3358237446954899        1.2765226790335349        1.3732536831673858        1.3571729990004846        1.3911850621181130        1.3226178278103615        1.7464355192247087        1.3125962953305810        1.5377161379477615        1.3315888945071490        1.2722840616486137        1.4492599767655467        1.6217480633138202     
  0.95512870413763062       0.81862907634640891       0.74807873804743719       0.89401304667219783       0.93054730143729225       0.92340231986111787       0.78224684077887563       0.93856939305161824       0.95699707774254705       0.77347950338756777       0.92647797514222086       0.90705597533034144       0.94526454264093651     
   1.2951745680738658        1.2545019544619944        1.3524303348713906        1.5340698820646559        1.5665733131496471        1.5247171217790729        1.5599987038112233        1.3065276211645618        1.5346514169896806        1.4972295203373545        1.4826011577884397        1.2124450552625003        1.3241066430539357     
  0.96471615672924604       0.86785504118416623       0.80606765484471909       0.91719408916846934       0.94766761596639071       0.94085502968541534       0.80657473342922059       0.95342282230866471       0.96634377350134859       0.79051104901020830       0.94474311264881417       0.92963912312295538       0.95871887138785339     
   1.2114125055081599        1.3026983159396908        1.7618798745242310        1.3437875689635059        1.4050169086122701        1.3605878486423972        1.6713201947759422        1.2468119667743993        1.5323153461471233        1.9623603744620182        1.4315638841012828        1.3390126199650021        1.1108260204817344     
  0.97576158002747082       0.91676705204635212       0.87296579096902449       0.94136151841449667       0.96451268163113824       0.95920274435428876       0.84225634969563201       0.96937345943128483       0.97755769284340710       0.81386320428149617       0.96262073106314339       0.95242989783110799       0.97187993465532385     
   1.2600376915712417        1.3894280726761254        1.2572908482415892        1.2900657887141846        1.1865650060346786        1.3927054378889385        1.6032930325858366        1.2557438014203814        1.6488229394254741        1.8607259649543020        1.5550143195100803        1.2984537203403148        1.4108057790481903     
  0.98805650002095247       0.96092576477099001       0.93808766736456428       0.97024228525882472       0.98256173262273161       0.97986989804741753       0.90403252986844462       0.98461920904200595       0.98943385051269628       0.86324324858035895       0.98034639271263968       0.97619262689622865       0.98480659418205652     
   1.7369430529951015        1.3414549697480671        1.6504336636340606        1.6395546229176279        1.3766873292236852        1.6594947108766607        1.5395509369854703        1.4191119696925802        1.5415533662157084        1.6662912172151225        1.4025754056567423        1.2322538509607861        1.4179335031326599     
   1.0000000000000000        1.0000000000000000        1.0000000000000000        1.0000000000000000        1.0000000000000000        1.0000000000000000        1.0000000000000000        1.0000000000000000        1.0000000000000000        1.0000000000000000        1.0000000000000000        1.0000000000000000        1.0000000000000000     
   2.0554352839640031        1.2589160845366676        1.2554967772058421        1.3622381386119724        1.3380530982961152        1.3573376474937977        1.2250051782117397        1.5856741674563570        1.1029055707827597        1.2469907400931350        1.2667753196771743        1.3743274363986133        1.5303979173403996     
   4.6801838289008355        11.293579538354551        5.3767316589862411        8.1293929590139182       0.97686317480719176        1.4196739000502738       -3.3365460374758178       0.76609277213477645        0.0000000000000000        19.258389739895346        4.2412559134473184        4.8789652846831819        6.3703552801864110     
   8.4362214739578150        3.6887682897309606        6.3985728624549738        5.9736365147505239        8.0417489443225172        8.1562356968439520       0.81995237250222142        6.8229249272877546        0.0000000000000000        5.0406020837898797        10.563844591782335        11.643465177961914        6.1310375269737554     
   8.6942031665561501        5.6134883413969838        1.2009855371585281        5.3940664210896827        7.8213273663772602        4.7770836510783194        2.3557627784599546        8.9709149845637448        4.2059815568247716        2.4800375049986609        2.0883293831117911        5.5376395905050204        11.855747285539611     
   7.7039476389100656       0.79787180784363099        5.7212554574744168        1.2441143257788696        3.7648471048200203        6.8171355560514559        7.4261890790073775        9.0637797884702653        4.6560002825196696        6.7825353573311711        4.1124072168621604        2.3989928817510573        5.4555968155469889     
   4.0760420884030175       -3.7831465751306838E-002   5.7843972812982045       0.21067893034058363        5.1148869845528218        7.8062317675628821        11.272411623567519        5.5444802936419917        2.7705989496027659        6.5863619479008015        5.9834302473871963        1.5350399010657294        2.9373929681520075     
   4.7713451518868197        4.6150996111318010        8.3379861266583504        2.5078667167387674        6.9206161720658361        4.7784704290515245        15.408257856828873        10.289128010671952        7.2257666227018786        6.1141543804224652        6.6207423824894338        8.2727595929373585        7.5441797467862157     
   3.0117982950374143        4.3369809236401160        6.7568458585611291        7.9463529890692008        8.4072609036545618        5.2656354922839830        10.860607348855957        3.6035548420381924        8.8475855060197990        4.4908033579207016        3.2126340258675281        4.7891058584160788        2.8599693308783878     
   5.4209739493615503        6.2269160689200396        10.810645948247560        8.4241215387117165        3.7568413828121430        4.6206297939132472        6.1785517363780382       -2.3652048536010257        6.0254907550761878       0.24221650208091661        7.1693500469470646        6.3922178431882353        4.2531632993259469     
   1.5137952038826918     
           1           1           1           1           1           1           1           1           1           1           1           1           1
  0.39633521305357505       0.15336392982598540       -7.8318663408754598E-004   6.1548506895766906        1.2297070831638021E-002   1.2148903946925189E-005
   4.0201131672415371E-003   3.8272759727465870E-003   1.0657290978310053E-003  0.21963746736205778        1.0655927883228993E-003   8.3827590434027455E-007
   5.0000000000000001E-003   6.3072121328249455     
