   0.0000000000000000        0.0000000000000000        0.0000000000000000        0.0000000000000000        0.0000000000000000        0.0000000000000000        0.0000000000000000        0.0000000000000000        0.0000000000000000        0.0000000000000000        0.0000000000000000        0.0000000000000000        0.0000000000000000     
   1.0784947188075540E-003   2.2146656311276703E-002   1.2332186567995574E-002   1.1407022497410114E-002   2.1143182407651083E-002   1.6144347447529888E-002   1.2462686667154698E-002   1.3109958327646221E-002  0.17412724577738284       0.16325416870777532        6.0447141295276438E-002   2.3679241474702122E-002   1.3431647874276753E-002
   1.0223928170478147        1.2378574378482337        1.0625174612772246       0.91622376478285128        1.2611442239094093        1.1519276417676543        1.3084232163921672        1.0391146713856569       0.93097095356066828       0.93646978099709466        1.0362969145037877        1.2787797180811922        1.0162763665157855     
   1.9742159631544673E-003   4.4432864867830879E-002   2.4899839289549905E-002   2.3241413615018358E-002   4.2879394211110956E-002   3.2255526706759671E-002   2.4717901092421168E-002   2.6437099692703428E-002  0.29011527836861789       0.23757693830996687       0.11278645161182813        4.6932740247366503E-002   2.6802820870021827E-002
   2.2239933606049100        1.3990393211144325        1.1750621722112236        1.1327050724162957        1.3394134977962240        1.0603116223727529        1.3160948614395771        1.2377094572648286        1.1995868634482554        1.2474745757352821        1.0608957702481243        1.6958248449535280        1.1359555888319510     
   2.8016979874745914E-003   6.2468461115000998E-002   3.9683604180358607E-002   3.7719419716958760E-002   5.8317260415350514E-002   4.9668401530631463E-002   3.7301002211917414E-002   4.1118283966403595E-002  0.34270897933501226       0.26587304699097436       0.14615575246877902        6.4059737842072112E-002   3.9178903379350212E-002
   2.0217413539121942        1.1611185061840283        1.1831806989656422       0.99146118245019355        1.1012861197757555        1.2353998302460267        1.0180156858565861        1.1892799260700013        1.2015798365371253        1.1562818388791107        1.1878949756972521        1.1800546385431419        1.1238926383267518     
   3.6131625962964936E-003   8.0360526896635379E-002   5.3497288800414808E-002   5.1437242331351933E-002   7.3790474943436268E-002   6.7349965320081945E-002   4.9655705914589642E-002   5.5728435021043861E-002  0.37946777853884328       0.28446191724105296       0.17722399799087055        8.1577872941679869E-002   5.2500977478161792E-002
   1.4247249217144937        1.3445141204002458        1.0933059235261255        1.0421729290298778        1.0979419516611952        1.2408300723860721        1.2980684557417839        1.2033678037430837        1.2898952054701909        1.1735427473708975        1.1428338661119755        1.3384185789555347       0.93138452935405269     
   4.4414199213123453E-003   9.6988153719067077E-002   6.7089244904032883E-002   6.4770307393188606E-002   9.0588179802425756E-002   8.5090540713647092E-002   6.1744845641684254E-002   7.4853401354189400E-002  0.40634420393547011       0.30233473364280283       0.20069719124061119        9.8009463926639590E-002   6.6787089522580792E-002
   1.4440042116106431        1.0667513481652753        1.2344256607201896        1.0894147462355996        1.2413574644639163        1.3285644883268535        1.2176408610897300        1.3074860307674447        1.2884540286920083        1.1209501308385679        1.1997738658761483        1.3215638874605327        1.0512860537157134     
   5.3577544822924926E-003  0.11321651457329396        8.0548510248930019E-002   7.7829270495190228E-002  0.10634419357869034       0.10357484749221013        7.3605239955899640E-002   9.3787858122513001E-002  0.42886159340008601       0.31542502771566877       0.22244919797726706       0.11485769851429281        8.0832882389455143E-002
   1.3467369297759739       0.97133648398099781        1.1827924810659596        1.0444752277692175        1.2365037760668147        1.1612526434129498        1.4138323958245165        1.1719954674785567        1.1441246616539418        1.0081404053720882        1.1507954547529060        1.3318011094126299        1.0735949032353211     
   6.2905168770164442E-003  0.12974634287578024        9.6414869652541313E-002   9.0323893521098778E-002  0.12099799933969203       0.12155826324707103        8.5537613746506452E-002  0.11157687195849231       0.44937961548741767       0.32915688565861018       0.24042131778237141       0.13476291248418074        9.4305613860376059E-002
   1.1627522458764166        1.1284303565249867        1.1738094607055289        1.1301927791125499        1.0134578227740549        1.2188199525055001        1.1706088855163521        1.2237999547560956        1.1098167571289377        1.1003236758503765        1.1032607739454878        1.1397106711323381       0.95313994925909851     
   7.3588520421158871E-003  0.14664106267952356       0.11237833245073772       0.10365212905215473       0.13578053399859477       0.13944108306125086        9.7500727751568331E-002  0.12879430769035341       0.46793424707928721       0.33965665321897159       0.25709345550061163       0.15554276715134241       0.10836706379550175     
   1.3718976134811904        1.4599271252755810        1.0660143247410097        1.0376409639681119        1.0953204088827873        1.3854976829026955        1.1144625204678174        1.2164002365837239        1.2011547175948332        1.0457257652216483        1.1285223191115272        1.1940700378904385        1.1214961362033531     
   8.4497407515180360E-003  0.16190567936403980       0.12650299908087034       0.11776099361537239       0.14988045312467330       0.15659417273656245       0.10905718875061764       0.14394019138133188       0.48605748360560591       0.35057875702272084       0.27150312817082778       0.17426145487770336       0.12297311898758646     
   1.4235380396047927        1.0753553174210686        1.1104321471699004        1.0050196022416391        1.1534405793475722        1.1979917518187753        1.2752284952602846        1.1795543410050593        1.1953157583201750        1.0923507787277456        1.1651657310874171        1.1107835419284733        1.0719967872661627     
   9.6401755045301199E-003  0.17651693067511087       0.14090101860703036       0.13182586885696318       0.16334555682444382       0.17376645060741092       0.12031476872345349       0.15946136104309522       0.50127472365321790       0.35849673852371394       0.28494983140427677       0.19196031355588641       0.13828702585808889     
   1.3369140356924551        1.0848746262107118        1.0914370628626169        1.0844750674387098        1.1453182637359265        1.1682795150706375        1.0264009750527554        1.1242043467870684        1.0586806779887175        1.0381986297703143        1.0656032729989184        1.4272541603004183        1.2715501514099057     
   1.0916803741322192E-002  0.19038179931192956       0.15746870517165287       0.14648263611773010       0.17723027122469645       0.19097520652438860       0.13181797188564001       0.17534949112263509       0.51590469541342676       0.36659809750205807       0.29751434340407362       0.21091315640711333       0.15404026760783215     
   1.2161067035401085        1.1397841216142959        1.3121668372266138        1.0319654697216720        1.1925682120942382        1.3976377576905399        1.0604246415135343        1.2485563868098135        1.2293869109533095        1.1288858147387741        1.0156464818261011        1.1696572770218712        1.1203282433667949     
   1.2246593633719809E-002  0.20418677211373526       0.17340378289904709       0.16125992750989668       0.19094104418075322       0.20824381818584239       0.14365250809129582       0.19094116251781304       0.52817989743405092       0.37573861855515489       0.30957104200960922       0.23077344092000623       0.16887282791549330     
   1.2223433395325889        1.1321588950843358        1.1406222230279306        1.0463304529240107        1.1201390633002830        1.0780435814272396        1.0838155159248157        1.2184367132169411        1.0765689712642423        1.2265614302939039        1.0724636491934201        1.1737928076505140        1.1475099278325296     
   1.3732824272049934E-002  0.21861905937282175       0.18919921916359644       0.17635369219454622       0.20264001785095234       0.22429686641316879       0.15581700358559533       0.20733243330783732       0.54002950686276363       0.38477497301206753       0.32117165545126869       0.24944164412194600       0.18313178685958986     
   1.2811239885244610        1.0572472439542233        1.3547246168116720        1.0167817905584033        1.0731321055435434        1.0770984840738635        1.1801213795777794        1.2061144205961460        1.1261510248288289        1.1255773700132408        1.0248685150330379        1.1813873720291168       0.99086921634677494     
   1.5196664642535721E-002  0.23319396407348736       0.20562684363115069       0.19180155517436390       0.21333115552275339       0.24002618494798095       0.16817219570838343       0.22376747325731711       0.55027153548289509       0.39341280860741928       0.33326798705967675       0.26729288531495343       0.19838644619653797     
   1.1315070228267070        1.1926182481391621        1.0988517978186980        1.1328373752761687       0.97753584564335005        1.0742056525280048        1.0642301499615041        1.0695287643017684        1.1312339788305186        1.1407484635631524        1.2073153337661908        1.0455841989522219        1.1077762228087435     
   1.6928207417529064E-002  0.24900262785251209       0.22218333773580984       0.20748714379845529       0.22498806618161549       0.25563632242605688       0.18165245919976294       0.24045019618347624       0.56032858193509627       0.40222224880731189       0.34563510350649918       0.28372645719770423       0.21434077349168024     
   1.1805430550271023        1.1836231196041576        1.1902836701258883        1.2097117680223277        1.0420696369011107        1.2838874355312286        1.1425644054675157        1.1927258790913720        1.1912207747509935        1.0406611827871581        1.1857200106441512        1.3429894642560880        1.1536701149118160     
   1.8681368598366728E-002  0.26474610210478616       0.23859447973225609       0.22319219623470318       0.23626556724686257       0.27084968703674123       0.19625513815142775       0.25621201637972907       0.57022711809388205       0.41087678290974256       0.35795329669652842       0.29941510996280651       0.23006711458783524     
   1.1564653935609832        1.1128574909262752        1.0661108997111386        1.0963174719461601        1.1130758465199477        1.0539553582710155        1.3792794221629716        1.1783355634993700        1.0502341287021575        1.0211173770212243        1.2104650121763665       0.98367792223487538        1.2795993518181175     
   2.0665863703350287E-002  0.27909329456092430       0.25601093365986238       0.23901132089323668       0.25038391924048592       0.28544365267578781       0.20985957594499566       0.26993459461776803       0.58034624961233983       0.41956676609328480       0.37020895730864839       0.31743628206904306       0.24608635976490090     
   1.1467640726159209        1.2232408191747475        1.1287494516718353        1.1061988139782304        1.0020000592409528        1.0493750636583388        1.0818478866787595        1.0872621290868680        1.0803255015732012        1.1465441159284901        1.0392688345110943        1.3106377011730135        1.1466072827425979     
   2.2711477987328716E-002  0.29283567002308181       0.27318338280033100       0.25535762651138744       0.26382478023990930       0.30000155429678521       0.22318006446344324       0.28340719759384492       0.59154730163193814       0.42841832940553559       0.38230363006282658       0.33552281622251540       0.26160663618892027     
   1.1410409101720369        1.0437808846617209        1.3481998824885788        1.1380882458047543        1.1494265771149093        1.1072259389683756        1.2070984455154741        1.0484057943556317        1.1803968580472866        1.1836220941917874        1.1470871127381930        1.1896449216089184        1.0928924922253458     
   2.5233166146112276E-002  0.30714439159783757       0.28788735450848763       0.27253072236386050       0.27728950836044719       0.31333005435966277       0.23452562148997233       0.29776244485346554       0.60219930425439550       0.43734357657239681       0.39465800906346182       0.35265825533178169       0.27680890334986852     
   1.1575309583690852        1.2101306673084395        1.1681768086816489        1.1379631858682995        1.3473574397511228        1.0467881755495214       0.98676542856840954        1.0278468134979657        1.1181518623177849        1.2407617486755398        1.1296774103136520        1.2132214522207485        1.3108712777094329     
   2.7897048096578152E-002  0.32224108695305453       0.30230660722244768       0.28930956180013512       0.29083398404243749       0.32552129338878261       0.24510216283831135       0.31206555136288738       0.61223060971658394       0.44611439523164043       0.40713148096703922       0.37026599820404887       0.29091619965055304     
   1.1450436302558755        1.2532318621427596        1.1188824354242737        1.3098748856072888        1.3842951326039461        1.0163169770197380        1.0322429297171054        1.1396601136590356        1.0580649267176607        1.2932403344979346        1.2392830432973494        1.1008688794295509        1.0390400204224575     
   3.1014028910063579E-002  0.33786277682631832       0.31631948540580468       0.30438013495995669       0.30517144993299944       0.34105470322900311       0.26024215804217787       0.32834805547218288       0.62287729538999215       0.45504750312219866       0.41951424733343706       0.38652392158192278       0.30411027094928050     
   1.1460040350839671        1.1737752444404581        1.0070287483781157        1.1627522705585911        1.2780364963977480        1.0828351502003535        1.2436180000014845        1.2667259938930606        1.3005500415837188        1.3164826965530336        1.0375302497498908        1.1777488551930808        1.0579493658022745     
   3.4321400292069031E-002  0.35338951237000493       0.33050974862854349       0.31984149652601307       0.31926844345389227       0.35848419976249896       0.27542545876029678       0.34486963512934965       0.63267865616581653       0.46289782737247692       0.43206374814328002       0.40216242495972715       0.32227755814979447     
   1.1262931425130451        1.1933951039210182        1.0384644610615144        1.2451885163728000        1.4354582223993153        1.0819892015386925        1.1086228860272815        1.2315858642591835        1.1807928641764620        1.1075397905468132        1.1596990860588472        1.0666681352063414        1.0925067169724545     
   3.8064618086813030E-002  0.36869517448278660       0.34700965933475114       0.33575823897786133       0.33191452623469708       0.37494137607524253       0.29000940158158461       0.36106612062567961       0.64242249504616200       0.47058310622817379       0.44506076578754294       0.41718816087521743       0.34037281225946275     
   1.1691423640072516        1.1202332879572732        1.2062687483921859        1.2191403450264844        1.1202117096788327        1.0678453079579848        1.3836744683409954        1.0633486693647922        1.1531405350724273        1.3552883878414044        1.0964041033252054        1.0880185050650710        1.3123112900246685     
   4.2090033649692250E-002  0.38394093357573106       0.36340738593257393       0.35103115922553024       0.34451587934977673       0.39100294706024408       0.30424585061283660       0.37756909730834998       0.65222184440840658       0.47754656161346298       0.45811890841952668       0.43214671465114030       0.35856071217729663     
   1.1732330624726113        1.1807228310748870        1.0983355381802244        1.1224686825786641        1.1655925754946346        1.0749642842612752        1.1106744952028023        1.1757848852196033        1.1188806972575889        1.0929538767220799        1.0456342869008692        1.1848254733962857        1.3160020403642487     
   4.6242281428295423E-002  0.39902209391747712       0.38135549627152732       0.36413244438000530       0.35834004083369425       0.40610184205667138       0.32050110533678361       0.39254897101249264       0.66195995658393769       0.48441065522209481       0.47007814722329444       0.44696165426110718       0.37678881361205235     
   1.0888142136597676        1.1422199115340903        1.0815635564110779        1.1323204152267310        1.1884094952349082        1.0138879559555147        1.0997472492458995       0.95995677055649409        1.1910295082920517        1.1828459515964234        1.0643120503819292        1.0277204948677290        1.2871083046756990     
   5.0564359228670079E-002  0.41414861548461135       0.39892711770570388       0.37826886219238376       0.37214836857171985       0.42028691387837980       0.33683883800399317       0.40795745260614308       0.67158822042602717       0.49121855331545788       0.48283143649032645       0.46185130941689406       0.39499458084681643     
   1.1603643562666603        1.1619704249383600        1.1503818924368763        1.0392190554570291        1.1953838840074678        1.1608253015301091        1.0705552593803178       0.96259414585262260        1.3978346059813607        1.0248491814748057        1.2395732111308455        1.0514638283030837        1.2104307599866699     
   5.5095977366238114E-002  0.42919594811481326       0.41519711803190507       0.39340536396556380       0.38592176313363102       0.43482965601854306       0.35350093208247541       0.42087608677669852       0.68140151950422823       0.49807250595417513       0.49568660199391029       0.47607811343244344       0.41284387235142439     
   1.0712678667487676        1.0989302285903386        1.1304849891929512       0.96642986034954359        1.1205773403616721        1.1607994740746861        1.4144407435467825        1.0640156984084359        1.2687685574531655       0.98387260351970984       0.99192908824087467        1.1902861788061496        1.4115823493096902     
   6.0481588764941446E-002  0.44402093568733780       0.43166177921894977       0.41002067809438131       0.39918361683608844       0.44968206503188063       0.36977256203575276       0.43411019749301799       0.69094152747286164       0.50499987206251085       0.50858014461560508       0.49006792336395799       0.42841380565760245     
   1.1105343729456052        1.1911043507415036        1.0718889586071201        1.0980527723652751        1.2781669983911581        1.1571805002437605        1.0928413871459066        1.1592021228663485        1.0625338389294863        1.2288258439683377        1.0679766399612149        1.1315332317633731        1.0492022364780724     
   6.6341828856732718E-002  0.45772016297689350       0.44761631101069904       0.42741221690161724       0.41278783597958679       0.46489397760841911       0.38599563707866025       0.44697437255984340       0.70024532004764728       0.51184826902101621       0.52254307870791272       0.50297447892912117       0.44330027788662180     
  0.95003437116877454        1.1480233473199870        1.1087928545969032        1.2104897622657576        1.1823847932143194        1.0743184058103568       0.96547133543467001        1.1529718372097753        1.1004143184528170       0.91421955587702841        1.0272093699180240        1.0994490507680625        1.1008804514765482     
   7.2823711916027767E-002  0.47096601418622863       0.46356878557336023       0.44498982523868191       0.42640775255140229       0.48068026717650009       0.40200176804598931       0.46141134234627124       0.70876965476601395       0.51855649894196743       0.53665694611332826       0.51567980058565077       0.45941144555771180     
   1.0343002218706954        1.1373951621065770        1.0708218060135910        1.1808756752706966        1.2460470776920036        1.0114305346520556       0.99719044599467388        1.1481485316014763        1.0970185659941194        1.0765864970326522        1.0365976808906572        1.0276144771061058        1.0813232838338831     
   7.9301589853424892E-002  0.48511249916782290       0.47961654488089339       0.46254207382672330       0.43903708834954347       0.49594613946863964       0.41794624626763172       0.47712602199044379       0.71700651770887336       0.52520020631190545       0.55054844102255929       0.52906360407552566       0.47609645736499523     
   1.1464937968460049        1.2525381805038032        1.1093538025656173        1.2145156245688715        1.0740401341446872        1.0536367146300603        1.1770984868399479        1.0813869010583692        1.2085196803835465        1.0461255426625731        1.0654923567998738        1.1760516030001982        1.1832741434734266     
   8.5821638423635105E-002  0.49914272527492481       0.49560431645804703       0.48024629737155916       0.45175509610794656       0.51011661119591922       0.43435949604092727       0.49271226437871335       0.72493619543144172       0.53158776848566081       0.56459874731171622       0.54260652209718818       0.48982617586027277     
  0.99962927749388775        1.1385462729492604        1.1731691773801611        1.1184130881038969        1.2633916978520019        1.4259284836744681        1.1209714207399004        1.0271814665190715        1.0819456641115817        1.1746976829845988        1.0054074560559880        1.1563032644627014        1.1303744567409693     
   9.3064513075464192E-002  0.51516532795975578       0.51023687332626166       0.49799889166119288       0.46511936032148882       0.52455201255728201       0.45081640647211679       0.50788352719847618       0.73292957081809040       0.53725323172121875       0.57922963087805912       0.55598254691017956       0.50238204849170998     
  0.92346795116719160        1.2273253570505158        1.0906503659415279        1.3986480460883028        1.2114719983282503        1.0617394808594107        1.1477469679788244        1.0916033937502836        1.1232757995517584        1.0491217190443629        1.0973418355116642        1.1232202271706067        1.0445472251170911     
  0.10086953931381734       0.53090216981592309       0.52487692316814027       0.51523370362487786       0.47876571557657016       0.53819347511712923       0.46650736297494477       0.52519685162991314       0.74079663903046600       0.54291401135518658       0.59402073508872799       0.56911448784043184       0.51505799921621365     
   1.0312594535170632        1.1577304472562258        1.0655023755374009        1.2381704110112566        1.2231152001184959        1.0126431676688525        1.1244871794687350        1.1722509850093465        1.1118581202619557        1.0754564528468273        1.1524192968222065        1.1632493765721190       0.95651034758111819     
  0.10963000818511223       0.54771455112068090       0.54133827027364856       0.53231403099465002       0.49347696468570912       0.55290368695878922       0.48344277638247213       0.54415460102807145       0.74848943320568695       0.54899496570257000       0.60709326272629005       0.58216588268414626       0.52726036509224428     
   1.0708086560364443        1.1391204473744228        1.3416272922648367        1.2414762120762035        1.2410933389760517        1.1309281378920619        1.0949691816653673        1.2306355562329969        1.1057224457112576       0.95867276687917957        1.1961673564669613        1.1849664234581261        1.0115226304071450     
  0.11853671388805807       0.56488905830428349       0.55818677892954027       0.54831197404001308       0.50907979445476159       0.56850933268324289       0.50028062461120160       0.55982766721573596       0.75617936358523596       0.55514703587769842       0.62019207497217821       0.59488901655267212       0.54344052139565013     
   1.2495681075660381        1.2561418549196508        1.1672365542950960        1.0803139959073917        1.1593462149967264        1.0878379786897630        1.2176507084681767        1.0164506239347502       0.96214327782305575        1.0768197334130785        1.2362710030561410        1.1434247744059238        1.1996054104577922     
  0.12759989167168728       0.58147159087013267       0.57539467994309490       0.56255342987735568       0.52455373123700599       0.58401142527752037       0.51650540786413190       0.57384142118195913       0.76403826994506985       0.56135745825974870       0.63248397279894686       0.60776691177583830       0.55999883876992806     
   1.1990818804570151        1.3198750968163020        1.0828865046504290        1.0825073505984075        1.1853069168342707        1.2301941464860331        1.1054608358498903        1.0707743657569013        1.0390725635304854        1.1224787306181594        1.0609272078189451        1.1989827523672183        1.0391615730953303     
  0.13628063192953516       0.59735551027215061       0.59238050805913944       0.57726036852317553       0.53951869298318322       0.59952978459664130       0.53254644713390520       0.58995521418796970       0.77198263153344449       0.56773113262275343       0.64579730424488513       0.62088005107363986       0.57600536222439758     
   1.0595036806183789        1.2661763155042038        1.1412949923693660        1.0562171625730963        1.3751271838113654        1.1833118471364281        1.0873814758185638        1.4311451985404007        1.1760831501431690        1.0330407907423520        1.0763283107651374       0.96445050793315013        1.1773299743955801     
  0.14868275470237816       0.61200077001199005       0.60868709573226676       0.59204722396077303       0.55425385706723473       0.61472937665961314       0.54907299653959407       0.60645555828243858       0.77944986774032421       0.57440759450625589       0.66041988922233108       0.63235064645491568       0.59122670144410117     
   1.0863677492844508        1.0719531580920145        1.0975214914764106        1.0937709476803392        1.1275877168320179        1.1217715800014225        1.0674479560298602        1.1308086077423543        1.0050952416098766        1.2393911029424995        1.2958345271234681        1.0533682671577562        1.0092933464784344     
  0.16125049657672599       0.62671755265093232       0.62506179472631329       0.60875884278520065       0.56882676787617337       0.62986202127812985       0.56645494244083117       0.62263875162131499       0.78691719080156963       0.58086015828500071       0.67573695119134780       0.64379772245313260       0.60811273791866738     
   1.0584219652085980        1.1140596309572226        1.0929574286746873        1.1229961263835337        1.0705127883243246        1.1414204836233872        1.2743554165452349        1.2396657190833900        1.2402329187952108        1.1818086534012862        1.1197326506174605       0.99205443443100261        1.1374900706036390     
  0.17520696759971965       0.64223450163660134       0.64121516820254032       0.62704825076714454       0.58414396119615175       0.64563241076838607       0.58480680107757499       0.63850180294530146       0.79464612545050972       0.58693287718554321       0.69074028371577656       0.65687263543534058       0.62498092680783657     
   1.0123290057308241        1.1897491545593941        1.0952675405807808        1.2052684933471973        1.1361463393076001        1.0787441919745850        1.1273087047125967        1.2127167208372096        1.0598578685479985        1.0535989831125887        1.2657288943612388        1.0809877039424611        1.2475855406004819     
  0.18958572001551174       0.65792460988183754       0.65748372220282625       0.64460656925892534       0.59999653196607861       0.66212580387193187       0.60330859417073923       0.65385704847226922       0.80244135389396176       0.59319545450333866       0.70443467824463601       0.66996916842676002       0.64253594187916097     
   1.0433525463448194        1.2205111927535395       0.99237731348807445        1.1953780820898208        1.0846765407266323        1.2550694433274727        1.1797466672749144        1.0449804973677408        1.1214741198037086        1.0583186181845121        1.0838374306541316        1.0523050976144184        1.2120145765838828     
  0.20735572907924191       0.67521008129073945       0.67402557753658265       0.66141899247129710       0.61597911321243359       0.67865657987403216       0.62104105352304884       0.66908693222810767       0.80990722882439603       0.60013274350668200       0.71756066942211072       0.68249542748179637       0.66036888062278276     
   1.2629252114487464        1.0890748845582245        1.1386519407274471        1.0042641454529015        1.2688640196781187        1.2754009653550922        1.1690770693452441        1.0615368619608330        1.0457567158838454        1.4246506441671236        1.2033758475093632        1.1033943548454961        1.1838138118594743     
  0.22546986260759011       0.69235067773982950       0.69021554419475473       0.67832809508549874       0.63224474659217389       0.69428795732504167       0.63855623129340910       0.68521770329219056       0.81753201714257584       0.60713635931844889       0.73220879222143198       0.69473234997659050       0.67845313552940500     
   1.0753893715507319        1.0151138804674400        1.0939017654890515        1.1548616007088190        1.1534543661690331        1.3389263211983968        1.3018460538557735        1.1943078857550686        1.1187921731063692        1.1621695373020169        1.0363838937804448        1.0072767432819545        1.2212757568128141     
  0.25122004128227837       0.71048047405737869       0.70585159940237596       0.69554179684531758       0.64847018004775847       0.71008379004104494       0.65657314841352665       0.70096569589392455       0.82520030047696169       0.61415049504894459       0.74834981132494149       0.70952715780574338       0.69580112827141960     
   1.4215457416617916        1.0266966727940727        1.1317199250283403        1.2222179826598891        1.2885917797659199        1.1131450177329196        1.4168578758476582        1.1369955349479079        1.0597385943442452        1.0415770270843814        1.1658796639933011        1.2109579610023045        1.2347413534344658     
  0.28017925956904161       0.72835850646594302       0.72226887855770683       0.71314132461304658       0.66498631480275494       0.72567333448429616       0.67549941791327350       0.71637008740768227       0.83277826498827334       0.62117288716636265       0.76423226074927708       0.72526529765458914       0.71388821302068239     
  0.96953886126565181        1.0539852204726017        1.1330932258629742        1.3162467361404331        1.1834325723851811        1.1834584133793378        1.1654891304970665        1.1397971285614099        1.1717693409348267        1.2068381807179460        1.1018335366537588        1.2060715288836235        1.1843144354289399     
  0.32892452416468787       0.74183709209507120       0.73947450656085378       0.73113813192491495       0.68097715835482275       0.74188757987354970       0.69440880775530478       0.73168597831841908       0.83986200487971407       0.62787849655746542       0.77957862334664085       0.74091482443954393       0.73321749563720096     
  0.95125662600055705       0.96055943470243255        1.1040651966011821        1.1941066750300806        1.2061249335867310        1.2944579152268110        1.0039724377045978        1.1568014353919429        1.1489954059046701        1.0834825551914513        1.1925335297061339       0.96690653089290435        1.3374374852200572     
  0.37693442279021122       0.75506574855552389       0.75660624410643706       0.74873099053745773       0.69496498210720514       0.75862289317684872       0.71265249878562520       0.74718111290496492       0.84672598664885679       0.63469866642123629       0.79495559767040513       0.75644375889729210       0.75243871173301846     
   1.0341107641330067        1.0475758337575574       0.98900262859120125        1.2227520481982463        1.0121400258871698        1.2470351832708246        1.2055764281143726        1.1059963936620056        1.0398631228469086        1.1427183812895538        1.0348110521112892        1.0165884098604934        1.1495390796508234     
  0.42157933605328402       0.76874601455939784       0.77375448780164024       0.76612771249274536       0.70875315637659908       0.77496791688257072       0.73140654608696798       0.76235248262970112       0.85433715288854395       0.64193552598722947       0.81043343119316247       0.77405838844527741       0.77039194634529395     
  0.94220398703767250        1.0241895253009676        1.2145204669613572        1.3471566538456234        1.1348934764384260        1.1068305383703223        1.0275473349130806       0.99699237528749096        1.2780196822917587        1.2132957238759936        1.0333462588867564        1.1082374646690629        1.1082484665332806     
  0.46278944835476948       0.78273007637747727       0.79063227422629956       0.78336250692559140       0.72250355331338845       0.79094432822079852       0.75052386924575520       0.77935876056440023       0.86172225003783653       0.64912209412155419       0.82563366735752186       0.79165292537198184       0.78822803020418719     
   1.1104459140547183        1.1494641341823837        1.3736904328773103        1.3340827802562338       0.94399714371143795        1.1599442936153657        1.0561797592630571        1.1890701639132510        1.1497134050928761        1.4579724662580367        1.1014199907060269        1.2524436464633300        1.1768527826993409     
  0.50138072169207770       0.79824480484864369       0.80734136389745359       0.80023154519923312       0.73772218052721639       0.80720735545428479       0.76915123073559344       0.79694242228953327       0.86873844461324634       0.65655457354626789       0.84044260061336529       0.80726346991034292       0.80621384800570239     
  0.98195658000556341        1.0455744942061194        1.1801016063735856        1.0466383148799903        1.0115490266805538        1.0644968547805320        1.0825299960738102        1.0958701284005694        1.0645293877677358        1.2096214943325285        1.3528995485731161        1.1761574209269430       0.97961789412706879     
  0.53603631110860350       0.81377095790183562       0.82395835558654806       0.81659206076834912       0.75314954401287093       0.82379914502755880       0.78717841615010475       0.81406133746454856       0.87564884542902699       0.66375881155234062       0.85402468959799993       0.82250037475044635       0.82408555886179857     
  0.98704548217494636        1.0402271445026627        1.1942149832662230        1.2925733692132872        1.0604444500226455        1.0784849165411567        1.1314425674706632        1.1598889782363904        1.0889697096573661        1.1961551620023165        1.1870086809136271        1.0098470516385136        1.2894069176262328     
  0.56912835359499869       0.82969925099875763       0.83968565378494453       0.83147716544296091       0.76897182649300655       0.84006909360575810       0.80505638350587960       0.83128636124973365       0.88226650711528143       0.67084580770664559       0.86679805558444012       0.83795940679626879       0.83892705052442684     
  0.99569934108075908        1.1344764161751311        1.0833874597591358        1.1986969647997705       0.97293222364160281        1.0417500621734490        1.1339993624065439        1.1972821024892177        1.0543218841120816       0.95785089555102287        1.0887064598351099        1.0865897047759021        1.2084358678165761     
  0.60141300725199554       0.84566794799935396       0.85505559674457010       0.84609834391367789       0.78546361734387260       0.85539277088238730       0.82310225254672542       0.84776227958280992       0.88875155366474035       0.67786970583130191       0.87922079197118608       0.85366922313182825       0.85357049108928107     
   1.0764797424354051        1.2279786250642479        1.0160274203553215        1.0790900967218746        1.1594380253001006        1.1413356188146293        1.0143541686318127        1.0902874007207723        1.2319940204385040       0.95902822014940670        1.3922156907471346       0.99218014247617448        1.1362769416275893     
  0.63479746719255048       0.86196115514999627       0.86997093379183588       0.86014782616462027       0.80232037254368205       0.87036567276992949       0.84143046480372119       0.86300788975379084       0.89627099991074854       0.68610560835952905       0.89128128704877818       0.86846986290309114       0.86648708948564168     
   1.0651717857921637        1.0711846135122181        1.1518944700527027        1.0675462832316085        1.0872247606176075        1.0587487760018921        1.0711084697082001        1.1226306780190787        1.1418535387135373        1.2731566484352599        1.2032473349558652        1.0343896733081501        1.0807698324300383     
  0.66707170203585442       0.87835409590625435       0.88449233876369204       0.87491706660842583       0.81889662848135103       0.88504864076634193       0.86012628696196558       0.87761927191788325       0.90351239782639281       0.69496249923686626       0.90383633666407170       0.88350582402479227       0.87993198350059965     
   1.0657122921501627        1.0353538925786303        1.1031786819588589        1.0357344891678042        1.0179441913567504        1.2707852140961704       0.99009762212596153        1.0432786554638080        1.2512058262311574        1.1495872305939512        1.0765432770903260        1.0561667091475213        1.0500927308158086     
  0.69976953421584365       0.89457953927448031       0.89822139488917796       0.89037890774749939       0.83778538324718388       0.89909481633051724       0.87844881753429493       0.89184388178647978       0.91260626235494624       0.70556267671433082       0.91676558834039301       0.89780726781908604       0.89462171589011064     
  0.99353347370385392        1.0696250859525844        1.0477216238262539        1.2126209115910689       0.91791200854523536        1.1423376650255355        1.1362322535979623        1.2083946080551806        1.0990684395648549        1.4193249751258361        1.3504057614413008        1.0211144181930700        1.1260197488257877     
  0.72931945321431702       0.91071198162631317       0.91232240836041112       0.90560910931097649       0.85750925360864483       0.91251170344358024       0.89631734980358602       0.90702964184236345       0.92182800168489265       0.71573081480562573       0.92924006355310629       0.91276737549192122       0.90922237045278720     
   1.0520573933423489        1.2033530531323087        1.1369536500222881       0.99615682334860645        1.0007499827236921        1.1076784826314818        1.0836249501258335        1.1601957793758064        1.0718478023611089        1.1906403931848266        1.1391649216393178        1.1165074792954714        1.1434896721018593     
  0.76017703936407555       0.92507574268289194       0.92732432515618968       0.92132554234189767       0.87966967572267907       0.92578254867849796       0.91415387697482042       0.92334010419615786       0.93119454292467307       0.72946670271141378       0.94129873805129372       0.92840781983612486       0.92409351387091843     
   1.0828855637056052        1.0830804507292457        1.1971588595264469        1.1675241944826229        1.1070445288532704       0.98318823378376374        1.1692328393357925        1.1811042987297093        1.1446396436557891        1.1521704573361555        1.3220022547533410        1.2112402658711514        1.0955331941588966     
  0.79078611703427903       0.93953647030958087       0.94210144272992680       0.93691663419185656       0.90267712105076980       0.93915804963621985       0.93212462630703097       0.93883103754704900       0.94055181507473473       0.74252134616335075       0.95325841928500210       0.94383648016116484       0.93893244691957733     
   1.1760501185384362        1.0807366876586142        1.1389367500356009        1.2052785007233870        1.0262435547343118        1.0468112326806456        1.0894797517328059        1.0486938415172657        1.0535386526014991        1.2197430559907498        1.1588665621109862        1.1367505838454433        1.1409462876233121     
  0.82415487466427495       0.95532441002914148       0.95620108928395520       0.95229477065630497       0.92650721096962729       0.95408509662361718       0.94914927041178776       0.95390853680570309       0.95173479496008928       0.76343154594587448       0.96438911116005521       0.95862164259190674       0.95411986366312529     
  0.92311868941856712        1.1327401476679291        1.1590861242719412        1.2163040555005493       0.98554491412389522        1.0415611102205673       0.95118229934084086        1.2525258548689959        1.2727574690449852        1.4882320499361006        1.2979684387577357        1.1173713249544810        1.1398613584362203     
  0.85887183804220879       0.97051377445855380       0.97054754875577198       0.96842823649562770       0.95070602349927669       0.97012082328499871       0.96467379495855921       0.96878251026504258       0.96356412068366470       0.78481344658314089       0.97571775583080356       0.97309677486468671       0.96903543936340486     
   1.0173867061761890       0.96155803906531079        1.2611689647243329        1.3026147593794732        1.1034063694224354        1.1304724089993510        1.0431230202769486        1.0707917063822798        1.1500858741429525        1.0300549849848868        1.1247124779778555       0.97682815200859596        1.1256773130202029     
  0.92210264607014891       0.98542723589625358       0.98520852176137208       0.98429167392695460       0.97513932568789496       0.98511439521870781       0.98257795569265316       0.98464378345484360       0.98085201618511275       0.87475464824571636       0.98772354233959114       0.98647883504576583       0.98464141131106242     
   1.1998108827812650       0.90555652943187215        1.2873223439523598        1.1916022348925825       0.99046131201214660       0.98180731499440688        1.0228581779478783        1.0939142646607518        1.2827941471032716        1.5109114981610068        1.4385949760162589        1.1551317267972843        1.2954306884901572     
   1.0000000000000000        1.0000000000000000        1.0000000000000000        1.0000000000000000        1.0000000000000000        1.0000000000000000        1.0000000000000000        1.0000000000000000        1.0000000000000000        1.0000000000000000        1.0000000000000000        1.0000000000000000        1.0000000000000000     
  0.88263262757376659        1.2520147306811173        1.0476746873705725        1.0552480079767024       0.98408010366991516        1.1759728274102228        1.2002383949283648       0.97026243941820678        1.0326707096741421       0.88263262757376659        1.0357153684247777        1.0663812821127741        1.1738873649110519     
   5.9486334160058796        5.0210600067547162        7.4911685141678435        5.4607023483955208        4.2508067399489340        4.8042503975071655        9.7708779686471239        5.8157584698849414        3.9323870201530218        5.3443547898514741        4.5592931714247884        3.0011062505663593        6.4525333266311566     
   6.5089420629973853        7.3845889970499021        1.3999173120445991        7.0785157848394684        7.6892448800253037        6.0622661353487564        6.7520842965729351        6.3713641298052712        9.7783717671152957        4.0772246578211337        3.3508236237690321        4.4400367308626016        7.5785771043079926     
   5.4060607776583440        4.2892808971038923        5.2050299874961263        6.2455895075479253        7.6866215233271813        6.6098403497057525        8.2005429718586349        3.6050821028640452        4.7375061809838268        5.0683292831433571        5.4099969248109998        1.2671423203174765        4.3120571527014695     
   1.6653009149571620        6.1099554097089399        3.1977531289753434        4.6531148163846012        6.8759038162447963        8.1382563912828161        6.6683740925104704        6.9373383288459172        7.8715763546555788        5.4320932807705073        3.7608709162808744        4.2022439410263566        4.6872470047899988     
   4.1494655429248271        6.1588252272889381        7.7661341412077087        7.6438639313801255        6.0765075440967475        5.2945599398168373        6.9950656249150915        4.1810909111170629        6.7319887185267264        6.4611100610108902        4.2781991825291836        6.0692037648422996        2.6806495522774783     
   5.7744422313837287        5.2649562213519445        6.7783505053569204        4.3025302780664880       0.59692953636295620        3.7643490875955976        5.0508981876586070        7.8723591916134428        5.5616139282355732        6.6995078086181854        8.1664350126899787        5.8481431509737263        5.2309322553977369     
   5.5453712636514148        3.7652731695871444        5.3311304689961334        4.5952821215988600        5.6098518418806034        4.8073084233558205        2.5177194437713482        5.8086034382725984        6.4501578429504125        6.3872725526195016        5.8430427860636032        6.1881668545757780        7.5845444722353301     
   5.9941215448437779        4.1350481988999155        6.1064869415419327        6.3454113236381824        4.2012945057013340        5.7039665425652499       -3.9967589372639742        3.5382195550991238        3.1031951074478270       -1.3670291670499444        5.7937976892372074        7.4809303728532814        6.4860009469050706     
  0.16240068757776638     
           1           1           1           1           1           1           1           1           1           1           1           1           1
  0.19889231358031173        9.3415235110989939E-002  -2.0942603668465177E-003   4.6894979674324260        4.0557495503017018E-003   6.3182150002918648E-006
   2.3803920745518784E-003   1.7048162553906570E-003   5.0680966441368064E-004  0.33958759771339309        5.0666563652443581E-004   6.5356314994520123E-007
   5.5561073866306418E-003   5.2393161189802706     
