   0.0000000000000000        0.0000000000000000        0.0000000000000000        0.0000000000000000        0.0000000000000000        0.0000000000000000        0.0000000000000000        0.0000000000000000        0.0000000000000000        0.0000000000000000        0.0000000000000000        0.0000000000000000        0.0000000000000000     
   3.4030364020950365E-004  0.25262438910301577        4.3166375627615421E-003   1.7688088066118338E-002   1.4624141698474001E-002   1.4824912140361962E-002   1.3460591720515096E-002   1.6089394893765034E-002  0.38921331820844163       0.14983687471710427        7.3365649970243182E-002   1.5642947580870484E-002   1.7601226013418642E-002
   1.3545488634893690       0.81812752283596379        1.2649735056089477       0.99461045666607806        1.0410610990549245        1.2845693913446945        1.1323632631753424        1.1186683919286748       0.81912479211931455       0.91229788443711279       0.97252683299715736       0.92150844297536305        1.0457693325201352     
   6.8427835403054161E-004  0.27879418561693192        9.1204383944545938E-003   3.5653967753978048E-002   2.8997564413302864E-002   2.9393247633539933E-002   2.4833010301690470E-002   3.0449690504083422E-002  0.52551651671230448       0.19968252401970288       0.11586708825822656        2.8520355560283185E-002   3.5171289437423453E-002
   1.7091815510741950        1.1156455828698220        1.4550967505824906       0.94160888278055488        1.0011371651703882        1.1601478001847210       0.98073111686616976        1.0543386588621944        1.0878801546538706        1.1203707574641943        1.0770479111733882        1.2097431807151278        1.1084220010318009     
   1.0323743441756972E-003  0.29803485106158523        1.4446130575055225E-002   5.3859324723172966E-002   4.3659198700532913E-002   4.3373930594696720E-002   3.5815614421647123E-002   4.3571010277226284E-002  0.58070540046566965       0.22211404609512331       0.14526672014286859        4.0270053945512023E-002   5.1483157591045103E-002
   1.9900687623647622        1.1835464511454035        1.0053280940070299       0.91388156291339628        1.1868524607365973        1.0178673179649420       0.97739295780724877       0.95908162894692328        1.1411584883579897       0.88544599750193964        1.0052787239439118        1.0718126211350563        1.0879176768895360     
   1.4285167568499455E-003  0.31713250033178814        2.0231501175506095E-002   7.4421228246875956E-002   5.9034926068628729E-002   5.7794972533006528E-002   4.8029488274800643E-002   5.6622362925438277E-002  0.62096408100616951       0.23780182147443649       0.17019601145683583        5.1373144604666104E-002   6.7891122051306874E-002
   1.4922130858563309        1.3227372652013245        1.1704749165274462       0.97493122416713740       0.99872354343265457        1.2149903310493588       0.99977461168208803        1.0619200662091395        1.1046881095197121        1.0591223970606940       0.99294998231933651        1.0964976469303938       0.97877827879007218     
   1.8617425493056732E-003  0.33672151309838111        2.6050639912788005E-002   9.6591674708645256E-002   7.4539260293605206E-002   7.1104416769184817E-002   6.2583013725552333E-002   6.8574795574654776E-002  0.64826000052585908       0.25089249921098555       0.19204204424620994        6.2928574575373847E-002   8.6530110918455680E-002
   1.4430332698560391        1.0787136487044597        1.1883795682165732       0.97884190485196476        1.2023034727890856        1.0543569870635554        1.1326484868133524       0.99055382264321512        1.2943844544224197        1.1579471551931255       0.86657518034464820        1.3580955010730642       0.95018974858934535     
   2.3517524326184323E-003  0.35544306622877114        3.2185672163747084E-002  0.11630018150443852        9.0483312755901296E-002   8.4520568016150835E-002   7.8149444768059781E-002   8.3017657710202419E-002  0.67025308176136733       0.26144085722424742       0.21615397453607541        7.4289153071418979E-002  0.10392377153093466     
   1.4182116190800080        1.1061880059077278        1.0113425510980625        1.0782584771634751       0.92566705867117638       0.92176176340195171        1.1806362630972775        1.0979671888990299        1.1258747941581688        1.1563103747114838        1.0470919378111245        1.3003691866297935        1.1455098519814058     
   2.9431719243246772E-003  0.37415761742486159        3.8530046368433428E-002  0.13358425258508339       0.10620970909946353        9.7982916994219862E-002   9.3613963561260755E-002   9.7662788134937381E-002  0.68788631383309162       0.27034639527593646       0.23374002317833184        8.6158700537095248E-002  0.12124257746628231     
   1.3042963679887993        1.0067936470877612        1.0498023385408157       0.92542964237423797        1.1580042307280043        1.0126224475642516       0.95432280013240167        1.0433789745097661        1.1635133836867988       0.84072048849153458        1.0980613877100085        1.1907961064449342       0.93702947256987512     
   3.6362598388483629E-003  0.39371207809978209        4.4851659580454124E-002  0.15032468894594925       0.12168286989644725       0.11217535055863662       0.10999771590087833       0.11308373128216698       0.70404676122905163       0.27907543680174768       0.24954900235278743        9.8624339803524710E-002  0.13787793565966008     
   1.2317821824693256        1.1852492930021359        1.1455582881339088        1.2647003129456653        1.0274400922343538        1.0191958341205236       0.97576525681676729        1.0602193076456521        1.4345305410275491       0.98472813835937545       0.88032696634781915        1.3081312035939952        1.0711129146047400     
   4.3114507228483806E-003  0.40783803435966948        5.0843677042499549E-002  0.16896992753838772       0.13711557986818901       0.12749678511020396       0.12649743382156198       0.12757928466985258       0.71735956226279718       0.28893580626289556       0.26446535622661521       0.11132443807473444       0.15227571866780168     
   1.0654942774883249        1.0934711809805040        1.0900333124323320       0.88683072903158300        1.2327569848212070        1.1538335321577469        1.3053784924961787        1.1513347059683170        1.0052972613211981        1.0633728924980848        1.2397817735722176        1.2479326020709616        1.0735687403689549     
   5.0130141031002086E-003  0.42113214598365251        5.7098751659664812E-002  0.18896866196360829       0.15244275640958532       0.14249114290869094       0.14260748514402061       0.14203055197677625       0.72973513835957005       0.29901760206965688       0.27946887512241259       0.12414076219618560       0.16675544380591531     
   1.1930889248000558        1.0440144046306103        1.0450284171883446        1.0381118007005401        1.1362438491867761        1.3674519643090743        1.2650946457055796        1.0037001569156718        1.1651875430140344        1.0800609961033849        1.0079591466461377        1.1605948363438441        1.1404571557067835     
   5.7750445789735757E-003  0.43382383212518555        6.3641866035543476E-002  0.20785191015426205       0.16550502266536177       0.15859511833453610       0.15813172117158428       0.15785410814549719       0.74103701277042855       0.30827490033250787       0.29243001239280353       0.13608407172564599       0.18053561867396029     
   1.1168689685558055       0.98066707142448628        1.1239258272247603        1.2009094532801576       0.98729889139531946        1.0868143827546588        1.2376015161423997       0.92568466330082100        1.0936176752972613        1.2523379105238344        1.2651348080597116        1.0109102260430767       0.98752563882699085     
   6.7073782503132432E-003  0.44641419212040795        7.0594449984866553E-002  0.22640034812500567       0.17899589826849871       0.17451921808571558       0.17282515434568058       0.17382984955716513       0.75063669735999961       0.31686305002152776       0.30488701874315743       0.14698617921756055       0.19550310052667044     
  0.94245691226377404        1.1197322766620066        1.0500211268757815        1.0447316680239500        1.1262109392469641        1.0813340846089334       0.90884946987854820        1.0602951819697675        1.1961424056629006       0.99213271445938012       0.92308276573835579        1.2423271512197498        1.1247662131352416     
   7.7945516676207003E-003  0.45886682256555961        7.8542083706080346E-002  0.24468356200312949       0.19231954369815349       0.19200399330268220       0.18658806682525200       0.18899282291844602       0.75928461433704619       0.32519436959455228       0.31870193237658234       0.15786806505478529       0.21183615570711845     
   1.4768136554472078        1.2897876936342099        1.0996546046926567        1.2860065467333235       0.98719700378540154        1.1808556686870153       0.99294998231933651        1.0562720453650789       0.99231805614235313       0.98151271117547390        1.1638381669694069        1.0575396993066157        1.2165438329504477     
   9.0236229756097009E-003  0.47136678770264645        8.7102056148015389E-002  0.26373898263976053       0.20571717158623801       0.20897468477717926       0.20048516112000642       0.20631414406437817       0.76691824450997637       0.33343986456303132       0.33248452435196968       0.16933954741940105       0.22835793141206251     
   1.1382064368450566        1.1056575383947753        1.1085132459447842        1.1567105217409406       0.92502007140476261        1.1235392808772977        1.1183808000755073        1.3346086690225640        1.1220553196345981        1.1266335588648804        1.0862475403039993        1.1160067104845186        1.2064181597003478     
   1.0401426145510317E-002  0.48417057682481940        9.5762112424055801E-002  0.28242432020087510       0.21822000821678877       0.22534004848294065       0.21581299581029115       0.22312836197236971       0.77543686697248582       0.34115932795783999       0.34469014776392337       0.18310352656928916       0.24497804793988948     
   1.1302266994680370        1.1452026950386662        1.2210049633940403        1.0308427921171939        1.0473299569934871        1.0234358104627463       0.96225417439894267        1.1022226930958188       0.93608474420108922        1.1343643408189039        1.0972194914837030        1.0546588652546889        1.0087607418632840     
   1.1975451907943779E-002  0.49701381348576790       0.10434576594405691       0.30166537448443753       0.22942284963359325       0.24192720097076784       0.23277251771088620       0.23857345226920945       0.78430792439238761       0.34839443700820077       0.35614903252183255       0.19633157930895012       0.26124622406668857     
   1.0070029721794012       0.99476988405523659        1.3288167628815306        1.0432942634590991       0.94994128822768320        1.1194599355172767        1.1412657767750076       0.99294998231933651        1.1342357804926615       0.96250842460656882        1.0821706824677357        1.0000755512892301        1.0964535141107836     
   1.3548046886126739E-002  0.51061014567739860       0.11267275980149553       0.32016234372319324       0.24017979427996455       0.25895371465321371       0.25051081172799788       0.25455385308629935       0.79289393625446902       0.35573491069620561       0.36807433207624257       0.21057590761442421       0.27670541203880217     
   1.0901152430629564       0.99786661295150103        1.0534294586583097       0.88658792008251974       0.96473516857926123       0.92807575732963454        1.1384667661307355        1.1199240829301489        1.0583003944920162        1.1365551744175073        1.2712428533885487        1.1358227474736999       0.85524619512494615     
   1.5512427927359046E-002  0.52424539170925022       0.12098865571990876       0.33798405452806435       0.25196940590345707       0.27697512805733632       0.26740042727711583       0.27190777693997964       0.80079435382146991       0.36316790449720554       0.38120526357462797       0.22491517959871768       0.29205705562166839     
   1.0636375775825142       0.95428338829468928        1.1671460897012131       0.94760123823029307        1.0823966716537494        1.1610945419903389        1.0849067671531762        1.0858572634077366        1.2110467569284340        1.0976243933790077        1.0489922604861470        1.1524996573841242        1.2175156149730055     
   1.8000844440274260E-002  0.53713877121017306       0.12913432799049773       0.35520569794587192       0.26808309238116240       0.29587942009104795       0.28330446511849072       0.28987183758067409       0.80815756316312859       0.36973063579211612       0.39473477028948534       0.23759680672220165       0.30786748593002317     
   1.1249610085211370       0.83908775997842089       0.99291387028148814        1.0773940415890324       0.99428785223693728        1.1830124267817648        1.1640475579575906        1.2382739077911737        1.0021342519113248        1.0592187291065536        1.0073708513240529       0.97717029165909619        1.1699791107846762     
   2.0742329332605083E-002  0.54970612814045527       0.13720915840515899       0.37223856430655078       0.28504370845643134       0.31490399115290701       0.29790032367921288       0.30630033196188444       0.81498183815618153       0.37512347756866143       0.40809709637375746       0.25139579488727620       0.32394185353864186     
   1.3107063083991395        1.0230734934694194        1.0477230005828864       0.93961594291605077        1.1664205974722701        1.1344956885785493        1.0156558994524318        1.2003704948421625        1.0826548395422955        1.0326860417118107        1.1952201654467129       0.97949252096755335        1.1134839789935931     
   2.3824486109271958E-002  0.56236349205742409       0.14617397238926291       0.38903336786138004       0.30249937468542509       0.33378077124071137       0.31218912046873831       0.32268709453677480       0.82138562855688335       0.37997771052398266       0.42137992044233696       0.26556019212271564       0.33964126123219363     
   1.0185999837832607        1.0258275225451672       0.97223315880462213       0.96867477284855408        1.1170867735745320       0.99833735054592643        1.1236357979706697        1.1305861951196539        1.0162987098278462       0.87880749449179152        1.0732824433386972        1.1236304999080302        1.1437156768575520     
   2.7503579321723082E-002  0.57492703665552436       0.15555877980590183       0.40648886261514661       0.31820821386862530       0.35247411327826861       0.32676527252846937       0.33884369768108419       0.82760304446647093       0.38487984003865577       0.43464750001512131       0.27979605864968976       0.35552735823881110     
   1.0289862346209402       0.98840028062558138        1.0648733560300265       0.90431501567441652        1.0839148997862198        1.0945556750077425        1.0186440245724608        1.1423191388445244        1.2048022838206087        1.0995980909318741        1.1887791867725033        1.0691731901025756       0.88029495986042794     
   3.1847372535550575E-002  0.58720199580842958       0.16527151620072400       0.42454954882332074       0.33471493652517642       0.36959261589888875       0.34168352187537515       0.35516681627659291       0.83405694187542900       0.39049884951557212       0.44835133588473697       0.29429957887299946       0.36958246708189091     
   1.0407468134649360        1.1547271680005793       0.92909533130723876        1.0555024787694556        1.3678217558800780       0.94897397563213515        1.1115709099146434        1.0739371965405258        1.1143033711398360        1.1689024157083872        1.2296814515390531       0.91617668406438313       0.94464282026329816     
   3.6971385577843706E-002  0.59900211303834949       0.17515638692628255       0.44210247863888896       0.35119820766855864       0.38649151207990501       0.35712812083277012       0.36894528056815690       0.84037819191873642       0.39697671664463074       0.46275114448764954       0.30949184361645682       0.38390049250458935     
   1.2410669511311969        1.1304425942393912       0.97858893079310083        1.2427948130224344        1.1909137176031293       0.99841058476951416        1.3033261018240763        1.0639032078941129        1.1880649415052695        1.1578803475774369        1.2730518264241508        1.0841701646747903        1.0186266481740003     
   4.2758033678192420E-002  0.61022235534232494       0.18545633433064612       0.45912058690582802       0.36866040500858804       0.40433812606614106       0.37225503155812167       0.38190267719473187       0.84584096334053549       0.40362427404392170       0.47654731994599631       0.32269413753755377       0.40023848625897601     
  0.92012568079519796        1.1152336079329717        1.2651064856849337       0.94992512178977484        1.0435121655542368        1.0723139490418614        1.2460651398751337        1.1324490638395799        1.0211525698637436        1.1174725538014367       0.94046675816447245        1.0228744671904413       0.98437375919662884     
   4.9233627970301320E-002  0.62106588350261160       0.19638828168024544       0.47598665704770293       0.38648148954286282       0.42153165322449931       0.38839911950355227       0.39495041308342271       0.85042547471375907       0.41021883872226500       0.49040477094087359       0.33553414284127181       0.41652717404209572     
   1.1127986843882629       0.86285056415696115       0.98201441900275566        1.0759195585626891        1.0564711796139603        1.1250021336300515        1.0843031827330967       0.97566447414852542       0.93157069746294141        1.1639564569238079        1.0653066511503342       0.89015164308035977       0.91822499175209737     
   5.6725959897767200E-002  0.63260551045766567       0.20776118172900207       0.49198269936319611       0.40405891048989490       0.44133660831420796       0.40589614461069012       0.40975841233755389       0.85541611697540665       0.41676855549760511       0.50662093508558415       0.35108665423213059       0.43287625352239995     
   1.1097581617989130       0.87804749587252873        1.1319187800888706        1.0317543972118772        1.1225758498117213        1.0728268097017990        1.0442362110958008       0.95296457765572951       0.98191867884004380        1.0703476688453488        1.0147743668179867        1.0279669955467716        1.1754697454267715     
   6.4896044495032348E-002  0.64473312816843620       0.22152537912867382       0.50714065793060048       0.41984352144985548       0.45976441817757230       0.42276321029301633       0.42577581583813606       0.86031170836995186       0.42361006336870038       0.52287317820630663       0.36693084822659622       0.44806237810600508     
   1.0948632582473599        1.1389666360777508        1.1073654475158006       0.99294998231933651        1.0054250856556513        1.2016143140692559        1.0024263191956355        1.2734936414514451        1.0364684244792757        1.0536933732519114        1.0471268383101042       0.98818666535760369        1.1767858636813378     
   7.3749512488736679E-002  0.65599844755879499       0.23525212484535291       0.52433122110392616       0.43399737075982830       0.47838996943383649       0.43841461751343447       0.44253710146804964       0.86523253691222801       0.42973165214234710       0.53695083644060959       0.38406627192987119       0.46361652820814414     
   1.0678861442494612        1.2324533119472436        1.2681238859573272        1.2288113405497345       0.86000360901395134        1.0701810516824848       0.94570597949486701        1.4008217736051569        1.1519859124288891        1.0235411674384529        1.0562582703339265       0.99643212213717458        1.0517649292845761     
   8.3492895762645125E-002  0.66724728170419634       0.24802524702936019       0.54097817525314107       0.44718460401112980       0.49732373924721768       0.45397830815719481       0.45970472686618319       0.87061811531469802       0.43524637743406447       0.54890917505771386       0.40080969547010076       0.47877692794140064     
   1.0210302121233636        1.0957839959768527        1.2035405491703550        1.1659122303071852        1.0273263864337334        1.1315345447755663        1.2284630857723229        1.0823056916160478        1.2486428263555318        1.1028416790430098        1.1112362977813537       0.98695999207973639        1.0922611418453438     
   9.4575738557292913E-002  0.67866026734284635       0.25998489852068551       0.55750735814483920       0.46089376170373719       0.51568450241802710       0.46992297536356353       0.47707542411663861       0.87572124116981631       0.44107999456647667       0.56045545591865831       0.41680418587435142       0.49071672546400313     
   1.0769511323940066        1.0604336197086603        1.1603448532664813        1.0369744287278009        1.1493001282167996        1.0577428454620075        1.1288778948892930        1.0041756372470294        1.2237507081470196        1.0855032250906980        1.1063233059602620        1.1709464486162422        1.0716828131700946     
  0.10618071200372566       0.69123728700292075       0.27160311883861910       0.57512771021158393       0.47599843412355203       0.53332308668174699       0.48630073852558192       0.49340617279529464       0.88046430590602698       0.44717666298974279       0.57353422751626826       0.43271410611124694       0.50443639080214742     
   1.2220049480129780        1.1022534472085912       0.98336054475480184        1.2060885779136927       0.96378528785165340        1.0438178485503828        1.1428792047681144        1.0751577009822164       0.96936589486927327        1.2083923123238853       0.96366852714243667        1.0939593949714230        1.1201471848435409     
  0.11965464274333040       0.70420931710019607       0.28356349945894099       0.59085514255170923       0.48999212854110230       0.55184768765493475       0.50266623773154984       0.50841049514858461       0.88510556073467006       0.45330777605419770       0.58872627764032504       0.44853232499792117       0.51823829445255010     
   1.1331949997575212        1.1837870935981294       0.90767560856849872        1.1178330192208794        1.0186333367666911        1.0453656844954073        1.0749858053290222        1.1008975969310517       0.98248634261496415        1.1445437731835419       0.96236522356958265        1.1423519930090786        1.0666196164736896     
  0.13424883744359600       0.71775929091512403       0.29648599497576117       0.60588200523555114       0.50547995155701020       0.57128669179663971       0.51886895152620849       0.52333609380838975       0.88953784531000835       0.45937538190746613       0.60493112925823156       0.46381558791196198       0.53266343776678948     
  0.85342169224106990        1.1522980911930272        1.0667039874084536        1.0009278059502316       0.99319501371795460       0.97440305493249324        1.1060647537136994        1.0988754446139122       0.93626330375430167        1.0752125573010394        1.0742335996303869        1.2935319383186685        1.2761263624560266     
  0.14868745329070476       0.72966977554535295       0.31053028608602795       0.62244079120558615       0.52160271180196471       0.59123255660105600       0.53557784217061022       0.53778649452623095       0.89388659132019110       0.46553643144186718       0.62188402504739870       0.48033418142661044       0.54873245579127750     
   1.1228545399121512        1.0209151663830385       0.98521710378401772        1.0782150713382370        1.0213124343188800        1.3365830758943258       0.92783927865643223       0.97134528507501039        1.1877935769987025        1.0536406236550091        1.0832977011808764        1.1209994960807039        1.1137558998949029     
  0.16376318420090333       0.74119830505598772       0.32305154586288559       0.63897009096460244       0.53824791486623735       0.60950904582832077       0.55246817400945913       0.55416602568627138       0.89831164247127782       0.47183596982433729       0.63781528798991893       0.49501652620227815       0.56391476095951110     
  0.89777110674002147        1.0305964335006881        1.0064290339247726        1.1470752222920109        1.0784117649741378        1.1254592949855868        1.1317426812676168        1.2011101555082606        1.0017781023517549       0.87766117887919204       0.99418825585452497       0.92417890194767571        1.1467857779802140     
  0.18058405883343734       0.75216768300552350       0.33340537323294894       0.65350444045331935       0.55557154502285622       0.62665469598886703       0.56921928849145820       0.57104274603296024       0.90252087364875733       0.47884390453125819       0.65400001324997492       0.51212472167119083       0.57885004293634612     
  0.95925942962464983       0.90648317918260912       0.94424861505751867        1.0307393029324603        1.1432050241448863        1.0370004480857411        1.0730925023390143       0.91382463376794021        1.0624311240992916        1.0785503516042734        1.0780430495056821       0.99630198229887112        1.1462424089687551     
  0.19898741566248657       0.76300733174533664       0.34489332217823016       0.66719369004471707       0.57270543886529568       0.64389964386720144       0.58550844949951031       0.58683494619575227       0.90621864675822916       0.48643195654635241       0.66941278324212183       0.52731949688261870       0.59295196820901197     
   1.1035631057628537       0.98344396144267465       0.92291551859635423        1.1060640113616007        1.1227065913398062        1.2390090949961923        1.1004439091325371        1.1944805043368891        1.2739022724199967        1.1717888413220205        1.1192050363716766        1.0018147770357608        1.3784055541077831     
  0.22114593906011348       0.77323126678958798       0.35722232634861145       0.68060680676858420       0.59037444948578521       0.66155122110386411       0.60131270023284145       0.60211805882457592       0.91001843149586470       0.49368857035132735       0.68485503831792494       0.54377759314480756       0.60486512429843353     
  0.88202019340807924        1.1653930038972304        1.0702995105488358        1.0007721262592788        1.1750612004180927        1.0938197453064424        1.0094043243226141       0.97740414032924883       0.96126836892515988        1.1421231227753552        1.0736662884338772        1.1823062750329061        1.0563508535365123     
  0.25120379650484537       0.78389864490642003       0.37348530320080725       0.69457479522950460       0.60802519991523951       0.67854082309567298       0.61631839146309397       0.61756644764920576       0.91378931390347018       0.50114675932653518       0.69907562922924371       0.55834354169332112       0.61556765442027661     
   1.1457458673930208       0.95464669621692655        1.3417506139048216       0.97083622411189407        1.2337468480329437        1.0986808209666679        1.0236084892619206        1.1613429976661471       0.99354145355552081        1.0522412476233285       0.97497145342236058        1.1821457106420057       0.98722371498606454     
  0.29466694011843858       0.79351254169844643       0.38740661534665333       0.70744630802627750       0.62634378687162395       0.69420492598711014       0.63054485778405478       0.63349515877601259       0.91727107010197428       0.50869895425896616       0.71410883242765844       0.57207204055586824       0.62585187489591765     
   1.0433697145797338        1.1657646130148940       0.99934743861069242        1.1370579378973578        1.0548771483260946        1.0602989997239287        1.1415986575756452        1.0398838940333390       0.91836129651846299        1.1014498091435887        1.1845311011072086        1.1357742776979771       0.93606459695224553     
  0.34245003387817147       0.80284133936742796       0.40081987909492128       0.71972207738131388       0.64426825599120519       0.70815310182803837       0.64417894122376418       0.65034273369548690       0.92088141682090663       0.51589731176456044       0.73014992179806271       0.58497066070979065       0.63807282687506828     
   1.0033680893390911       0.89569226122925338        1.0706082982489513       0.99429408784372908        1.0427152652891249        1.0088868252106651        1.1161852377454404        1.1046177097646279        1.2326160111071380        1.1444731663584333        1.0081792255117874       0.93482026261496864        1.0529422834732354     
  0.40859090163216100       0.81120612008323223       0.41387587012863697       0.73517872264610495       0.66081589727128176       0.72108183083349775       0.65780380640585390       0.66700310789777584       0.92451386678789316       0.52270092173792215       0.74666376628990194       0.59724038955321812       0.65116582577906457     
  0.93102779031308580        1.0809518867842516       0.90577773476788981        1.1730199131432524       0.99694535814845464       0.95076441565011416       0.94183858072676885        1.1318125039786515        1.0203120114593487        1.2202812090622994        1.0272190565923085        1.0947633839787794       0.90851585213929786     
  0.46668338232625323       0.81922687154433849       0.43106176581409733       0.74918746868304953       0.67631669857575749       0.73384437955358228       0.67101667615998239       0.68328533607609332       0.92836665384354899       0.52930978845152976       0.76308879415970232       0.61259718399588414       0.66726049670726595     
  0.91283967450579040       0.99551138987420351        1.1292373337578165        1.1068522734521253        1.2986786222033744        1.0379948671253634        1.1997002072679057        1.0774987122206865        1.0906994309824589       0.99598967305264063        1.0338478636840434       0.99294998231933651        1.1934209339036734     
  0.51225049561422487       0.82799671125643115       0.44969991490341410       0.76347335148188034       0.69202258200286093       0.74888730160825756       0.68602979638247297       0.69951729784661887       0.93226394211931429       0.53617994875843389       0.77897470190753137       0.62900604069100374       0.68532948141608518     
  0.86293315732333831        1.0578137463524906       0.95970776438708094       0.97943939423815618       0.98715316844156453        1.0413632554878058        1.0024515779709118        1.2206335266407813        1.1598082152271687        1.1886369712737872        1.1125157781693098        1.0971974386618339        1.0690823754644028     
  0.55607555335452385       0.83661980450941187       0.47210922741995082       0.77644927260202556       0.70753311944573483       0.76387701053723689       0.70102962486412168       0.71537590470073908       0.93573798601422609       0.54323699760989819       0.79435758758573605       0.64474948159343737       0.70367555496212275     
   1.1041836928373052        1.0563546500699286        1.1674743418892939        1.3778072877611458        1.1888039201820273        1.0444107954426167        1.1125823752728901       0.99489211599114169        1.0198444870850805       0.94635719742553659       0.95742911816632015        1.1379620800018242        1.2352452482087064     
  0.59785770489741819       0.84569569007481238       0.49309858284072849       0.79173059857871830       0.72451310441651839       0.77789344554705697       0.71575353199103176       0.72989733038775051       0.93888479957106630       0.55038103689403328       0.80751883830042204       0.65992669871821052       0.72227921350686120     
  0.97693224399633127        1.1424125447371203        1.1314009551686888        1.1915656210905059        1.2204118616030131       0.97990125285064844        1.0875074946250578        1.0204113341070864       0.99668932089315576        1.1451715957212123        1.4477706746485832       0.96235621778708635        1.2384782011675359     
  0.63848405666311636       0.85514236300378843       0.51178755850541380       0.80687988397571198       0.74210078802617585       0.78953303295193078       0.73064538047137417       0.74465011999176001       0.94207985730092270       0.55769693047842195       0.81941762169104693       0.67481969147697884       0.73986131490791662     
  0.94688817522277846        1.0119066950028683        1.0850949184584768       0.99998985665540185        1.1496959275746594       0.99141090594962644        1.0014652730556133        1.0084707383285418       0.93837194637749766       0.91587525456046903       0.93656119353765033        1.1261982873900480        1.0364798018449288     
  0.67498683130575343       0.86383850244908833       0.52974578396755023       0.82219298160935828       0.75945175352465266       0.80024492170842410       0.74623099874570742       0.75936773120578738       0.94544785255796493       0.56535770959426290       0.83113149932867159       0.68939481826070115       0.75627593836339824     
  0.92739268931570373        1.1392146525256475       0.99604963895297338        1.0637439231029862       0.96692736188769368       0.96817315555226158        1.0846541050458316       0.90192057392919711        1.1354169980574380        1.0678252228661849        1.0973647109948939        1.2018396252126529        1.1686700502075695     
  0.70635794544268293       0.87286031606242398       0.54783607421591651       0.83680889475446829       0.77607320492479415       0.81075489852352567       0.76428184124398091       0.77432109118307513       0.94881766219122765       0.57376542819599696       0.84285607874354973       0.70499769197972073       0.77189303653008445     
  0.85018589538560185        1.0668906879615372        1.1929981255500539        1.0067542851601416        1.1309491610214533        1.0317281652636447        1.0875421083219254       0.88806332957537615       0.99559251169379426        1.2488255939359738        1.2223092528252919        1.3586955859913992        1.1767130364928318     
  0.73701839047762197       0.88205250568689597       0.56731859840469590       0.85112898213701560       0.79087662121331470       0.82187155347240048       0.78262984908377209       0.78921312499737328       0.95210355956526371       0.58299674396158652       0.85737892886837841       0.72176698886264312       0.78628208113323517     
   1.0368904498437224        1.0994557089395713       0.85279470459357065        1.2106859529684655        1.0619547368671587       0.97210723934256749        1.1091870674310813       0.98822499756629123        1.0386450000311596       0.98846489859997522        1.2235754974435384        1.0572093267991922       0.98744947548505702     
  0.76667092896844324       0.89076150723430536       0.58890503156885687       0.86426383951466212       0.80543514050726861       0.83521298275511779       0.80044151258320417       0.80412342228751155       0.95515557448644972       0.59266121096597968       0.87085814562572939       0.74044219166801439       0.80091379894084647     
  0.95935178123183562        1.0290017250333314       0.96949114405239822        1.3288711961435804        1.0476382529787840        1.0797483055892390        1.1186079376245659        1.0755468674418434       0.92926945319821208        1.2398423679197121        1.0503746225546984        1.0158768942691248        1.0578695332722743     
  0.79596341635165357       0.89992715614600449       0.61117911806354985       0.87636024005234858       0.82060098933622616       0.84967332353382452       0.81734343453045766       0.81879673709141831       0.95799520093307255       0.60237061840758022       0.88344990992686212       0.76097835939559277       0.81603406988629112     
   1.0337250748265074        1.0106069224920111        1.1020771400268061        1.0963960661393912        1.0532982448044836        1.0901301450492984       0.95202797398665229        1.1995830299848080        1.0322738846790220        1.0797101527114781        1.1567357602836454       0.99628115822983454       0.98754810674060323     
  0.82321610574112192       0.90893558997602730       0.63593962436384210       0.88801306842340633       0.83667748791135332       0.86374688177897974       0.83496429624407043       0.83415306619652307       0.96098220272398227       0.61163562151895756       0.89553854679326572       0.78163265224434875       0.83198683059845535     
   1.0915759957343187        1.2267862493890425        1.1008557473215410        1.1154033116255995        1.1460113925256505        1.2124012789344725        1.1137265672197292       0.93607680977867036        1.0803805069058110        1.1837932387499723        1.1503826668366512        1.1806405931369128        1.0278709607703289     
  0.84610086714186250       0.91819505095229359       0.66275227321359054       0.89991028729745626       0.85358522198793763       0.87941204301181930       0.85162045649667750       0.84855659727748933       0.96402218625354474       0.62211020944364970       0.90743116446384520       0.80210538287070521       0.84797898342256584     
  0.96367148857091223       0.93511003432356576       0.92929542418541700        1.0873116710162367        1.2238219705040791        1.1254204646672239       0.93665810644822811        1.0035244328624193        1.4744647588304081        1.1573221016374535        1.0400073444139293        1.0517062308038121        1.1214119262789608     
  0.86743812133394671       0.92765801584808505       0.68852236902533426       0.91246842423159746       0.87141601446604122       0.89391652124107479       0.86832224487549547       0.86412500408412507       0.96695377443575803       0.63347563405223462       0.91929386840147409       0.82347346789792897       0.86329140461958853     
   1.0579814415731634        1.4090821223776211        1.0926769983593334        1.3070283235317786        1.1430889459726747        1.0060859839919014        1.0835628161880011        1.1114301929658754        1.1081549155928836        1.1832146493247084        1.1875539581515686        1.0411253134017946        1.0599294019649899     
  0.88558889609486369       0.93716116467715760       0.71506940061359892       0.92453726949857873       0.88879445014800795       0.90923552321306489       0.88556454826750797       0.87799395863139951       0.96998676333469469       0.64505868793824506       0.93088170209298116       0.84433133275405958       0.87768414549434381     
  0.99736074574393785        1.0383318127768504        1.1549173725616166        1.3478885599622117        1.3302624336057658        1.2317447924151002       0.99364503808792159        1.0004895446467899        1.2916330786195194        1.1378080293920481        1.3086040805421084       0.96316885118806661        1.0566073894053436     
  0.90318263649071828       0.94594837670182474       0.74427286051605723       0.93496147461455270       0.90586390251669324       0.92288667576239114       0.90453449560950028       0.89329425858410216       0.97323529938625486       0.65778778382347181       0.94174332453083676       0.86591292480712501       0.89326792073951367     
  0.93217361551783062        1.1734103294171006        1.0994555876650138        1.1813899977172750       0.99186809290344380        1.0743482977579162        1.1060625766173069        1.1182744337948360        1.0396715544248358        1.1362910042698084        1.1230525024422904       0.87814639475225842        1.0943120620209561     
  0.91806789348581019       0.95470293066809719       0.77762195355143304       0.94484696854909112       0.92478967182217386       0.93766855787119974       0.92274727489554653       0.91027324733175818       0.97667212865785480       0.67184767058651518       0.95183630650272533       0.88788991314948007       0.90974316305978276     
  0.84390183168387001        1.1636553262502221        1.2259888694648666        1.0892929172872807        1.2091000693864336        1.2877337572300240        1.0854822786964777        1.0385609762033436        1.1586890938021281        1.2995030109391128       0.96121671840743539        1.0771414239107475        1.0289236788976701     
  0.93417004341151821       0.96303124048436839       0.81410475071280308       0.95470511123383728       0.94372642456695788       0.95120737276154577       0.93878920466297655       0.92695872291515258       0.98035756599947932       0.68891306205127067       0.96127690400844101       0.91143097176952270       0.92816094655148385     
   1.0446739250076964        1.1948814252165463        1.2307520425740111        1.1082840354254349        1.2805487554513684        1.0874506003153022        1.0368856286954193        1.1343132525518091        1.0531363346882083        1.0831080283047894       0.94716314990556949        1.0798589285713032        1.2282727903665509     
  0.94897498037037475       0.97222732173945847       0.85312259739970431       0.96532587601868680       0.96089023620771297       0.96327328929480471       0.95340498192037226       0.94599087678646221       0.98404575465611099       0.70892040450214333       0.97029650088881825       0.93511002579704861       0.94728885747511637     
  0.99322574428907773        1.4733164527952611        1.0584943745620845        1.1390716727780310       0.98487593261096440        1.0192246004577128        1.0994314827946459        1.0747176894430301        1.0914575698609521        1.0794231423085305        1.1259623824991867        1.1793223761071265        1.1703485872559625     
  0.96570858145630978       0.98096156357983877       0.89456250910382984       0.97688360264415075       0.97545185702702686       0.97515525293824590       0.96852389930808347       0.96498290566637202       0.98795216332131330       0.73434450555825548       0.97991480490986205       0.95774617580097521       0.96633979590355668     
  0.90758608810041863        1.4280081071576416        1.1311628332462931        1.0028738478054338       0.98934388249422922        1.1712477615806411        1.1489726105945379        1.4009725051523778        1.1881679714338660        1.0938905546674276        1.0501466056373929       0.88247041456880704        1.0954229777551474     
  0.98196174541756143       0.99024932486904171       0.94433764504877538       0.98871238795184546       0.98779425508257490       0.98764875853111944       0.98446027515621892       0.98184876223967088       0.99353004617357032       0.78370267518919723       0.98949329902276917       0.97909610275818337       0.98316896729175818     
   1.0924980760944296        1.1569265282601402        1.0744179445754940        1.3482844595662233       0.93047005440162067       0.94234844636388915        1.1450053903640109        1.1191920000178728        1.0455972640975524        1.2718318178396828        1.2520692957017783        1.0196270991582668       0.94899066608391347     
   1.0000000000000000        1.0000000000000000        1.0000000000000000        1.0000000000000000        1.0000000000000000        1.0000000000000000        1.0000000000000000        1.0000000000000000        1.0000000000000000        1.0000000000000000        1.0000000000000000        1.0000000000000000        1.0000000000000000     
  0.97615542738159189        1.0667815111742240       0.94826173809785963        1.2411317326138014        1.1162603844669603       0.99294998231933651        1.1786043836832247        1.2953414558904792       0.86608739045523331       0.80223712957207727        1.1205601590889931        1.2434806205639517        1.2890994800491360     
  -9.1316221303309071        0.0000000000000000        7.7258882560390445       -10.276640485876982        3.9794141524855902        5.6220871711350116        7.3341300781392533       0.94208603616723596        11.648874688110137       -131.95018263859237       0.34353067692334149        2.2684146076309983        3.8444142024929833     
   5.9016411126733175        0.0000000000000000        1.1758400576067802        1.0895366673632454       0.34086083746433143        7.1770971487094481       -4.7274935672383434        5.3485428642785884        7.3610824379398325      -0.18352738696462889       0.87763490332178673        2.1264647609083354       -1.0375626308349750     
   5.0022767045523873        3.0274752816674573        3.3063096787278008        7.6342621946234965        1.5699463811315846       0.72728600574736524        4.4200027014583352        3.5727115082865546        6.8892052325487425       -6.4872820479959042E-002   5.8686765681958031       -3.6092086966884431        7.0253974192219273     
   4.8664647384793165        3.1593630642343653      -0.78670079370893231        4.3323708620753134        1.4386281069017961        3.7477689405921764        6.3538217302762305        2.0976375878900115        6.2581756147275147        2.9183134171096077       -4.5731117616742409        2.6091203077023111        5.3609481007853255     
   9.9991343397096006       -4.1105585502150790      -0.47655002925268791        3.0825719484984733        8.3995711128012331        3.5110326468900146       -2.5146915655002702        4.1538915772554299        2.1889441730100039        3.5990915716605136        5.8610020207187867        7.6821870934803771        5.9640918920225854     
   8.1713735605109079        5.3068239582953156       -1.6677040550355833       -4.3208200852192187        1.5334717646453984       -1.5027032413219603        5.0496489524199548       -2.2229256629398919        6.0811890928279393       -2.6251613024730340        3.7645693383939638       -8.5147807416169913E-003   1.0553303261772693     
   8.9414033409843530        2.8574678456865650       -7.6642903540970400        3.1682030163467947        1.5359775003262193       -6.4285503441701435      -0.11328222092351348        6.4091846901544480        1.9788335463359832      -0.73562108784881031        5.7070814597028319        4.5171511285715482       -2.7079071811906750     
   12.497815805015691      -0.83258810347141510       -2.7891455761277690        1.7588711328602911        3.6307741015768031        2.0364285321004187        2.4055575071652768       0.52063846231471755      -0.77324415424841031        1.5526228448176149       -4.6659178972010933       -6.7790833570858640        1.4860788150896294     
   7.3885931966669066E-002
           1           1           1           1           1           1           1           1           1           1           1           1           1
   5.8071702784675459E-002   2.2167448514734959E-002  -2.7436755457524675E-004  -3.6772853825444947        1.0533301834477508E-003   1.1053311936062844E-006
   1.1872225526982560E-003   1.1159176310745892E-003   1.6614253966142664E-004   1.1151992909473636        1.6608943501491752E-004   2.1132005262939584E-007
   5.0000000000000001E-003  0.99900740391999654     
