   0.0000000000000000        0.0000000000000000        0.0000000000000000        0.0000000000000000        0.0000000000000000        0.0000000000000000        0.0000000000000000        0.0000000000000000        0.0000000000000000        0.0000000000000000        0.0000000000000000        0.0000000000000000        0.0000000000000000     
   2.1693350758959863E-004   2.8069238579278146E-002   2.8441803292567755E-003   1.3147337945646516E-002   1.6548646021267033E-002   6.3656628732111198E-002   1.5502862329439881E-002   1.5975952998591052E-002  0.19884974242243847       0.16738467147549402        9.0669730750025171E-002   1.6862832403907232E-002   1.3339240209238051E-002
   1.0750240582146220        1.2743544254985260        2.2785136547332496        1.4526923282336408        1.3232300991404204        1.6668359274158395        1.8575400258511179        1.5575006394484645        1.5267263787043570        1.0121244398484091        1.6095431097403858        1.9556789148788212        1.1723523210925177     
   4.1062028726622675E-004   5.3397913784318699E-002   5.7251642435450084E-003   2.4755791659616271E-002   3.5001342746812811E-002  0.10615504255802576        3.1316982843805061E-002   3.0200276932291312E-002  0.22563069531378546       0.28463057274609604       0.15569487041975799        3.4642195096449301E-002   2.5964899230745214E-002
   2.2580943863230574        1.7599424566932598        2.4702524748654580        1.2890055042259994        1.6267325347675681        1.8092288762944613        1.3085794808066704        1.5087917837276408        2.6170061458149423        2.5518838064887026        2.0780566511955985        2.4763580741983162        1.6042827459651714     
   5.9250541656318315E-004   7.5134254245037502E-002   8.5912307552966655E-003   3.8017027736027775E-002   4.7789741797444225E-002  0.13484281491350220        4.8034041486075416E-002   4.2398641825129729E-002  0.24205935665255437       0.30306191072355682       0.19646500716831691        4.8092009482095396E-002   4.0005755851000212E-002
   2.8404705954191831        1.7172466082070130        2.3482373133095553        1.4685703662025900        1.2852114499078333        2.1075866524303071        1.7507991285405013        1.3485379935850188        2.3093369957292653        1.5991843818355440        2.2050147511318348        2.0779937472476377        1.3590397654421373     
   7.6608226341938913E-004   9.6632928951670152E-002   1.1438523844812348E-002   5.1798761785427014E-002   6.0426517711054568E-002  0.15939003933775084        6.5048050898127124E-002   5.5503729598992205E-002  0.25846914631969153       0.32299083466808720       0.22754321847626324        5.7770192751068213E-002   5.4278580442621613E-002
   2.3752274596473222        1.5439187482501211        1.7509687237379232        1.5948900979719856        1.5911912753292703        2.0285710974191913        1.6616697170712966        1.4822050355966316        2.0296415075011445        1.3339567652864930        1.7202731352946794        1.5114349248928154        1.6080360647337308     
   9.4252365926041841E-004  0.11632792065210890        1.4413966815135949E-002   6.5863992477819905E-002   7.4672571354045161E-002  0.17886682413013141        8.1101206377308471E-002   7.0680069650294428E-002  0.27598318094961544       0.34216967012332589       0.25066278622026322        6.6523472136474818E-002   7.0487595212475218E-002
   1.9445489956456430        1.7057191439255315        1.7007845558396053        1.4866924204678877        1.4094860412300843        1.7424507726852552        1.4666881616837280        1.3961975241905935        2.1621528423656406        1.6439434149098697        1.8120284691335662        1.5668444546891551        1.5110468531566410     
   1.1409701607484296E-003  0.13485038845481237        1.7671672592245925E-002   8.0358024323544275E-002   9.2252399463886720E-002  0.19655824899930932        9.4725164206944143E-002   8.7360647539552555E-002  0.29136017218739108       0.35947088991782211       0.26760604336370131        7.5322554709185544E-002   8.7538783167517398E-002
   2.0414468283144802        1.5271228504146037        1.9252210586482523        1.5883668481036604        1.6802641562497911        1.5763936632813147        1.4630330275868573        1.5155006252317946        2.1459118125930168        1.6523134218806175        1.6092688995478790        1.5246517428581550        1.8596774145250528     
   1.3681315686917127E-003  0.15318381079700610        2.1063595567799229E-002   9.4934002525662378E-002  0.11047424632040879       0.21047392494894263       0.10898334572620491       0.10433740673345671       0.30293881787680133       0.37318575016056343       0.28082377643402240        8.5040601376184355E-002  0.10482845345915776     
   1.8637725520754225        1.6347195117581539        1.7478963149410651        1.4041752323944225        1.6559750083031093        1.3461477807201943        1.3131545542712897        1.6464647971074928        1.7248387673277297        1.3734716201390991        1.6292242243896315        1.6299417986582474        1.4700326696677377     
   1.6170219298837633E-003  0.17174846425009566        2.4477279622725917E-002  0.10966932216705964       0.12665446202983038       0.22317796434885614       0.12232903817930559       0.11968231594846616       0.31251674814058000       0.38605457639846730       0.29239324385943494        9.6217664626708652E-002  0.12234509306362898     
   1.6789995105727493        1.7748029879019223        1.8433335237488520        1.5047499476800519        1.5111560442361955        1.5426241729485455        1.3873738988985347        1.3343030424831388        1.3239344337554706        1.7265601351134565        1.6485962538907091        1.7003227565495496        1.8287805731043323     
   1.8816771759037948E-003  0.19034514996633178        2.7718921464772703E-002  0.12496267807353585       0.14178684141588188       0.23648965040585213       0.13506829233038478       0.13344694400888721       0.32160702383036138       0.39685728862632980       0.30469284183232792       0.10903500731761240       0.14135502826208723     
   1.6942723105154291        1.4858615963317858        1.4576355135978722        1.6784556285612282        1.4258578460800122        1.3529716734057931        1.7491905885114238        1.3883921007276896        1.4639132035399709        1.2764628148344357        1.7186288217261747        1.8389581002961659        1.5953425161317305     
   2.1607488660069681E-003  0.20822655461279727        3.0961767657695375E-002  0.14100659022338177       0.15780095727931631       0.25079552389072390       0.14805796657608944       0.14767158497881036       0.33119426496822474       0.40757405278526415       0.31649859237695532       0.12216426947264725       0.16127643365950012     
   1.6773035885302661        1.6771918060732058        1.4633958363453408        1.7703976246756168        1.8923627663822080        1.7222622343573835        1.5745668478233323        1.7324290319458970        1.7663019985555304        1.5380143604462673        1.7037399499159991        1.6441920535483896        1.8389458022734759     
   2.5098983072316659E-003  0.22520858538663813        3.4717320618560109E-002  0.15768039218016625       0.17533509704533615       0.26508535973787650       0.16361902855978566       0.16202477308888413       0.34114591741536743       0.41832403666220941       0.32864040457036181       0.13452670357978599       0.18067250038935329     
   1.5754898531948014        1.5259840344865181        1.5513824237311609        1.6009545502546838        1.4748277090501363        1.4464562065714826        1.5030511266092652        1.3124237223263482        1.8028744813944129        1.5215458166742828        1.5366737564028372        2.2927852186744127        1.9913795508550236     
   2.9572677264648960E-003  0.24246509491738730        3.8250301518031944E-002  0.17479745090622492       0.19353612011047103       0.27902704026974040       0.18006194350340188       0.17717641167002351       0.35072693911663511       0.42883171543331278       0.34058032923487358       0.14723547292561498       0.19944737784217587     
   2.0263534873492417        1.5146911401516285        1.2120268073749678        1.6808181177005286        1.8334030772210048        2.0319753124302906        1.4361923683552924        1.4815020800273346        1.7454388787044290        1.7694986451624213        1.5537383915473579        2.2200122488699874        1.3674616054868654     
   3.4384690774642550E-003  0.26029436013852170        4.1875893702231347E-002  0.19184126630953285       0.21089194620670679       0.29186646222013701       0.19696508905544882       0.19316514544600175       0.35996148537313927       0.43863072409581827       0.35230842535643586       0.16043684250214180       0.21728922750659524     
   2.1545409565958664        1.2630947624092230        1.3493257556953668        1.6477753256836554        1.8169087883225186        1.9025593012402613        1.6219082587670934        1.6386092900528917        1.4973888015808328        1.5137872911558250        1.5016719095449356        1.6003086873568055        1.5558518563388861     
   3.9541590292480871E-003  0.27751689195237678        4.5635338596895725E-002  0.20940747846328001       0.22729454766427168       0.30383283446614462       0.21408564592383103       0.20884471997697973       0.36872897958021877       0.44896612266901970       0.36427495585476499       0.17420216436418304       0.23378815022441757     
   1.5644197641178517        1.4331042035705952        1.2538858888811093        1.5588206349801974        1.6138620837754951        1.6869272469666134        1.7469035282591487        1.4078034018271406        1.4553697218139596        1.3580517910564300        1.3749505430398492        1.5297364775727897        1.4991618929988382     
   4.5553128209375425E-003  0.29397671051352986        4.9746483225213266E-002  0.22749256813926277       0.24403383443909898       0.31533823506726272       0.23174024100953031       0.22398677126068375       0.37727549507913716       0.45895899951225233       0.37682449552712094       0.18835539269915333       0.24984922149339978     
   1.5434077647738633        1.5047111104334927        1.5126610035412413        1.5304691510983619        2.0643389749360668        1.5683831157124231        1.6672149353144143        1.4621869023659484        1.3468698896616553        1.6188473217958019        1.5352848227375975        1.6384304809220409        1.5912104226725567     
   5.2120717102483146E-003  0.31035614981015969        5.4335818232515425E-002  0.24652064241073299       0.26029505820217791       0.32757466260388240       0.25044050678851210       0.23846085386188878       0.38645556256755209       0.46969180338720773       0.38949962541692151       0.20300208604238537       0.26632677882961142     
   1.6444909294330790        1.6227754807647192        1.3468631883565949        1.5955995422714080        1.5841712244602686        1.6130927808069537        1.6596153371724724        1.5495283856687108        1.6671708375761478        1.6049389333717690        1.5383483112632066        1.7500924782172678        1.6687943504591249     
   5.9345386736437298E-003  0.32737778023078401        5.9063411500141327E-002  0.26521883868929191       0.27679510175473421       0.34122940297613336       0.26715017588800510       0.25228753066593251       0.39583166230123484       0.47983768571730112       0.40185614507491191       0.21849248812296429       0.28310204180871873     
   1.6202463271017904        1.6288742291078731        1.5246122431199456        1.8978946797100396        1.5926476747052758        1.8654579485476741        1.5782020056809170        1.6601197582538672        1.4402948996700531        1.3795961125486460        1.4873567682477493        1.6124217279758475        1.5815054018758152     
   6.7904817963703318E-003  0.34452812085217355        6.3950797539404400E-002  0.28326074874577584       0.29354115620527899       0.35489965440892995       0.28201753234061772       0.26619827629017839       0.40471499076033135       0.48935044843752873       0.41398395282436867       0.23423496552995679       0.29954545928572263     
   1.5857889233660181        1.3799375396670388        1.4490974825491136        1.3747628247775934        1.7063587808023699        1.4424795757086193        1.6441981569209303        1.5097896661251040        1.2387389432804727        1.7421045801925150        1.6217327477183960        1.5069194293138930        1.4067684393033599     
   7.7414373467571780E-003  0.36151530771180118        6.9815630717408275E-002  0.30080114163463184       0.31035781547398461       0.36840003585362491       0.29589764495196297       0.27923045361076737       0.41427896106748247       0.49858186442248709       0.42569310377478747       0.24974907934097390       0.31529686821793679     
   1.5210694366597779        1.6081000469977991        1.4149994028935808        1.5438361365638964        1.7325627592610420        1.4527746572888725        1.4574843835212525        1.2249810277981996        1.3609163361017185        1.4864958089284275        1.5898007176717754        1.4215931481245550        1.2377296374170474     
   8.7847694784269348E-003  0.37794210268352452        7.6433443838421281E-002  0.31760972785840108       0.32781435003101861       0.38105466946797545       0.30900393467933568       0.29327563505346144       0.42215046623639557       0.50792049081042490       0.43726208851313586       0.26542487996471770       0.33186583899649907     
   1.5757008793979699        1.4845850892032391        1.6807216576830970        1.6338736192528220        1.7586990187275289        1.4325863155973961        1.2326909931484069        1.5465335985384585        1.3673866671416937        1.4408447664861159        1.4017076109877857        1.6091723320355455        1.3828481229022935     
   9.9528329806748278E-003  0.39357825138425617        8.2967792276828253E-002  0.33462343988944243       0.34413931066651182       0.39341074069140153       0.32170143622865943       0.30875899800595175       0.43095442998095457       0.51742957480934937       0.44840228487769762       0.28089107526047857       0.34937355732022785     
   1.4762113548409468        1.6426680996826057        1.6642356410107768        1.7635093397921338        1.6599912192066917        1.3362642347019225        1.2214887309525622        1.5856542684393107        1.5097712164736785        1.5320643944060655        1.5910495680900250        1.7028404972206961        1.6977965667530015     
   1.1270243324094110E-002  0.40883268716055104        8.9358170853430743E-002  0.35220248683698352       0.35967866638250184       0.40562409810738193       0.33393835601694083       0.32464041825910855       0.44054905481713341       0.52650679084938934       0.45962400465288972       0.29547842948404640       0.36699488557184734     
   1.4866433920476896        1.3866654429703711        1.3110755006455457        1.5939197086909802        1.6692247631736734        1.5669621848807909        1.4323367891647365        1.7788040655894999        1.4034594954452213        1.6109533460177066        1.2445871997114406        1.5645297117438215        1.6885196696146296     
   1.2808907610562423E-002  0.42402649148642779        9.5856098062627793E-002  0.36916550474829452       0.37552251940245018       0.41779843179244242       0.34684217365035452       0.34042963037277402       0.45055977623976851       0.53546673175620629       0.47138705424595145       0.31118793705343090       0.38434453014158337     
   1.4054621218305645        1.4595628533656717        1.4756855241488334        1.5490481463197039        1.6079313522027761        1.5149702512683973        1.5323659275471455        1.7771968369541222        1.5182852107938452        1.5552282665482002        1.4924469238197220        1.4629668093967816        1.5221742620119325     
   1.4459414320276563E-002  0.43862821878928648       0.10255807243647017       0.38525820696835572       0.39014484817291156       0.42971771759311311       0.36281715614562676       0.35568628586765083       0.46037562347781480       0.54477193854236183       0.48337616798862437       0.32604883266998264       0.39984777494730045     
   1.5492110448098217        1.1810549024091854        1.4707586949196165        1.4706655686831085        1.3243431614419319        1.5889741766038614        1.6157049452005117        1.4260119481365834        1.5827852787659495        1.8451330702365549        1.4098123470658073        1.5656583869751011        1.7400497231599812     
   1.6253301013804684E-002  0.45309416236807282       0.10973240215036001       0.40202510222496790       0.40413336049529891       0.44161219952910880       0.37808139536525387       0.37086931670306633       0.46986772072466332       0.55330531421600659       0.49549627799139961       0.34157278432726979       0.41356056918413858     
   1.4870191135812802        1.4292316122711293        1.2947845023692646        1.3192406377440267        1.5352797698463485        1.3687877393655050        1.3733484243829168        1.3291499551161683        1.4987432808733256        1.4913378339795476        1.4248205713888360        1.5086584834100005        1.4480395112712392     
   1.8274144743478493E-002  0.46717702438740200       0.11720202062318762       0.41860893034026070       0.41935963216288286       0.45312096502138144       0.39045940691678288       0.38603377721538684       0.47926601977622763       0.56106260276423148       0.50712611723450063       0.35844995103021859       0.42813138812753171     
   1.4346344828138966        1.4959641338397003        1.4460485670119478        1.8168275399045097        1.5256076750191803        1.3684557753893181        1.2084034403647130        1.5558120537789248        1.3300705731183302        1.3575286729301450        1.4266657938113843        1.2346890987418702        1.4114734711526746     
   2.0943132296485936E-002  0.48147925530769398       0.12510377897786529       0.43689357577639820       0.43292888685456854       0.46501744420065444       0.40256997937901945       0.40199263072073355       0.48873818267775582       0.56842270619557123       0.51857645140977837       0.37474896930763391       0.44328974209381466     
   1.7491454893886582        1.3877844646835584        1.3858513824849374        1.7420362564899514        1.4826505507244947        1.4967748801740777        1.2794760829133753        1.8407505474329879        1.3545725073039641        1.5297130412398552        1.3181493591670583        1.3430161041351940        1.5781155785134291     
   2.3805207529644986E-002  0.49597013193925982       0.13360572631580719       0.45453263601710819       0.44764772395835412       0.47692404432945323       0.41639675192023068       0.41791192330026838       0.49865674844172164       0.57641215108940402       0.53149989346338689       0.39029602577296491       0.45912968224036693     
   1.6249920014682424        1.4472953628714471        1.5255684707744532        1.6850257682907310        1.2524686871390367        1.3696705498971546        1.6006833837147110        1.5795797443060096        1.4893235054889584        1.3532871019973860        1.5796527716818474        1.2404922706345698        1.6927826069369245     
   2.6794413999556777E-002  0.51094671534163782       0.14272147703238611       0.47221247399664462       0.46229129184789658       0.48940742562487588       0.43280848756988777       0.43341205020380558       0.50861919069679751       0.58388272102146710       0.54521482130423060       0.40605347109231160       0.47509102803989578     
   1.5891021022979950        1.5660180870787899        1.6815138890559087        1.6223449456481982        1.6282849385321545        1.4004122277254465        1.7418061556607747        1.3463523612376349        1.3642157767031953        1.4266106851905322        1.5049242000181722        1.4059590530630099        1.6059836614922995     
   2.9966271194059004E-002  0.52749418768856438       0.15234462797391954       0.49020401975248440       0.47851812837914032       0.50162368148194736       0.44928338187599315       0.44900440809678177       0.51844873727206164       0.59089746524399822       0.55765671697293473       0.42232729798141933       0.49077601565242424     
   1.2584370232907458        1.4300360478477796        1.6647970165840302        1.7310220081555070        1.5420053987862843        1.4010720409703636        1.6747387666479825        1.4354651148484907        1.4680322628082465        1.5272098996808472        1.4558992298197491        1.5276722445958812        1.6086802202672090     
   3.3693809687446029E-002  0.54420827191480370       0.16242116407899837       0.50846628044005382       0.49541591928648765       0.51367421431012428       0.46531115433925185       0.46452872464669581       0.52856530330711737       0.59799037419977041       0.56994448013043020       0.43843365183092370       0.50621768544894941     
   1.4412024446716887        1.7805281144185552        1.7042113387181945        1.7355816535903066        1.4425470291565732        1.5676874045643632        1.6630493678052429        1.5110946600086956        1.2216878510785938        1.5359129863749921        1.6260357034188462        1.3869223166785765        1.6751580675512245     
   3.7839788236423332E-002  0.56157800776750189       0.17301050793177061       0.52623109186765926       0.51221926207024904       0.52376839167006162       0.48117095115584069       0.48099444483938275       0.53842439705386580       0.60544117556541110       0.58178765001680433       0.45393271910109795       0.52124640677095924     
   1.2799776671744945        1.4662639694209934        1.5952029554328848        1.6988995014739030        1.6240723239141857        1.3223286712991125        1.5343489073047587        1.4994614794940426        1.3112921819592098        1.4068123503759182        1.8894780179891784        1.4628772631979021        1.6608700194583428     
   4.2361150152772253E-002  0.57829343897078433       0.18314633936816652       0.54389506525407472       0.52902058733028556       0.53497046031427853       0.49716789924640847       0.49790302362798350       0.54813089732369180       0.61360878472218106       0.59329788985160647       0.47060979013922599       0.53451610015668138     
   1.5176533630492444        1.4733129701286589        1.6362098961654985        1.2728267563205764        1.7710629321286366        1.4483216513844819        1.4767021704968797        1.3975727728944467        1.3765807544214732        1.7556704887166514        1.4864204045401357        1.4216716809989136        1.5397474817373424     
   4.7158636708083630E-002  0.59374588244330029       0.19234402396666542       0.56226356284286683       0.54508974831917822       0.54502043080465012       0.51294485766322784       0.51381367662804500       0.55794698611264126       0.62180999826833649       0.60456636546773457       0.48804149850679057       0.54660839162463593     
   1.1767687014087180        2.0851264601457014        1.4360525852689767        1.7333136824402586        1.4683956070513247        1.6539783009046183        1.4891733157526841        1.3321051988959687        1.3853261346016126        1.3065763205440959        1.4621387239906949        1.6163182156529607        1.3097312243549806     
   5.2847097758153168E-002  0.60791683179457823       0.20122016011979404       0.58062884235931655       0.56077444408346377       0.55470193614160501       0.52841324231197184       0.52971014867978283       0.56806919955857715       0.62973964829838214       0.61597548297265003       0.50519555737309074       0.55921754632523912     
   1.2919620333450339        1.6364069794138207        1.1537820459493804        1.7680768128109896        1.8510247566437139        1.2752112595828071        1.4878810949358159        1.5539017373859070        1.4346046091395646        1.5568532860072051        1.3075353492596500        1.4974854245662421        1.5671618062971644     
   5.8982396717757068E-002  0.62336558384984775       0.21000910448111773       0.59852875379748338       0.57652093376048807       0.56492082434148516       0.54356346727920235       0.54657934349976067       0.57865968340404361       0.63725737779612046       0.62815915592904570       0.52225077892308491       0.57271608056187606     
   1.3523314058646356        1.4635891427465351        1.4394085972685866        1.6663765378751323        1.3358461651293985        1.3593595336658095        1.6047612331709502        1.6103345429642224        1.2306719284718566        1.5633807616908693        1.4222151768916702        1.3477587558554951        1.3855165375507632     
   6.5974686598447102E-002  0.63856531790546944       0.21953436631848514       0.61586549865791940       0.59319172846268531       0.57562959337239616       0.55879833916048016       0.56338909065227494       0.58977109657613258       0.64473902254708337       0.64095742749651496       0.53901088233332639       0.58752205861924700     
   1.5144670968502898        1.4045966833860799        1.3933559791575161        1.8225093833685813        1.6750561941624538        1.5825404170186834        1.6826696173431581        1.6381401986179078        1.4337283230635438        1.4618059389681719        1.2323552158617039        1.3946833686189632        1.5021536130046962     
   7.3752920371461098E-002  0.65158269785021317       0.22986157586969008       0.63173511905032065       0.60980063028410747       0.58602566327170802       0.57426601804920119       0.57937111923904039       0.60115607019478112       0.65226772493500684       0.65327424658287325       0.55502188946512354       0.60203728013348645     
   1.6679384563640067        1.2897399868581623        1.3702970883097696        1.3925897727619065        1.5033059469241556        1.5545361383639440        1.4844869459465073        1.6353567100847357        1.2375800919136735        1.3737876101368998        1.6226764777366764        1.6050110981095178        1.3245812625131863     
   8.2326064323162862E-002  0.66308648780526602       0.23991077604166228       0.64610111830546291       0.62488401601298793       0.59729682969098641       0.58906158659556207       0.59545597522050031       0.61216005412647623       0.65974144945064250       0.66519783007071209       0.57156139078349544       0.61597602877543400     
   1.3595114671753263        1.3458984978202320        1.6151428575788225        1.5665599855663572        1.7209448506181251        1.4849160387803375        1.5320705178620191        1.5412749029553068        1.4683226877504396        1.3964177385616698        1.5451394302835886        1.3843248570906608        1.7827057625228679     
   9.1654700508390932E-002  0.67574050942055164       0.25117694491031961       0.65934051661656168       0.63931774156936949       0.60914824261841138       0.60338918664126739       0.61153067991109566       0.62352425389437693       0.66761760536539916       0.67745745663769608       0.58884258839258963       0.63146543438328495     
   1.5828805835866742        1.1921475820348046        1.3770915057826736        1.1988289703159796        1.4090780361034447        1.4406089597442693        1.3387838539345644        1.4783311604193388        1.3988731793455915        1.7609699929957985        1.3435723752136306        1.7761020064059265        1.4253253840210856     
  0.10205732076841212       0.69042044497234600       0.26365138810813060       0.67144601145142602       0.65403035822587663       0.62155404960973926       0.61839005442155548       0.62726814334327419       0.63547233150812465       0.67491265305149595       0.69020633883763649       0.60506082423107810       0.65002861540572388     
   1.4041742928858334        1.4692739610296883        1.4720257009705311        1.3425027815385093        1.5355263737037101        1.4276947639262114        1.2794700352598760        1.7430983854566804        1.7636032185517747        1.6015139701618692        1.2492445633982052        1.5318307201946832        1.6760928853393293     
  0.11341547759310903       0.70662597225379109       0.27682933792377684       0.68392883316520958       0.66763859558888095       0.63464782423068933       0.63415494656914617       0.64259145082605074       0.64786783272214954       0.68221984309041861       0.70412672699748302       0.62089339131716748       0.66899933081508789     
   1.3391395448296657        2.3114508629420780        1.2713058617850492        1.2669625533435565        1.3481254937776372        1.3893758723491116        1.4642210112396172        1.7133792883170795        1.6121845186776267        1.6786656624518881        1.3124844239736493        1.3066593434156564        1.4681373391009465     
  0.12562243314859639       0.72363205387552043       0.29040542294131561       0.70028803469766199       0.68186464459022200       0.64796312386634047       0.64994427440895997       0.65780799772756571       0.66051492464698747       0.68876082069619060       0.71834962418345283       0.63710198766398685       0.68638977997962092     
   1.3069081246638805        1.5034143564022346        1.4517722280620160        1.4756884028390187        1.5061952905160061        1.4343179686250818        1.3547183278688795        1.6661316448934189        1.4918240087316825        1.4013017712736704        1.6413696260417103        1.5496675706213905        1.5089620516072215     
  0.13913249426811905       0.73973825174293983       0.30724699140318790       0.71579293912114583       0.69602360992371315       0.66156560034916556       0.66555646114754874       0.67384859261111840       0.67237568216511079       0.69524007078514638       0.73257461327549223       0.65358591880889660       0.70250641857578455     
   1.3953950918150695        1.4513316495065487        1.6442426740716909        1.5185050513052030        1.3063144088552210        1.4300928618238236        1.5109284039022264        1.5026700172289846        1.3823267752093011        1.4333746211273546        1.7631677502186276        1.3579862472282520        1.7506491475042225     
  0.15536384480444337       0.75544767872637852       0.32428880753287503       0.73171270067988603       0.71081744929005863       0.67471654845949358       0.68166401350108619       0.69017780500276693       0.68386851966892725       0.70185898565192650       0.74799378893742463       0.66930712247285040       0.71812512902956094     
   1.5459804552572758        1.2887573604733975        1.8340533271525317        1.6827624227284608        1.6252526752735046        1.4856819061702711        1.6959270686698786        1.3894848747399060        1.4802287572389921        1.6993740483647490        1.6314436221621795        1.3704831720398374        1.3814239199376650     
  0.17467730335250065       0.77132629235186512       0.34147211443920733       0.74717032162476937       0.72655555093108348       0.68740649267596654       0.69793849853558010       0.70411902695499340       0.69568871679135946       0.70847454491298589       0.76376837324006952       0.68442616588426641       0.73348136387798757     
   1.6998491901792938        1.7054210580739193        1.6928851740475792        1.5957753730955753        1.5693100127626272        1.5179141348989189        1.7835231105749594        1.6122048142859937        1.2221219017868492        1.6959830301328760        1.7391784294303585        1.4164672393279552        1.2428759745990776     
  0.19682991183150383       0.78773954724239792       0.36040636773733714       0.76418314235008322       0.74354034418201542       0.69947219944606520       0.71424187834056740       0.71632640426357297       0.70869494770314045       0.71524720275336484       0.77908138673293592       0.69905713411475234       0.74847137687287546     
   1.7199268287886880        1.5743504381560156        1.5349346369212133        1.6546783616927676        1.3999502070467162        1.3328776340953776        1.3771848604550800        1.3517261456695477        1.3953441575770600        1.5175840234216882        1.5334660970683451        1.4818806775774167        1.5799797711541228     
  0.22254912412432298       0.80389802215128703       0.37249206132567458       0.78111007788444686       0.76102800750060395       0.71138003247132819       0.73012277652250579       0.73071708608460983       0.72235419930474354       0.72234696237851692       0.79346323448515765       0.71503326158975455       0.76614404593138263     
   1.6221074566958920        1.5826153875280131        1.3840038068856497        1.6193532127527643        1.6006096434890524        1.2533103946033455        1.5820588331927390        1.4996946973765188        1.3301585976760877        1.3927721068662324        1.3289201902179566        1.3108774939142174        1.6863221649082858     
  0.25849770662240495       0.81939441537133761       0.38621868575326601       0.79772434977647977       0.77709351390488679       0.72363422497515228       0.74621855833753725       0.74723702100116485       0.73681636639507264       0.72944281679851597       0.80640832824156095       0.73313588334431068       0.78517616639138821     
   1.9162136686488835        1.2744944759409138        1.2887456888480955        1.6505626066970038        1.3129262317402228        1.9053134242269321        1.6186884557707832        1.6943505018908593        1.7597814890849905        1.5210420314155613        1.7907554698811423        1.2929390494135082        1.4603394215834511     
  0.30918665387815242       0.83447583991366792       0.40353067070239468       0.81300644353791152       0.79153845620713703       0.73603370236640830       0.76157850840436103       0.76699116999618455       0.74994738899298119       0.73641530267135258       0.81878288866388160       0.75125412473305808       0.80300965814892256     
   1.2565653892584647        1.4845098539067698        1.6893205470221146        1.4621806594362012        1.4221458610152029        1.5572156857295365        1.4274741744105499        1.5634383042558715        1.4271248919731496        1.4613025112259066        1.4115202682567718        1.2564112778996563        1.6306817243176515     
  0.36851048578172818       0.84840174782166800       0.42188856630917776       0.82822414200315986       0.80469887229208392       0.74832848957386711       0.77641231630233098       0.78495280685681179       0.76315390765460644       0.74358332784168013       0.83135141280096436       0.76987822724598798       0.81995516537599900     
   1.4258319821859224        1.3267054327787613        1.3813260632346749        1.4709802647804813        1.5630933091066228        1.3438346908636489        1.2992375277945423        2.0408585184492862        1.4288463446391970        1.6073578142449023        1.5290248111284408        1.6126843035853773        1.4559969309824201     
  0.42728140873746029       0.86128280947995461       0.43942785921850452       0.84301329692201266       0.81771870957961867       0.76092402558755357       0.79163367482446911       0.80222414496986694       0.77738738984541456       0.75083056452156616       0.84416915011015892       0.78813127503942892       0.83580730210026988     
   1.3973920263586939        1.5413098316433680        1.6712582859909744        1.4302615046323310        1.2291963032207358        1.5672380147907337        1.5165552960498376        1.4662400184383406        1.4543624935500492        1.3650160031120311        1.2906106460785043        1.5796299304254462        1.3240001727140163     
  0.48238663691386680       0.87275434591652945       0.45806496713063255       0.85733880471252411       0.83011716035162741       0.77378831831033579       0.80799890774157102       0.81964954294040504       0.79299012225458843       0.75721886421748252       0.85782282397577991       0.80682849473200957       0.85020759968575688     
   1.3907698606294947        1.4003044597737437        1.5267892653605422        1.3525406423812314        1.3263636212830199        1.3160989210877869        1.7772871879329597        1.5954278857838382        1.6055791134476647        1.4244369670396719        1.4267188468502570        1.5824137299059435        1.4550225007888291     
  0.52946529701727496       0.88536067730109647       0.47829341849997065       0.87149336794386167       0.84208239585542055       0.78703339761982127       0.82624460725541893       0.83785514208598144       0.80815367237520874       0.76338383450381309       0.87159886552044574       0.82449247254576385       0.86310105839795181     
   1.2530712885738189        1.3811425680248341        1.5248467932435583        1.5746751323758972        1.4642231893830904        1.3732819672359386        1.7959673732752557        1.7519627961250905        1.6767932107308994        1.7471798533782013        1.5070683528628106        1.3440666231193763        1.7609945576024466     
  0.57229954810152206       0.89880892796087197       0.49997100484169676       0.88554804014887922       0.85503836188749271       0.80056929203912919       0.84502813309131886       0.85691717896830366       0.82365053878861827       0.76965722429992356       0.88229895148087234       0.84029812037990737       0.87447861930106829     
   1.4808489010820065        1.3846278864418853        1.4593228456585132        1.4114153411093853        1.5341404871603441        1.7933734634542671        2.2760825815557717        1.8149641597668038        1.4758203356522246        1.5599980785216827        1.4811841551849174        1.3991624364111206        1.2476597430588907     
  0.60487383373977621       0.91279292610130669       0.52608671444176747       0.89848992039554409       0.86957881618709476       0.81445787945233350       0.86318061121222411       0.87510925266093409       0.83981858536457143       0.77665951944527345       0.89105365637945788       0.85611489993290335       0.88484961124304073     
   1.2527330232004086        1.5399650119616175        1.2820755920643103        1.4264829622519419        1.4192808116551956        1.7216729383858607        1.6268096603400839        1.4637508965206876        1.7045065270386874        1.8007877577576521        1.2070193042769346        1.5494451794321020        1.3740701636633095     
  0.63616721336307036       0.92547547822603804       0.55670692829250024       0.91179643102307373       0.88517248655786696       0.82848059930811402       0.88103488994781187       0.89181257263395597       0.85722367664663301       0.78433727334170633       0.89892030311463866       0.87135067015567602       0.89613958868855337     
   1.3696970180667294        1.3443295080506086        1.4224746466815885        1.4770897141354824        1.5101243483654780        1.4764689394230086        1.7744256771792155        1.6389017799244028        1.6402994509653348        1.3706443127923100        1.3736465857855820        1.2892240556610741        1.3311133993872537     
  0.67193194785067023       0.93788630533653561       0.59320507710577131       0.92555653524854975       0.90102286364086015       0.84320567904111043       0.89893262287292597       0.90900887092622407       0.87467891801486664       0.79367896985596109       0.91191053553482759       0.88896586008496525       0.90858717334771799     
   1.3588620266469249        1.4093238220268915        1.4685894110324360        1.4953424330462501        1.5214476836204274        1.5108081433168798        1.6390620231249697        1.5665508510040136        1.7667117173901685        1.5593175855947132        1.7300318442888289        1.5296590678180912        1.4816519031130282     
  0.70691480131799511       0.95043570368651065       0.63644877619349216       0.93881202266332764       0.91711886914018559       0.85945245721787544       0.91592361439368075       0.92476940670003516       0.89052828285690344       0.80540911558095529       0.92451516997149930       0.90758986832626021       0.92192926200111813     
   1.5791507674160541        1.4952927229157880        1.9010156776154468        1.2799611878876918        1.3584175127135993        1.6341418886026431        1.5074469618419337        1.4789427175415346        1.3899649496024222        1.5968487847278401        1.6276513758408679        1.4177050752393974        1.3059494249724091     
  0.74170041857472491       0.96330650695922304       0.68532287752147947       0.95222496266617807       0.93313071832687999       0.87899252332628264       0.93180401096987941       0.94117929588737970       0.90690305844500774       0.81897000993108848       0.93773300194593912       0.92733843888679890       0.93730771169711435     
   1.1976535004714539        1.6021285507894893        1.6665582136896449        1.5924842626533597        1.5135058028915533        1.5851227531760634        1.2635412192619868        1.5683894470969311        1.6618954275182161        1.5588775394517864        1.4331213766355861        1.4826487443940655        1.6016339489659936     
  0.77697899627076350       0.97506573017995291       0.73841756584650264       0.96461909802037604       0.94917723818814714       0.90348789027031973       0.94778625510858738       0.95712519623166636       0.92416682974729192       0.83526178122434369       0.95221320972419665       0.94672060439497296       0.95359510619256127     
   1.4305477670450315        1.9304976472903366        1.5903421128699613        1.5010165039675742        1.5153397422582287        1.6623892643573683        1.4162556761476022        1.6957741965069544        1.6465235346162355        1.6781647764765775        1.6681032432848968        1.3692495713049291        1.5027008090802954     
  0.81715556923672572       0.98450904179393961       0.80589152729408542       0.97614862452071882       0.96597278732434511       0.92992718365246629       0.96527332826449219       0.97277271768329565       0.94430946510577563       0.85390490186032575       0.96680741090470623       0.96496568178005948       0.96960970207834474     
   1.1939789785906807        1.3156859062265593        1.3159219767707642        1.3546105029898192        1.6208558439043736        1.7378518342242304        1.6383677342283387        1.5529925108297551        1.4931742490963247        1.8498671052244504        1.9533133973305667        1.4043585536337673        2.0786891787391819     
  0.88378485738074797       0.99256356339508689       0.89637849096677846       0.98818504964515508       0.98235978143819935       0.95688604880213235       0.98209257286422025       0.98613257202011606       0.97060588421009963       0.91076913712035534       0.98229669357802529       0.98219018099404443       0.98431099308060543     
   1.4874437580876347        2.0223713030499932        1.4345822970770430        1.2307277717889349        1.3625822045636460        1.5313426905728338        1.4696670423459450        1.3904140927871542        1.8831204926375456        1.8842817556665290        1.3820016048649724        1.5191258410628081        1.5920629815850065     
   1.0000000000000000        1.0000000000000000        1.0000000000000000        1.0000000000000000        1.0000000000000000        1.0000000000000000        1.0000000000000000        1.0000000000000000        1.0000000000000000        1.0000000000000000        1.0000000000000000        1.0000000000000000        1.0000000000000000     
   1.2500077419391349        3.9331257128795514        1.4300569771688803        1.3682688141482675        1.5365236721510460        1.4274322261585821        1.6892664531258295        1.3000844378607472        1.6853422342129765        1.1079696234862049        1.6135617912779352        1.6440737032135875        1.6185942003678768     
   4.7734317511509046        6.0378780353174060        6.6280231907996647        8.6470375334113729        10.535216638828508        8.7524638789898894        4.7716039870037905        6.3932319451307134        4.8008789049740681        5.1149608631719472        6.5221806129295574        7.7523996760684133        7.9382510478698043     
   7.6944837354665863        6.4071402025267936        7.9585247569589574        7.9177172374504687        6.5455282843195555        9.4428027524727600        3.8442587268625479        4.2365098487651078        3.5906228817048254        4.4588333922712202        6.7636388105558813       0.70660940160253005        7.8811408331025845     
   6.2914883988894870        9.6952334209646320        7.9354232021876037        6.2703028408271475        6.0831083519673577        6.5913396000770215        7.5336019689283686        6.3085379609570698      -0.12442295141583404        9.0315560141538427        6.8288006571223905        4.8038092824002376        8.2805540257381498     
   10.982618169106741        4.7045580901909236        7.8570243518907414        6.3347018931271553        7.6356945641654379        4.7273647622283823        6.1845816743047033        10.343277213230879        7.3290465957475002        6.3267279766764322        5.7264656780165346        8.4531437192063681        6.0443213333762937     
   7.9691750202214262        9.5137207349255597        8.4626050875786554        9.7024222820233241        6.9681293048059718       0.35269163334284848        8.1725477663520394        11.982091577036037        6.2687011047253423        4.5570569936309351        11.262093482274128        8.8561758244667672        3.1997031053452649     
   9.3213289376092359        7.9202557884811275        6.5819745688249318        7.4763285959097647        6.8946914453731534        7.2897998576230281        6.1949685909870098        3.3285120934898678        13.280487365742168        6.8312716319829798        5.4295903210620393        4.4774686782131621        8.3389843773410401     
   6.6031416811559556        4.4166317220722124        1.5259184974683688        10.996299840441106        1.8697921478662600        10.626281220514162        11.821996522058006        8.3048079039140728        13.590305859248451        7.0035539662009816        6.1690448716112760        6.4527420623009126        2.3412873977713873     
   10.214739674682674        10.592536215723047        7.5648183940872551        3.9488751772734796        7.2630414452914955        10.838972120702156        9.0674049121288807        7.5569479655709042        9.3725422348299237        11.103476849885057        10.654652958700389        9.1934977862372467        9.5231616180752159     
   4.7607382357904200     
           1           1           1           1           1           1           1           1           1           1           1           1           1
   1.1649965260101567       0.38722461959052157        1.5118264904761093E-003   7.6854116878133594        2.8424318904074104E-002   4.9222689200923387E-005
   1.0177061582921594E-002   9.1900128922917431E-003   1.9382076068287242E-003  0.11820080399288183        1.9380502527073789E-003   3.5297112517604587E-006
   5.0000000000000001E-003   8.3363685202420719     
