   0.0000000000000000        0.0000000000000000        0.0000000000000000        0.0000000000000000        0.0000000000000000        0.0000000000000000        0.0000000000000000        0.0000000000000000        0.0000000000000000        0.0000000000000000        0.0000000000000000        0.0000000000000000        0.0000000000000000     
  0.24007845169297490        3.0923850768897693E-003   2.3980495412101615E-003   1.3607433631871692E-002   1.6295892278382126E-002   1.2813891640238951E-002   3.1302696783782155E-002   1.6790620158088656E-002  0.46685224384848129       0.16684064864289300        6.6875834337367421E-002   1.0824116954566233E-002   1.3077948221684600E-002
  0.70764832617799089       0.89288051008923564        1.0463232003760610       0.95140431918981494        1.0579099172066120       0.93569628621629430       0.84596424667442482        1.0112185002959595       0.78728103688000850       0.77459309758599215       0.92740470999770575       0.97544719423214943       0.83165489804874704     
  0.27144761384449900        6.4473824995720510E-003   4.5467505021088636E-003   2.8167337574730208E-002   3.2246935045652916E-002   2.5511268807751029E-002   6.1408259239017896E-002   3.3633375875429361E-002  0.55612223464116117       0.22254785595178347       0.10952846357366745        1.7416041750500499E-002   2.6046145382694216E-002
   1.0591231026423720        1.0245254808790698        1.1132607272030761       0.86558507418735764       0.94946121243109194       0.87335019671088632       0.78659428133454767       0.93244904223768033       0.98439687339816428       0.94495879391021298       0.76927376196260877       0.83355294687138504       0.91148927485138687     
  0.28672112832374114        1.0247483458855041E-002   6.3494468733732226E-003   4.4021741507871512E-002   4.7799277041529670E-002   3.7564467313295449E-002   8.5697551670144534E-002   5.1467570495447167E-002  0.60213606932469710       0.25471053434517160       0.14539302418542599        2.4264018209150563E-002   3.7760815637702436E-002
  0.91478116043888258        1.0683266003324012        1.4043244007901372       0.78892205046511632       0.84988845979968586       0.84069476766665285        1.0672055060100403        1.0170619789690265        1.0200389025161760       0.93545500959706385       0.87934400491079501       0.89907464763612255       0.78728103688000850     
  0.30123061366975279        1.3721530939982667E-002   7.9592134752654066E-003   6.0552657442341937E-002   6.3951726813998730E-002   5.0195390982360269E-002  0.10872018127926336        6.8574231292362217E-002  0.63785134968616097       0.27629261998406762       0.17629261348155290        3.1574464140084663E-002   4.8967972319645850E-002
   1.0686344349616808       0.90703556190872348        1.1140616658504510       0.96505579681271503        1.0080691703054336       0.82413218237287655        1.0160885016522720        1.0138946907963919        1.1327341838725384        1.0841646853750246       0.84043822193971573       0.90100082374160628       0.84907565284968456     
  0.31525382675844721        1.7348431235475598E-002   9.6429384919064377E-003   7.6367003479843557E-002   8.1377997086106643E-002   6.3559233972724852E-002  0.12993666222923517        8.4356012368800692E-002  0.66658042969096698       0.29463652483550612       0.20491010595736081        3.8318262789525666E-002   5.8759688000881452E-002
  0.94494032330917521       0.89624900324074031       0.90501641181643011       0.98366797545029971        1.1728369123688265       0.90199466008122919       0.92947272693165695        1.0710036503370806       0.86036330866979216        1.1401727009853984       0.85929082888089492        1.1407435123557359       0.83213594889097198     
  0.32822603266427780        2.2343529026874309E-002   1.1481581335613259E-002   9.2907284495137743E-002   9.9226642672490456E-002   7.7170544312542194E-002  0.14855425896660185        9.9298170058172638E-002  0.68657397773530371       0.30906797522276069       0.22684306965267312        4.5684223807804548E-002   7.0775434015154098E-002
  0.97215408405978454        1.0029983836118432       0.96902546873288387       0.87841935493318746       0.94445763279715622       0.84719934955175369       0.92491928420465375       0.87909656877201936       0.97916668030503051       0.86066206540659063       0.98080846873400296        1.1841397711090038        1.0007744648757697     
  0.34433520479033919        2.6738739931289959E-002   1.3434413566876590E-002  0.10965496456067375       0.11695899524329469        9.0670711065581444E-002  0.16806957730319624       0.11517692079219681       0.70369726512624231       0.32243337993325916       0.24561980221778393        5.4627846929535852E-002   8.2925676190173145E-002
  0.99242294142609166        1.0795231990794090        1.0235594424288834       0.99781163496991521       0.81060186573004978       0.88659388047529419       0.89286887780819058       0.82725468854980844        1.0380816159203039       0.96710652506964856        1.1547934962799258       0.84299920665198702       0.82414863376384129     
  0.36188846921220674        3.1992609555518574E-002   1.5603631062855746E-002  0.12460395096527352       0.13355697881570000       0.10458774208817331       0.18584857847798156       0.13262495937777993       0.71844143754243694       0.33491508577449691       0.26315447503727551        6.2513090964582102E-002   9.6618460729891179E-002
   1.0248330391264473        1.1243863769483546       0.99705830139785656       0.80259510098970199       0.99973289945608490        1.0745394131645611       0.88538659083808036        1.0475795377051027       0.79768455012655293       0.95003034046946178        1.0260736408218181       0.90295877410688052       0.80326859584536947     
  0.37827188063190870        3.7297743734369837E-002   1.8138982774800794E-002  0.13798909595390768       0.14859517134293937       0.11977771635319261       0.20210793723064627       0.15128162519138466       0.73120827563081314       0.34693117991367867       0.27836770479476819        7.0810653324198045E-002  0.11157530184225746     
   1.2706774056468462        1.0732852562368997        1.0170641493753145       0.94827080746415615       0.84134470411180073       0.97793112125304804        1.0744182701897920        1.1869678694634607       0.84733562964757614       0.97788060370594132       0.98974292248120377        1.0331669630461808       0.85173953131637048     
  0.39387239715106526        4.2447402375549018E-002   2.1032591723158970E-002  0.15359399665790271       0.16234565523993930       0.13605909344605741       0.21716718975091798       0.16784453404172880       0.74356063133901318       0.35868716209442647       0.29216708447348438        7.9763657911372979E-002  0.12682299976901654     
  0.89801245733772062       0.95352676479959309       0.83711249057096926       0.93615226368755533       0.98121148795601110       0.97788691773017922       0.85715808633263679        1.0471689494925942        1.0778523508132094        1.0646973882154538       0.85876293883870247       0.99417340656189390       0.95763783987981832     
  0.40906636456944662        4.7519452650591508E-002   2.3910554098108865E-002  0.17099815571801591       0.17587845531144464       0.15218535502779801       0.23237926082135896       0.18346733207270943       0.75612005403496574       0.36954128064292979       0.30568414294218560        9.1275061392476681E-002  0.14205284973666971     
  0.98617828599494128       0.89987016977820644        1.0119284019535841       0.87180859271794486        1.0840618152389978       0.85241001045065079       0.97599516455064361       0.89822721623153068        1.0175683798658528       0.98365643972502159        1.0139292258529304        1.2097321430608532       0.84275514733633083     
  0.42332065217848353        5.2629068912256341E-002   2.6931021208517095E-002  0.18816834027657184       0.19046372318350274       0.16849574713094584       0.24706185145106402       0.19903521170214167       0.76778185265313026       0.37987084659821657       0.31857778771639977       0.10465810971158364       0.15719798843360341     
  0.87587493406288863        1.0744545568589032        1.1356137417603998       0.83039733035832919       0.87770795206291807       0.99528509296092782        1.0338940782599380       0.86770513625140144       0.88666132463380143        1.0274122694755166       0.93631757723277687        1.2466917073470869        1.1666917100055489     
  0.43679266057772481        5.7921562772143408E-002   2.9958555917778341E-002  0.20779070456347762       0.20555188816075393       0.18489026825121527       0.26224166658582976       0.21533896553913529       0.77757133766069741       0.38922446447032316       0.33369371483541788       0.11848844691172655       0.17143943487623373     
   1.0351810641238719       0.88478377011943588       0.91507238018981540       0.97195888359189575       0.82220956060508255       0.93368481771055079        1.0620849798181371       0.80331944316671411       0.91411286097644284        1.0551721408949661       0.96232563326685783        1.0480850585690271       0.99664213089742615     
  0.45000984606690375        6.3503453189787423E-002   3.2961140870109859E-002  0.22929584293096492       0.22128269389227573       0.20090809614332339       0.27325353425143589       0.23150160522280830       0.78585058674285246       0.39747229186116845       0.34791648895092014       0.13188188985550747       0.18530431082758714     
  0.88121854223938278       0.89829051486040068        1.0244281274313423       0.88567892397124648       0.96248562855872666       0.95590040192918069       0.95414156882998280       0.80107530092749657       0.81857177970264883        1.0141686495460667       0.87063909989875443        1.3349016368579971       0.76893215282754523     
  0.46366575557574369        6.9218225736938047E-002   3.6274419268838246E-002  0.25120628600581274       0.23726146930768061       0.21665828929374609       0.28335207948025398       0.24819741037832455       0.79378053888335465       0.40482917452851935       0.35955265466714598       0.14498697232250551       0.19859532774088243     
  0.77501748814829741       0.98820906723873725       0.99950404605180132       0.95237176485507569        1.0118178897130625        1.1373961294509274       0.80769502058786846       0.89569189680263883       0.95969219243530390       0.82219560213925391       0.91297708813089107       0.93709388039177244       0.83026195251721224     
  0.47764294538887991        7.5163339291761055E-002   4.0125522284295258E-002  0.27253966093289134       0.25519209307199775       0.23300341339247838       0.29343548596127778       0.26323355006035942       0.80169551696666674       0.41181699324576349       0.37148609588217257       0.15961679921984892       0.21022353315476822     
  0.93943499109985584        1.0976721656805468        1.0862357733622883       0.98886704319829488       0.81309383412797198       0.83755610927158830       0.88786319559798199       0.80998482155178431       0.89762930502819771       0.88182888677056781       0.91602232034452491        1.1058593604506832       0.92614694812566722     
  0.49159366099534513        8.0832763731156054E-002   4.4219748048125021E-002  0.29418908296773094       0.27383662758278554       0.24973265680291437       0.30233086857214636       0.27730049657594819       0.80866754795007179       0.41912586598597329       0.38397350658209800       0.17088815888494577       0.22172828646106038     
  0.97517143983115107       0.83314218478746349       0.94627673276106650       0.83071830658756496       0.92021614828735832        1.0271910994633311       0.82575485100314239       0.89066888895417085       0.93948752143058500       0.83578543955512397       0.94092416350245922       0.82015549504326724       0.82923174065673422     
  0.50528512504126377        8.6405919208697141E-002   4.9285118754902754E-002  0.31231188005119503       0.29081296447805505       0.26502356497432761       0.31208194532799033       0.29181612273303553       0.81521066109374329       0.42711052226698354       0.39768571780706874       0.18371350829301278       0.23287873856145122     
  0.91083333956957235       0.90106397977647423        1.2553274189307206       0.95651383502147536       0.87976270259317535       0.95128973616185453       0.89248968192051070       0.89677452281872261        1.0082781045999474       0.93029701592663028       0.98092285642679033       0.89482999173022826       0.86158884596218077     
  0.51902092481541062        9.2652591460611694E-002   5.4629037795507464E-002  0.32917679367713709       0.30617092015623876       0.27963713835474030       0.32330278092641801       0.30587085142993714       0.82171553861987301       0.43546522080153843       0.41195408836148145       0.19444538456430327       0.24482935799546790     
  0.95362760743826347       0.98347314881286430       0.86547156425262861       0.88603465620288524       0.97194741678335894       0.85331554911943641       0.92448287355251468       0.84270257740972387       0.87961640321391188       0.90496419296090891       0.89860827332267157       0.94461128678544637       0.87358784204034057     
  0.53067297734892038        9.9179750807599609E-002   5.9959702744660913E-002  0.34639409803347149       0.32167320310767517       0.29366276524167800       0.33436785498472971       0.32024493598794818       0.82917499216286306       0.44293849586571360       0.42643875014612004       0.20590246650762425       0.25947557866887550     
  0.78666543150277213       0.85585755218560466       0.91822847935313512       0.93566739472058524        1.0789813997981281       0.87604905701871127       0.91344326116447205       0.99539452802104333       0.85100785350163555       0.97256659989326455        1.0633944185172886       0.84998315200843910       0.95736621144906675     
  0.54018375969688714       0.10579749678011782        6.5635282574826814E-002  0.36346504891461040       0.33774324864380989       0.30710076917582635       0.34591552174681162       0.33529875833665757       0.83647528767417734       0.44901712186319770       0.44026609550545837       0.21850834646078116       0.27520404319767955     
  0.83127717813595936        1.0648338609644210        1.0017729269069837       0.83534056915906385        1.0360437759021250        1.0675606429236557       0.89687160599979798       0.93847716134942449       0.99676075807711439       0.88099158905097286        1.0783866935744841        1.0800399680492672       0.97843289006630674     
  0.54977493731673877       0.11258917189136548        7.1779937399795782E-002  0.37983958563479298       0.35413552906531087       0.32084240444379858       0.35881430817648935       0.35078582807794534       0.84353508736327465       0.45474048682071860       0.45314619158902986       0.23180592009751261       0.29194020937027199     
   1.0174353792654729       0.91041244910978258       0.88115800448271653       0.83563169890682110       0.91280500878089155       0.91557922031257610        1.1934419822411826       0.94414663846515368       0.81366181243953573       0.88605332738251541        1.0292191417245311        1.0415285753154400       0.92176070802094690     
  0.56135783061449573       0.11904760288137479        7.8474221392464794E-002  0.39429461794415949       0.37122293505918230       0.33507068699517473       0.37176959395564735       0.36625161619625785       0.85003701668157128       0.46079505359678624       0.46682094657999756       0.24542061782268926       0.30908337211108072     
   1.0022401225348305       0.97873801423307538       0.85148722099187146       0.92176940285305176       0.97452911140863963       0.91686029420321369       0.99935027384739550       0.82802859203511725       0.81286585534293065       0.76382861669117463       0.93198108470026297       0.94233620950372865       0.85045940634334261     
  0.57460876161738128       0.12572622677478998        8.5770487492667927E-002  0.40991332076371478       0.38878173959697659       0.35020446253127085       0.38446349795711865       0.38111270238651529       0.85615001460720996       0.46876326157884313       0.47996659056472707       0.26076793485955940       0.32609010259571453     
  0.92011301459976358       0.95874891846174659       0.95340029769269963       0.85143232496667542        1.1231072944208291       0.99479033435399977       0.95209910182434376        1.0547008079829936       0.88616825502151775        1.0033339977255669       0.88725903953690766       0.88467315945874136       0.91958020234020854     
  0.58712416054586292       0.13286262527777346        9.3029665708796450E-002  0.42741435644778630       0.40648576214831000       0.36564970787779921       0.39678063505318789       0.39657305550849159       0.86204463459003222       0.47569139186617093       0.49428149561067525       0.27810453587384726       0.34249101908655250     
  0.94446364149326445        1.0739025831981837       0.97794165624834350       0.81317657758120843       0.87425084054036206       0.85740657529650843       0.95862491201348843       0.92500726087033414        1.1907752680380024       0.90768906301278818       0.81531827226483533       0.93037647341966478        1.0731587014378825     
  0.59889034288247145       0.14047897070425341        9.9052382488980018E-002  0.44570318830078082       0.42419456358187518       0.38156208676178349       0.40809818029737294       0.41414983303275588       0.86748396812707174       0.48044592486196530       0.50894870467125342       0.29634226886787080       0.35820531826113999     
  0.84856420204877203       0.92351563128796199       0.84026619035262395       0.80466562971686895       0.99178137112583153       0.95103865733576687       0.96002492332666700       0.88035091902460083        1.0170947113792499       0.84039640191191090        1.0451747869195942       0.94570387692256008       0.97817908190473801     
  0.61052015473399779       0.14864600068704781       0.10523990551089753       0.46436936805632895       0.44120399188265114       0.39764985763247063       0.41863306267946016       0.43047784950723650       0.87281067722235572       0.48514714853468444       0.52298782004965494       0.31457544201020987       0.37354187819649221     
  0.86172949467896787       0.91969395733543668       0.88117995868631449       0.84288183593125210        1.0776552474313639       0.89861261810035975       0.90660561799235073        1.0807257776477652        1.1255459495122231       0.87953555480784962       0.83564028892107456       0.95087902213414000        1.0499593278440904     
  0.62207023846106069       0.15705258140454245       0.11217594920759698       0.48497598197232195       0.45669524382159277       0.41322794049486394       0.42932546844150682       0.44494929361853025       0.87799896522328624       0.48997787420016342       0.53800365451952981       0.33301402274476855       0.38861541414753870     
  0.83543699652777503       0.85913240579139305       0.91314952478848654       0.94798030363528429       0.89968098399281304       0.83727266798749012       0.86169120364326390       0.97684017580650384       0.88926245171830498       0.83351844053515178       0.86475081345277904       0.99478682666127849       0.89030839305978438     
  0.63359663393761412       0.16579251902274222       0.12020116034810949       0.50583609624532566       0.47094773273201618       0.42805040245024295       0.43962416592252646       0.45923753075214996       0.88285865156245824       0.49535947493502336       0.55348420485145033       0.35157136783866483       0.40477774172879977     
   1.0719058789309801        1.0381215152158831       0.95371908290694529       0.97591664167815240       0.89510274740033013       0.82203424861845820       0.83823474104638473       0.96963618888884473       0.88491173750310681       0.87201075596260103       0.92779586204000175       0.87145142275701015        1.1796407640674829     
  0.64543993292904811       0.17536579278632258       0.12909672606883402       0.52687588340515079       0.48527628875521645       0.44283243106322534       0.44965525043012572       0.47392833753152452       0.88765186745598634       0.50189431656376871       0.56948165338051093       0.36905651656893712       0.42134786911852629     
  0.83002798849988579        1.0793571277714455       0.78325880664674141       0.83169500932929719       0.89710495033345816       0.99398213919114409       0.73302725457627416       0.84580717664095928       0.93079477646341835       0.87227961486043304        1.0198604677109384       0.93521534583649224       0.88983424003170952     
  0.65766388733295411       0.18517863266080892       0.13846318436849889       0.54726693469969545       0.50035736367275618       0.45819205191853435       0.45967789918935253       0.49064233462808360       0.89240915293128154       0.50854530225165140       0.58637682883122222       0.38523679282623802       0.43852687388585249     
   1.0362356903202992        1.0786721440162232       0.89052161342914382       0.86104951347954262        1.0396434555703411        1.0221736628195666       0.78728103688000850       0.93054520082094649       0.91088967570820989       0.85027260983932584        1.0191500919666376       0.94168815203350265        1.0600150014602687     
  0.66978416128836826       0.19461968223437470       0.14823301567413205       0.56777825387314640       0.51668977048518372       0.47309927660404527       0.47066700861595817       0.50692258249103317       0.89704758964909470       0.51499750948078382       0.60418909354449502       0.40123040640305624       0.45620176223964742     
   1.0293170669977612       0.97436896524110084       0.87248625636697597       0.98626778841456786       0.85197316499149489        1.0167636751622537        1.0555275847885353       0.93658910086727398       0.79168458299734501       0.81842190789930369        1.0511103637370447        1.0179623440937349       0.87897708696066101     
  0.68182473381594988       0.20418922140829113       0.15823373678702560       0.58655326229449944       0.53331732695101153       0.48902093413859832       0.48180645603863709       0.52181079938690511       0.90155358011543285       0.52158059005140900       0.62257193244669595       0.41783153320748995       0.47436289116415226     
  0.96066745171082935        1.0519474235248563       0.80506821362941217        1.1154675310477382       0.92012318388877468       0.98090947892287783       0.98436141214575168       0.86468879953843925       0.96682297707911458        1.0437921516221307        1.0134384904262919       0.90266784977649228        1.1380748800518805     
  0.69420944959554809       0.21386860524721141       0.16827336321561834       0.60359014168732406       0.54933075483940486       0.50497871668302341       0.49315971034440576       0.53652912991074519       0.90603655238648784       0.52891396323026907       0.64075680083054032       0.43458591799162066       0.49317111443482664     
  0.88044013907497376       0.83750349364750931       0.80694039852793242        1.0857329487677458        1.0627319367392198       0.95297555515693155       0.84446678114336926        1.0996363380614262       0.89986943720702028       0.90588183473251993       0.91702801722782656        1.0059277666935305       0.91180285092035862     
  0.70680759605754040       0.22512029014921880       0.17885424736424313       0.62068119377259745       0.56514283787057273       0.52126497076212641       0.50466699143164540       0.55029348157315838       0.91064415729138382       0.53650928025724842       0.65931302127112401       0.45211554700380618       0.51069981137615905     
  0.88305605349805749       0.85059486178747656       0.96041240121247695       0.92331732406170086       0.80659424771945365       0.99613099618765688        1.0658055357786937       0.88413675186633578        1.0126010615128160       0.99143143804487743       0.96490247244537941       0.96631275666132488       0.93790378357902060     
  0.71929345102527620       0.23666490498118115       0.18972405504500930       0.63701052550843429       0.58134593956202563       0.53750063082643540       0.51588381898789337       0.56403601497884726       0.91521979473438786       0.54368729888276546       0.67778283578173493       0.46944925058423781       0.52767702488587054     
   1.0097570693866096        1.0254929019003027        1.0444242841434102       0.87319139097903553       0.99548566783177839       0.86524917039862537       0.89605586608895493       0.92656226656837104        1.2063162091490218       0.95374278469688323       0.96818854865927884       0.80829350677299572        1.0549558451889520     
  0.73235567980736871       0.24870829549892676       0.20159266197149253       0.65299799927213431       0.59816500789377425       0.55536970399579777       0.52690882515270721       0.57826798876965968       0.91940523571331834       0.55046209377211697       0.69551429575882884       0.48577637192609413       0.54540461729798473     
  0.99942592404523689       0.85587882747307986       0.81651877973388265       0.88422647960578948       0.89315340080987882       0.90485126061124210       0.92125460799214987        1.0157410463021774        1.1555813806942927       0.78406527665760817       0.99420197600247617       0.99706159545057438        1.0929464773047439     
  0.74503636797346018       0.25904412714170511       0.21491212491994818       0.66897373592814657       0.61388294188934578       0.57548996224247939       0.53794493371857843       0.59459437071960841       0.92316288181368833       0.55695000552941476       0.71277101105098839       0.50172357063110173       0.56095366513303724     
   1.0392946095128592       0.90606872770977798       0.87065670166111264       0.99426289935264556       0.98299292957212614        1.0264507854830214        1.0680168591342223       0.98677764935343315        1.0115966711858440       0.88810187753052494       0.88582087233056006       0.83540812721962643       0.83293962907689889     
  0.75726689116683144       0.26968726049717928       0.22986418261763930       0.68493548275130323       0.63157819406147964       0.59593044268970907       0.54916961245163420       0.61279794202182269       0.92685866038861497       0.56368859099057056       0.73011174250292876       0.51792199681091922       0.57587832955951113     
   1.0253732434904399       0.83039733035832919       0.90150006734860244       0.95824856971220451       0.92214160423996216        1.0810713473740792        1.0649526773138611       0.96888292328049352       0.86648385743715228       0.93604592033109502       0.91723598387308292       0.80951798644434547       0.94027250436389953     
  0.76891457061240309       0.28139038895716539       0.24424926693531387       0.70115255226942119       0.64756008613417693       0.61407365796876556       0.56065808412758056       0.62898483308109221       0.93029218009664039       0.57009489335405417       0.74686153767140051       0.53558500377746832       0.59115658129261039     
  0.93689575699322281       0.89863463063022619       0.74640344853156404       0.99709640791620058        1.0574428900148005       0.94159812999021797       0.84599467003960915        1.0278473764216505       0.98718032460472205       0.92111183860133961        1.0678961707329224       0.96769458896461757       0.83216558588805178     
  0.78047880957730020       0.29418214422157712       0.25892698889664001       0.71603056091956829       0.66581008322510515       0.63073411970182081       0.57108140947520636       0.64431195448480494       0.93366445343249427       0.57615061389517885       0.76383376171889761       0.55381293993693193       0.60499151699758547     
  0.97946276768936036       0.81380475600258217       0.91456041551067047       0.88195055320718252        1.0494548569328934        1.0507952492960690       0.89978720416062685       0.93998432758894424       0.93580523587990383        1.0325995620515174       0.98836948175595607       0.98299542597022604       0.97788535919774755     
  0.79193551484710711       0.30833344925626738       0.27499780832037846       0.73081988133067644       0.68401061156770082       0.64626463394622957       0.58140402750238884       0.65908168356737429       0.93639327668962158       0.58235139955637061       0.77993547500785021       0.57030392427632726       0.61885251435082156     
   1.0479184472980725       0.91499267637491921       0.86063554423189614        1.0106384637074248       0.93672180174429287       0.89874361524805424       0.91072528360858807       0.84339577722000714       0.87581299787195688       0.89954598275928188       0.81502361877870977       0.92870776904194063       0.77901879858569612     
  0.80433385054102224       0.32296063498301225       0.29393240362621026       0.74584119664266979       0.69967836080054391       0.66109346298644689       0.59246797618718994       0.67545257307078377       0.93903164848755283       0.58857066272276259       0.79531473778596673       0.58572801004452546       0.63289676677501350     
  0.91393841477410676        1.0091858054665523       0.96962219840034780       0.95202114514339531       0.85081360468185108       0.94435202100431059       0.92924609365302424       0.93941345742870452       0.97971931132743917       0.96124414156918114        1.0412330375603716       0.96565639489578636        1.0453294876479944     
  0.81658177385502151       0.33739563213261420       0.31327795458687535       0.76010232391851662       0.71351563974325072       0.67454986919424875       0.60438522935640115       0.69134343311058644       0.94155037772708117       0.59559684885431308       0.80989814516489267       0.60098205367604174       0.64727801687051478     
   1.1646186752825844       0.83283845872140638       0.82260348798629290       0.90357372220690191       0.91724719324135595       0.93501900295455431       0.97386446718377351       0.95275108244616069       0.76336729992334895        1.0220711423891451       0.90333402593990997        1.0136167205163249       0.99917309756858275     
  0.82805245177672870       0.35191370467483274       0.33609221302335301       0.77377059940604953       0.72821990541306170       0.68641911112242582       0.61661408387204042       0.70708214595708074       0.94416591010400230       0.60262641156167840       0.82382504513245924       0.61651356422477221       0.66243779309098738     
   1.1802518314795691        1.0416645241208955        1.0057026171707752        1.0919621095038852       0.88650315604634056       0.88382609081249341       0.88956059673897914       0.82084757804348507       0.79879758612801488       0.92276485705520084       0.91760397120725035       0.98597723102003521       0.86391479776066860     
  0.83898288393392750       0.36679877691524071       0.36078126399335764       0.78688094797240471       0.74160253627204464       0.69917795248580938       0.62918033962956854       0.72166937015257793       0.94688582593133963       0.60947540939951317       0.83776337825966696       0.63287634152506245       0.68010575852636235     
  0.88719446196558649       0.97008982549860701       0.99261905029732633       0.97535235096786066       0.87039260100860227       0.86819244986406097       0.86937473441255808       0.86210464798317699       0.96007942878404573        1.0008150376334375        1.1268862454201716       0.83308987986571126        1.1109304129389701     
  0.84984557984696862       0.38127833977126585       0.38745444783281147       0.79971303248079817       0.75407537534947189       0.71205323081649785       0.64189714116137520       0.73577239240744419       0.94975217688872271       0.61628934619680509       0.85169155515023787       0.64928936621128164       0.69952827113402638     
   1.0358716230295382       0.93883406299293304        1.0283261246006421       0.88287332655190287        1.0169520517688473       0.85224671507497729        1.0198345003377305        1.0454805639589060       0.92593642609753413       0.98256523256143680       0.84090704847047437       0.86593960974487405       0.92762421751148094     
  0.86078989889016777       0.39741340300241829       0.41450112429237151       0.81278737755528530       0.76725418378304400       0.72590580504838176       0.65453872141481428       0.75008819575932328       0.95259560684278555       0.62303813191149759       0.86463342159249257       0.66440362231765959       0.71906990355566480     
  0.93112175750202009       0.95265617989772788       0.96434305058653835       0.86935161995937038       0.88329448078020267       0.86327258890651515        1.0175261084020157       0.98399671854940307       0.98301318664279369        1.0311426335934997       0.85989245637826706       0.96074727359220735        1.0217215400925510     
  0.87047446560645825       0.41468946508924814       0.44080337427618782       0.82665579388481225       0.77863184229698013       0.74201343627132887       0.66674942659314784       0.76627055798458743       0.95539460208733928       0.62972454101707676       0.87664710303831095       0.67886573312150378       0.73845747268900885     
  0.85783213541224201       0.96531212620472762       0.83797946640701637       0.95261174185244490       0.78728103688000850        1.0020437908264936       0.89078579245199807       0.89564355115837813        1.0401955713080413        1.1034664441394049       0.87688893280351243       0.91167026326047795       0.90164677944003457     
  0.87946479168704239       0.43327165586069927       0.47010125392434515       0.84144645823314446       0.79057775014530640       0.75859662905406589       0.67887020366326312       0.78212723168313980       0.95815611295345637       0.63657147765455535       0.88798573983939943       0.69384427896953083       0.75861894110492412     
  0.86711495938171124       0.91316111589712179       0.96975129687453920        1.1579844529421548       0.74932675441817032       0.83339954720896292       0.79559540875528612        1.0008999182443623       0.87998021841758967        1.0549765449983843       0.74492455597852381        1.0057684027066287       0.99083149363108625     
  0.88784961320224742       0.45276421486248364       0.50315979721930637       0.85649669218829361       0.80344844260819659       0.77433208905554141       0.69175679609946195       0.80053209154597882       0.96100940691195724       0.64329388177696156       0.89924384128571067       0.71048415672915100       0.77896486714709978     
  0.87587493406288863       0.98431745455969943       0.82977020611159180        1.2067808631902122       0.92691075240020060       0.99288574278090358       0.97500211687806015       0.98811058610828084        1.0992055199127928       0.96983777294167606        1.0262073400039562       0.98135000819872775        1.1312180134670968     
  0.89620620167532261       0.47310248305318442       0.53746513227643200       0.87067227172023898       0.81257201670376733       0.78961932740227248       0.70437530584232622       0.81867707293797576       0.96398222282743551       0.65050958132587366       0.90979925332920142       0.73094695195086656       0.79758081558982474     
  0.85751075970414559       0.96341228546183777       0.81133208580366656        1.2445538139826080       0.87232833909227314       0.86066787986154591        1.1350888954567020        1.1566422283355025        1.0797261484834240        1.1443057653503499       0.97224814568271789       0.79808310846420827       0.91244694487144451     
  0.90519690330032498       0.49126344612865452       0.57246837266371031       0.88386738355260330       0.82193214565916362       0.80576080246720150       0.71803385515069595       0.83517766161838469       0.96714799869744617       0.65801554082012348       0.91995882158355791       0.75325997702825820       0.81696782434145765     
  0.98302976379484619       0.84869616050183316       0.86236545929639308       0.89373981443449946       0.86723181460377430        1.0822508090431697       0.99407993990993926       0.95144207339819553       0.93998114190293591       0.91319567137660718        1.0348604919060191       0.87158352312353804        1.0254470036279735     
  0.91352546682415436       0.51137918747868616       0.60728423426401590       0.89619848721986872       0.83498602549110212       0.82499913793972568       0.73200870970929510       0.85139695673894367       0.97035080526364792       0.66612370209597827       0.92868853028181830       0.77703275761676505       0.83532784626615231     
   1.0374510247528417       0.87279300257179293        1.0092687719216638        1.0748650693960529       0.79396815839421953       0.99837721586519523       0.89237620696379027       0.89123351574381993        1.0164546190065162       0.97133898687289744        1.0364495914987015       0.86875633497891624        1.0756253451969833     
  0.92068261937443241       0.53745719830507133       0.64394739020038583       0.90879587133553197       0.84773212269977605       0.84667306205776316       0.74683483319321797       0.86765682604525751       0.97302124405014256       0.67502557095592519       0.93616564808959679       0.80013914124063601       0.85303985624036494     
   1.0818948910982789       0.93586258133430145        1.0519639955914728        1.2410004538639334        1.1020475507872458       0.89786574012677811       0.97055886254618184       0.94244029762571402       0.84751599476907280       0.95336857133154251       0.83039733035832919       0.87784754784810060        1.0332848755813044     
  0.92701901971411493       0.56309613862401731       0.68086990231606237       0.92188757527613185       0.86303721507847464       0.86777501818837344       0.76315008522572436       0.88101925834729966       0.97559855794991024       0.68476412029526368       0.94366847671857990       0.82317538030714588       0.87026350979722455     
  0.80704180813887771       0.98027620406823779        1.0268480861071476        1.0547212239575219        1.0383857925604305        1.0709691654939415       0.96636586048114781       0.89959097966935664        1.0542605052247032        1.0336076226031585        1.0287730386160556       0.85804958288429356       0.97959293385276935     
  0.93330696643432842       0.59172311851979020       0.72113887813607314       0.93491015815989731       0.87956791315181371       0.88656288760021407       0.78030069051768769       0.89397070227208497       0.97810278889943980       0.69557523078342920       0.95169791971866635       0.84609484841569316       0.88747188490355855     
  0.78781758867580953        1.0523884023047052        1.0593081710746335       0.85434248411067892       0.92401496179722353        1.1643150208877917       0.85963832578465438       0.83341470180420230       0.95535819536180400        1.0930907117690889       0.95982194784189589       0.80039016933090246       0.93753166049708836     
  0.94045571040566356       0.62392756165247609       0.75682698160040351       0.94768900313582993       0.89564220797791594       0.90302786783659494       0.79626694802222542       0.90719430249375310       0.98038558244199947       0.70703799809306755       0.95836111501738608       0.86745635186433057       0.90450842780957386     
  0.90026254614731083       0.93168459650258140       0.94077218655899508       0.97897541630100693        1.0251096057817162       0.92805858051088219        1.3158290478413655        1.0038495407190193        1.1157525440931253       0.89304388628530873       0.89823485274062531       0.90833937508527574        1.0279031185355312     
  0.94835423640880734       0.66033377883392519       0.79080498837907309       0.95685169123857894       0.91264592828174396       0.92015790607775072       0.81489538873535239       0.92130701902060730       0.98277034480651826       0.71974635950732890       0.96469876628409190       0.88940282788241898       0.92208034524627258     
  0.80331264351874243       0.79157461352303127       0.87993001932255721        1.0121335308477868       0.81593779058624583        1.0413746183413410        1.2388976318953153       0.94592495789753384       0.82194794846085240       0.98356419775426607       0.87228876495590923       0.96832506578249367       0.96517994583866606     
  0.95798623713410802       0.70218881683459033       0.82603743602553992       0.96524394087796417       0.92844137373794244       0.93689248434948647       0.83805976425337125       0.93590585289154693       0.98508625845376663       0.73341274699044479       0.97205238675163397       0.91279362781189777       0.93880310284014956     
  0.88814375125142031       0.74961199258049782       0.85067278482087161        1.0065665558942836       0.93587907966952688       0.99444642171046038        1.1947750304394968       0.87510444162269929       0.91692031711378696       0.92025876807298546        1.1228634835830864       0.82475171899123156       0.98214141022539847     
  0.96808031138365680       0.75464483361784906       0.86745847403814691       0.97332967613661248       0.94645459674009302       0.95167823097882465       0.86249884611111927       0.95364316315009034       0.98770744050408943       0.74677212568933848       0.97861905672897864       0.93562916408324681       0.95432129622984452     
  0.90081052579329079       0.86445190730663601       0.96068844748543625       0.93418717194758238       0.94026001343814214       0.89051680095183749       0.80740800717559136        1.0410955525040717       0.87940075297437170       0.98735091009819786        1.0765446363200613       0.92611733170030108       0.95404802284009937     
  0.97849879677075824       0.82764125596557736       0.91124436422974830       0.98129435793516806       0.96346550795650321       0.96884170825158711       0.89330970657311104       0.96855501210418671       0.99116196521690791       0.77741539334784482       0.98409181011268831       0.95697326190565879       0.96935435422533878     
   1.0202531819016554        1.0200882083731906       0.83273200651628443       0.90656670864209221        1.0426230061756858        1.0015547763002730        1.1476506250779706       0.98910625840159927        1.0542391205899166        1.0881231539211185       0.87678165983642831       0.82262807564192453        1.0211386977980399     
  0.98934383890323718       0.91350606379739396       0.95585644755680743       0.98858463508180905       0.98153049922719615       0.98479812527970201       0.94085933365254426       0.98405290815641555       0.99504532414709757       0.82476891540989272       0.99246161970641700       0.97784131789372231       0.98431425579590270     
   1.0145131354557144       0.83837733659083391       0.94502613766552612       0.95805690328989646       0.90913490201183766       0.99085576247260410        1.0177273653059200       0.95876953547738919       0.91254906406340852       0.95069594665093426       0.89356596624067897       0.93214568174134904       0.97662432261395360     
   1.0000000000000000        1.0000000000000000        1.0000000000000000        1.0000000000000000        1.0000000000000000        1.0000000000000000        1.0000000000000000        1.0000000000000000        1.0000000000000000        1.0000000000000000        1.0000000000000000        1.0000000000000000        1.0000000000000000     
  0.94928964746642364       0.87697242617902371       0.99565712945214213        1.0837635707856543        1.3123311801974660       0.93006533376139533       0.70943685285267999        1.0203436285264977       0.83173196215545320       0.76273902748722955       0.86914764570854586       0.90447914116982719       0.93269670303724839     
   0.0000000000000000        10.391566869544500        10.855128821430071        5.7686159894947506        6.9866741678265720        6.1314361081167457        2.3229727258304664        8.7313961965414766        0.0000000000000000        6.8230612745650348        2.1936332715533502        6.0249546302120001        8.0927124324858610     
   0.0000000000000000        7.7004085278777774        4.3669672670285076        4.9579848545446730        11.322355076940221        10.440560978555281        6.3058768810150934        7.7077018118322673        4.8209533374272260        4.3579113114078911        5.3016316743383705        4.3810949907276795        3.8119349565708212     
   6.7534826366643399        4.0965008670834884        3.6991158239247426        5.0199769778009911        4.4573327201158532        3.7730071086321857        5.7277106950804857        12.799338908987838        11.806254072725860        6.3318958295169239        6.1933367106219208        6.5412740797147588        5.1888725301901992     
   5.0200790736318330        6.2169774414971570        6.6503634304601071        4.8746289144670607        4.0891060813671727        6.2237282596775412        5.2350624637972842        7.3064103193895242        11.833669314148631        6.8420739778132766        12.473108527993332        2.8965396731702273        6.0602874130347582     
   10.126778825744237        6.1598578338042405        8.8788615627896430        6.4387179787213205        8.2702301104551541        6.7513824953211490        10.337641664458888        3.7996177384517695        7.7637576615251760        8.9568328966204298        4.8104103634640447        4.9489851492239838        10.843342634581594     
   5.4411306066469134        5.5399891994295487        1.0468204878325753        7.8671077610740898        5.7378951124821755        6.1199099861112227        6.9271820366742185        6.3643441977986921        5.6887946992068166        4.4895605238120577        6.3527589851876654        4.9730077535634818        6.0748664167411084     
   6.7862112048379180        5.9362792876282251        2.0414743376739226        10.276168556911262        5.4526830424196211        2.5225748962999677        6.2076137406920555        3.7327135225754366        9.0813655713209549        6.8296341122477413        7.5684145246276460        8.3139993131795702        6.6913492030861583     
   4.0694454666565818        6.6359584088241732        3.9382132461506578        6.2876311616058960        5.2542196729323187        5.4383837477440053      -0.80544610779633319        3.0148025240263019        6.1799034979240197        19.540620510737543        5.3970327895882653        11.120173790795160        5.5249743648912828     
   5.1270925471228511E-003
           1           1           1           1           1           1           1           1           1           1           1           1           1
   1.0656666325134333E-002   3.9690767748081649E-003  -2.5661329081780538E-006   6.4082559253460625        1.4814866744111628E-004   2.3180814557168882E-007
   2.1525773498977130E-004   1.9167419388044032E-004   1.9925625899660611E-005  0.63065211244253339        1.9918142502786706E-005   3.5434307225698765E-008
   5.0000000000000001E-003   5.7932044453839771     
