   0.0000000000000000        0.0000000000000000        0.0000000000000000        0.0000000000000000        0.0000000000000000        0.0000000000000000        0.0000000000000000        0.0000000000000000        0.0000000000000000        0.0000000000000000     
   1.8409927478796547E-002   3.4569276144976123E-003   8.4492017125624101E-003   1.4669503372759931E-002   1.7786095699909774E-002  0.15369108129046885       0.19945825413374113        6.4020347541564118E-002   3.5007917025043737E-002   1.5804238936142696E-002
   1.6521923862214438        1.7623370002068552        1.2790053053260841        1.5275299949285390        1.6816360593979351        1.0863437084965053        1.0320660841313474        1.0808940915382794        1.6877477809000410        1.4080384367995502     
   3.2572480684288987E-002   7.1028788411099915E-003   1.7080602997738351E-002   2.9488012566471308E-002   3.5832471118875345E-002  0.22351359052643982       0.30017060550413194       0.12704145235694203        6.8463712246618902E-002   3.1598685302939793E-002
   1.4996887586768848        1.8065964028127286        1.4676820000988127        1.3419212763562944        1.3676592761017567        1.8524596529040707        1.2536204262589881        1.5691699273105695        2.0768446682131829        1.1579040547580444     
   4.9107577870574889E-002   1.0556397895362293E-002   2.6723983824226975E-002   4.4018804158825156E-002   5.2382418836193184E-002  0.25890294354574606       0.33860334207924392       0.16501346835269726        9.5907487877629718E-002   4.8254373924278719E-002
   1.3218000957722895        1.7394221451910314        1.6028311667272643        1.3447095208207858        1.4001088280427971        2.7340871721904803        1.8262461528666605        1.6161430208257503        1.7543980093388518        1.6546481213911282     
   6.6012382043754758E-002   1.3485700695058710E-002   3.6735239636225984E-002   5.8722398814965909E-002   6.9340608014700447E-002  0.27847624756601003       0.37035081933624131       0.20501347951031459       0.12309746698905218        6.5036759312117373E-002
   1.3390575258275559        1.4548902546957776        1.3977579714487764        1.3929241928908498        1.3790650267328581        1.7581045160303772        1.7372247545325368        1.6041208165337406        1.8372396011393717        2.0154095831644390     
   8.3239765422403938E-002   1.6971038493487158E-002   4.6447757297325795E-002   7.6371388719124703E-002   8.3755573385917964E-002  0.29433474114076880       0.38541926232071527       0.23188547997868267       0.13948638789891898        8.0735722379788502E-002
   1.4556890224531374        1.4586691830479726        1.6091038278820888        1.2721573981768024        1.4492671023222405        1.6345477920397404        1.2742300611692499        1.2262464899814889        1.4594006160930031        1.4828609489442437     
  0.10171777603962318        2.1200608450115982E-002   5.6228889472217485E-002   9.4656893497847089E-002   9.7712909495062394E-002  0.30689280904128413       0.40122412159281895       0.25713759969010797       0.15659581642015943        9.6182204969583671E-002
   1.3733689237497273        1.9828817142769628        1.3485084503795117        1.4126420972572213        1.4279514854483375        1.7590814541332629        1.6358231951954199        1.3274906623523424        1.6033759667511691        1.2312758869979485     
  0.11805106954093067        2.5421756148177384E-002   6.5903235917905548E-002  0.11104884135779307       0.11240826718021321       0.31826461285799362       0.41474185582507667       0.27406557751773802       0.17677475541702700       0.11079274827125646     
   1.3227295469571010        1.4031562740039194        1.4241177231721791        1.2775675212139168        1.5939088947256701        1.2306973641756491        1.6981755166120180        1.1416836847932215        1.2974875926563234        1.1220829083542023     
  0.13182594165742673        2.9929933101534471E-002   7.5527007419461570E-002  0.12653145833790536       0.12670771717624532       0.32807846107883543       0.42746626458303716       0.29115180133293089       0.19746862459586287       0.12523430862250712     
   1.7914798027582639        1.9250036148259793        1.2083160665502526        1.1851232188200254        1.3028846322852758        1.4627459151394182        1.2592689018362349        1.0863370725909798        2.0482461422573532        1.5661801705213780     
  0.15047517514712341        3.4141066049869502E-002   8.6413545487579360E-002  0.14104638604530234       0.14230338286570796       0.33734816709334703       0.43842322532878403       0.30677464589892856       0.21255920803432390       0.14001979693859648     
   1.3143216336411814        1.6613536246324931        1.5065648186489864        1.2759007671963569        1.6392033108356601        1.1870365539612011        1.1998274982361090        1.1121768565095131        1.2938980298007243        1.3096182809578440     
  0.16860872537009591        3.8985664082724816E-002   9.7024891817109632E-002  0.15593832510359371       0.15846610547622605       0.34703168623162162       0.44950550395222311       0.32713587165811220       0.22779808204720328       0.15536345302408766     
   1.4514941576047651        1.3311261381342698        1.3381627484843268        1.4107794464387704        1.4396729704504823        1.3922650545820399        1.4462662205779275        1.2958561322562401        1.3903873375900881        1.6850056318020550     
  0.18852134957403144        4.3937852941173590E-002  0.10828563928221169       0.17225227683974575       0.17455804912354980       0.35663084793230582       0.46028240547339133       0.35030681717783946       0.24244592571496268       0.17094351398866450     
   1.3073411236077785        1.4770308760553625        1.3655812839056065        1.5049438034143097        1.5981003339346600        1.5543304469015955        1.4738173575867732        1.7016053927717973        1.4408722575708082        1.3230279400378415     
  0.20764632770595992        4.8980972261226961E-002  0.11978142523542837       0.18836927382487073       0.19069916019611979       0.36599382941394371       0.47099736816921506       0.37176074332772996       0.25685748649766060       0.18674279882925265     
   1.4732701670346913        1.4812215560534900        1.3996018664878309        1.1724440136953793        1.3087439725475969        1.5996867452046861        1.6569174644016695        1.6286102267076696        1.4239003810132995        1.4898247716753958     
  0.22517439403898284        5.4106485691185889E-002  0.13237003290978222       0.20489235719697307       0.20544377598138219       0.37508838948911077       0.48156894330165467       0.39173483073384108       0.27219362227055005       0.20285753442570334     
   1.6496023947067520        1.3800595258673742        1.4011009238732204        1.6800173116619377        1.3857966776648973        1.3730827219319528        1.3292643838966784        1.4210724923237761        1.3767112720921084        1.4449915405512996     
  0.24271298713943956        5.8977973156480012E-002  0.14570553287046106       0.22126120110388448       0.22003690934416259       0.38380328652097606       0.49171722521097855       0.40966121359327773       0.28771859666047267       0.21863515046196250     
   1.1673209765426709        1.5883705379955078        1.4588065547164015        1.4775726644801943        1.4417678670453959        1.4240058151681239        1.2083616077185808        1.4889554169456385        1.4420671870430541        1.4457670898814234     
  0.26091079806207690        6.3728246643202160E-002  0.15876462504709862       0.23613583870808874       0.23411585754978337       0.39246153789139293       0.50175791313009921       0.42618360876958872       0.30198811004649867       0.23545563086466456     
   1.4266295070003183        1.3840709381432348        1.7240929848455131        1.2368687256920046        1.3556827806030272        1.3108168248843786        1.2808833495239853        1.5532760619972281        1.3625400453327194        1.7283678107398279     
  0.27979090454360384        6.8290775637572562E-002  0.17183031801359203       0.25174559903926230       0.24792003630986029       0.40122779635220168       0.51152573267816470       0.44230712527130156       0.31727178385314037       0.25279820013972815     
   1.3201173459311262        1.3304125309647878        1.4320182895091869        1.3593574712656658        1.4413635853551618        1.3739321923394909        1.3165487521542876        1.5556182909892373        1.5272288629821174        1.2028197141532810     
  0.29683777451791249        7.2733427339763415E-002  0.18568067160997520       0.27052942021160975       0.26147630301577418       0.40934769890656053       0.52109421298828595       0.45784112928800913       0.33367458302694564       0.26971207356483684     
   1.3710765021999276        1.3555015381271140        1.6785274513060202        1.6702330971723518        1.3247956417664424        1.4066736029803750        1.4873048587553357        1.3618193624517161        1.4821003696622272        1.2047163480443699     
  0.31397044026299820        7.7430688984775967E-002  0.20039758065466592       0.28830720557888467       0.27551516101271611       0.41749021095786309       0.52968489711482536       0.47269261775605059       0.35192954952289696       0.28782487137209645     
   1.6167059150207248        1.2757322592318983        1.3437304642624373        1.5772661371516490        1.3580442905842531        1.2346456441610079        1.1296981121517207        1.2930089092431973        1.3989094674049585        1.7427733947132762     
  0.32815216994569241        8.1782011247860623E-002  0.21496362169826252       0.30354455172567096       0.28963260903938087       0.42598837394422395       0.53785743149182452       0.48706772374500296       0.37150333356742743       0.30652899936730527     
   1.2539434088510919        1.3803412334945253        1.3371039078379343        1.3962742860253554        1.2748093424986677        1.2208863411209574        1.2366317710698893        1.4536013123677407        1.6141547540195806        1.3906841862425243     
  0.34238567098718969        8.6543953800901449E-002  0.22946392575582247       0.31971481770283983       0.30379383434093671       0.43509365206743306       0.54465458243836029       0.50076837051913836       0.38973425087500496       0.32563692185122661     
   1.3678639401568393        1.4794560087463555        1.3187812366314928        1.5987094761184237        1.2769557359122459        1.3163535263825770        1.1524512530358100        1.3932734036038708        1.4930361852607967        1.4940609047801308     
  0.35932252740463799        9.1224321177684170E-002  0.24372791276514286       0.33669885134097666       0.31815755284135550       0.44432503436500570       0.55131023942754243       0.51353388433533709       0.40724339642422841       0.34600299776931487     
   1.4321224884449906        1.1101759184692228        1.2036577472928276        1.4926996686312723        1.3882202206135366        1.3147123031485592        1.2945654988838722        1.2489462931740603        1.7630495615985318        1.2874931208311127     
  0.37546029457344954        9.6772937231131700E-002  0.25860875245085702       0.35348107361302633       0.33243634914202697       0.45297196559466996       0.56060927748518363       0.52585775034973192       0.42449840454932453       0.36594970018368955     
   1.5731858691159604        1.2966894746980542        1.4517098742350443        1.6808391616434779        1.4943736653298496        1.3695303108947925        1.2492569597060392        1.4869698698936538        1.3092297953591716        1.9123748339122879     
  0.39109091375974603       0.10288775254871087       0.27381883691043069       0.37045266084003103       0.34755355447748837       0.46142598803485180       0.56963863565950834       0.53769678859357661       0.44213003723345407       0.38511399981364142     
   1.4958566472951795        1.5060156454580036        1.6155809920820716        1.2433390268367934        1.3601686257367283        1.8005200060340618        1.5029773976696639        1.5117729085367113        1.4500998407735113        1.6811327673031888     
  0.40612567514950965       0.10960608622230610       0.28644742310032206       0.38565314953873742       0.36035424972715646       0.47008791512418613       0.57861483742558051       0.55250498086072575       0.45930291489778491       0.40446279071556918     
   1.1057585115747677        1.4133578512595344        1.4484343211645183        1.6816382704736352        1.4780382806177566        1.6499088388130678        1.4008519784903688        1.2760905792437325        1.4244790030398333        1.6744379707427126     
  0.42054866950308345       0.11673224879228200       0.29946530184772602       0.39917533962568585       0.37345164174554818       0.47930964975136570       0.58729960290044270       0.56708877045948092       0.47623329297781092       0.42161839722288347     
   1.4873273744565576        1.3750123933126897        1.2302854870762976        1.3120027655132718        1.4811347901834468        1.3211104242688312        1.4663531261685061        1.8732465860849898        1.4602417106745775        2.0099580665410186     
  0.43522474750349488       0.12413076227741979       0.31123834613309831       0.41356833612240590       0.38934933094462210       0.48920525828409478       0.59559505062294671       0.58269705612865219       0.49017144149514674       0.43932166251492427     
   1.5194177415610703        1.2712348044061941        1.3175703615509675        1.3690014834561901        1.3770009743042133        1.7418916704528691        1.2898580883596940        1.5718337495297428        1.5504714395083452        1.2834087701230330     
  0.44942642740199051       0.13171813070823857       0.32353603617306065       0.42800767115821348       0.40424799072933548       0.49896120541534511       0.60401963188404628       0.59831951179711296       0.50456312508536383       0.45222212982011878     
   1.2360178124630110        1.9642136269082044        1.2803682511276770        1.3768327936370277        1.4804744784644854        1.3881786637024121        1.3358755657356483        1.6391089666325274        1.2828374003459828        1.4047154177731165     
  0.46427287632371583       0.13948765811974165       0.33656012527085760       0.44430288486018260       0.41798119845362625       0.50897852339876359       0.61279621217695579       0.61230229603104247       0.51734277793549299       0.46521491383116903     
   1.3089577874314711        1.8645659201929021        1.2559797053857455        1.3896532547353821        1.4020128078406611        1.5076305669384484        1.5694228670658270        1.5512882484430237        1.3584509911998233        1.2013013875928786     
  0.47960415782924914       0.14752827302787289       0.35103504980633088       0.46241709720426788       0.43198419597959231       0.51891340934418184       0.62143408403928158       0.62598731714062872       0.53036374188383795       0.48237690364898406     
   1.5026473586651516        1.4819356699561481        1.4856146264868693        1.4616973139856544        1.2498175250999077        1.4104996794473663        1.5741391529294551        1.3848402926113208        1.5943553929068097        1.7602130499724684     
  0.49541228446539787       0.15520886636394957       0.36797789786926216       0.48043023627288817       0.44644546910770577       0.52877593945304291       0.62951489653826254       0.63897575289570785       0.54286192179915860       0.49891078683049916     
   1.1576422447097166        1.2602834662488127        1.1952910242164301        1.3353641991363829        1.3502439311696302        1.5667769372379787        1.5401926489474784        1.4914283665470141        1.5816265644438585        1.4842117419866203     
  0.51059444187066161       0.16243062669494096       0.38557765112469700       0.49775847487278763       0.46226175924319596       0.53872412363806288       0.63739793896744423       0.65223258102355242       0.55511155661875966       0.51752653645019353     
   1.4049913638481795        1.3427327277681913        1.3995250660437164        1.2763199611144560        1.4438440499258149        1.3591595540636952        1.3723033032969509        1.4212585014088219        1.2443992893412930        1.6477934308463726     
  0.52635795767936544       0.16982085130685559       0.40472896704306249       0.51312372479759238       0.47807698546587740       0.54878236623341847       0.64499485834315096       0.66503053458268890       0.56810394626247673       0.53630908948975864     
   1.3600413593115321        1.0916082945022421        1.3586077758253989        1.2013480052532783        1.5046269042441072        1.2505620922663383        1.3124873925885820        1.8226306908470573        1.5964006738643526        1.2700554724644402     
  0.54149357485740779       0.17751014948497137       0.42317457052866031       0.52735387107614951       0.49325415450660831       0.55891601391656276       0.65255767864083480       0.67752465182897181       0.58214542663601432       0.55261295480212880     
   1.4030760697081750        1.3116135932297572        1.2830119905264574        1.4426318030840142        1.4400801808038224        1.5151169147966592        1.4964441656815941        1.7231469131022337        1.3375214527208830        1.2584159535174451     
  0.55667768990116184       0.18608891341207282       0.44076254871303155       0.54173817161635807       0.50819165953320589       0.56884011539589241       0.65993689951051504       0.68882354500137799       0.59705873947715882       0.56952618703633173     
   1.5305477296827161        1.1143781065182894        1.3987854501237602        1.4901441025031206        1.2093978038075128        1.6889407615918677        1.4341576752600120        1.4748536191242185        1.2738454091394031        1.3834945695885492     
  0.57270048681764563       0.19564762722601067       0.45642695273064665       0.55625865329137281       0.52322435501606723       0.57861167288250870       0.66713706329649625       0.70102441223717094       0.61250284075828798       0.58468182447759520     
   1.2520662973717962        1.4343873239989091        1.3470004307339725        1.4398159440782536        1.2751234089794750        1.4647652813536607        1.5289375088434649        1.6026438234951204        1.5731791233356489        1.2980855542875518     
  0.58891687645477475       0.20526012276089906       0.47094299698715830       0.57034182976081793       0.53871144636055490       0.58650369037269734       0.67377619998936966       0.71201745138646466       0.62790786006189470       0.60012887426277228     
   1.4902166020293124        1.3731172029130541        1.3246483509574245        1.4213050569486843        1.3434767559062681        1.1140089914531499        1.4566115545225671        1.3715073478777815        1.7974723677452356        1.2217399760883298     
  0.60644463047444319       0.21478243116603224       0.48453627329533883       0.58263187323319321       0.55387857722966360       0.59475131492716715       0.68054556709508729       0.72267620913898134       0.64359833522357801       0.61629395786910401     
   1.2767596145737379        1.3754863548380452        1.1252684314380044        1.3242413424074191        1.7292021483212585        1.4457825594113658        1.3654745053999047        1.4927975283846497        1.3096836125587661        1.3477618778976770     
  0.62290786215315552       0.22458796574793763       0.49857145841623429       0.59424223875081772       0.56796206610649913       0.60249463011548765       0.68796599561122296       0.73229109158139283       0.65838646711987625       0.63093009877575890     
   1.4830484407400371        1.5864368467676511        1.3612918556604858        1.2539830057730017        1.2639351574124567        1.2121401445896929        1.4764244336660406        1.6032274115266614        1.4311325534367536        1.4366810286204128     
  0.63840614268808060       0.23539442085754025       0.51597392903122141       0.60439589040226449       0.58280909630555344       0.61074998532633740       0.69546074506084876       0.74224875416889036       0.67254250389281134       0.64529879426191195     
   1.3012648123982640        1.2044247611186305        1.3754453593899365        1.4264055445635888        1.3898825361345661        1.2267372069288831        1.4316074348815184        1.3555977192706286        1.3805579456008870        1.6146846664409602     
  0.65402660593496531       0.24682399959623022       0.53422455086065035       0.61792739666128904       0.59636584203851994       0.61911803792236242       0.70312744208762379       0.75163137237080557       0.68683763516959928       0.65995624064235670     
   1.5101758166247365        1.4069211961604442        1.2768412626187646        1.2872197071184110        1.0511261853070804        1.4538842473837057        1.6191968002074735        1.1700883912316389        1.3880567681553766        1.4835029006155345     
  0.66987488097695946       0.25967373174914765       0.55642313560458168       0.63011291337784070       0.61082232457728658       0.62832900745053222       0.71076052980000226       0.76107802667871882       0.70145136410575115       0.67564729421085357     
   1.1535205280071521        1.3648538809864224        1.6013610786671069        1.2875900218026950        1.2599130228607558        1.3247125415694840        1.5748802933683768        1.1849720339396999        1.4293638370788508        1.4389937598561997     
  0.68628373712301660       0.27265520696104162       0.57894604285196694       0.64177678636705648       0.62444241128663669       0.63771268240777457       0.71823553365693815       0.77118733056435951       0.71645828536029299       0.69201121103722463     
   1.5073148928264906        1.3653691828230847        1.6624802299126142        1.3281823699546924        1.3941047968510747        1.4608687717850923        1.4022873602617059        1.2055636717336142        1.4232348225049993        1.5221580393441110     
  0.70252640427809887       0.28597738757903463       0.60172276898701027       0.65356586813674100       0.63713504017168865       0.64820702250183848       0.72563829182121697       0.78160035936496497       0.73107737825898433       0.70686649199424101     
   1.4130599441581464        1.3238791005641037        1.5443969816145804        1.4301488117775527        1.1446334197982742        1.5583726157884732        1.2206578824877619        1.1505795847350939        1.4331589145331558        1.3302119572142286     
  0.71857731642782863       0.29975128121053918       0.62345597532867481       0.66547242368381110       0.65018226323379047       0.65912883645756049       0.73315449342315042       0.79135955217285503       0.74574113712485324       0.72063832611438861     
   1.5970375713698619        1.5477101505992017        1.2248955511125248        1.2518467468948169        1.2201748086046702        1.5496660022494397        1.3123547335288757        1.3476508856388656        1.2474794810512306        1.4238838527837283     
  0.73400967355923996       0.31376747593235071       0.64426952852483743       0.68220683716760622       0.66332452218706550       0.67261905741015049       0.74087477294652571       0.80083356409903761       0.75875571941880449       0.73535727254156014     
   1.5314214107747650        1.4259741992172394        1.6141073570027475        1.3478668530780282        1.4221555844965827        1.8085660875419056        1.5122515528467955        1.5285267979409365        1.0491723972151172        1.5179610334505569     
  0.74918198399124336       0.32679483346656485       0.66635116211976420       0.69918857468601259       0.68023905588820199       0.68575740805297802       0.74829107488615842       0.81080366632011935       0.77017538750497505       0.75087363484041980     
   1.5356417092560046        1.4824984210982086        1.5687534602517479        1.3400599318163291        1.3449610702210710        1.2948399292812092        1.4704732656518529        1.3807681898037276        1.2513402085400014        1.8217235253445123     
  0.76260048801153713       0.33997213300934293       0.68872441324688516       0.71636689252812147       0.69817454316389171       0.69899835861801152       0.75586837901034498       0.82061350293965385       0.78088490156274637       0.76575743708777377     
   1.3134079735600117        1.3483994021853489        1.4236894711434773        1.6381047071416903        1.6412415139849037        1.2860945476357399        1.4956761171884700        1.6712316151885735        1.1682103230310261        1.4733821371131774     
  0.77570706403067413       0.35342603551648522       0.71222292730851011       0.73346226464748376       0.71486889653152796       0.71150182187045374       0.76336496978137591       0.83137015275022164       0.79194420549456124       0.77994727510160400     
   1.5546049231120207        1.3966024195077800        1.5432334842839053        1.7350931306944826        1.2399206436229391        1.2785822942624006        1.6087088979386299        1.3891620500620361        1.1501124099795179        1.2873614401782953     
  0.78923804655612106       0.36744296876709337       0.73549191015444138       0.75049569089671941       0.73117529628397415       0.72358759668825789       0.77059805044262231       0.84220981361545055       0.80361708725597136       0.79435376255740586     
   1.2033315823476818        1.5056368091637602        1.5394106658396749        1.6267217990147109        1.3063679581949257        1.1390322431467079        1.2779803693735761        1.4179681771013930        1.1413314662151310        1.2367246319279666     
  0.80425966083884548       0.38210952058135828       0.75790320099015773       0.76735319069006003       0.74785760535111268       0.73536674692786963       0.77655952946750129       0.85347067395962573       0.81561599755172320       0.80895739884628370     
   1.2581716585909557        1.1054278952755570        1.3883540615138650        1.5052918349532922        1.4804809931200975        1.5404767106280823        1.2558432253707432        1.7746951276655261        1.2135147761470653        1.5743564282378044     
  0.81913927407440867       0.39751521858869382       0.77918790215214784       0.78459706553371966       0.76521829566266897       0.74966583693949707       0.78246370895516792       0.86463290631199785       0.82836412706170603       0.82353125284259976     
   1.5505905944345459        1.1477164072549084        1.5775877151107836        1.5176753015589473        1.6520040989324303        1.4007414816161778        1.2171597402359302        1.5795596116891577        1.3338853575516072        1.0657181419709760     
  0.83405550761376868       0.41398004338304767       0.79995977337505175       0.80105008693856883       0.78282627341409361       0.76358673013755329       0.78869597208190823       0.87586424792338402       0.84120640602052021       0.83751044032970845     
   1.3719844320676728        1.3916381271360756        2.0070152355785114        1.4048172326691462        1.5156165294853419        1.4599251167297742        1.4609759877172990        1.5289109124369651        1.2027719837194439        1.4515068017474981     
  0.84824698373215668       0.43360835947495818       0.82014090491787517       0.81615678857068663       0.79862048465642266       0.77686795531780239       0.79479056067070342       0.88729567311923829       0.85463596802809561       0.85072279745246704     
   1.3103024884102608        1.4747805691444460        1.4566754489824087        1.5761736979371779        1.3115709084832454        1.5395251044488225        1.2426277978475075        1.4287256699706792        1.5613520527479632        1.1657031670908724     
  0.86250672318244448       0.45391826171732069       0.83952506226057944       0.83133109085810242       0.81653118438791994       0.79038632737592973       0.80128251576971687       0.89860143456350727       0.86828665537155325       0.86501060803104834     
   1.4518532736079333        1.6887087511905745        1.2821154101232604        1.5153967742091432        1.6023084156643475        1.1061410405557275        1.5144279117331627        1.6859212217125799        1.4592283164116868        1.2988610192878667     
  0.87672568080309465       0.47613234615975392       0.85912965349550652       0.84789147691271072       0.83831918770281355       0.80551005666615649       0.80821065862509922       0.90989203540182384       0.88218784176501952       0.87940960871076268     
   1.4849647199578819        1.3327147449066896        1.6314288336195568        1.5479052996305169        1.8805438806287516        1.7240607824762750        1.8521098454875653        1.4583143017286406        1.3813232173177088        1.5750095143980660     
  0.89134885079305048       0.50034018101416922       0.87567039455475404       0.86533456010397003       0.85926570172882244       0.82050176482073156       0.81675719132080460       0.92104299407540446       0.89582174954556615       0.89452257271013380     
   1.4699708494464754        1.3144173116195343        1.3883825436055082        1.6588605373534393        1.5854042858913993        1.4689672036729515        1.3344449788393722        1.4520022607924445        1.3361522339554817        1.6282856782686317     
  0.90646989736930117       0.52849392177481302       0.89097981022449946       0.88276087000846037       0.87976166408580614       0.83531270269444768       0.82617197391780817       0.93144818010021491       0.90938731728191213       0.90951896898230211     
   1.2610668653262564        1.3160736430285545        1.4714059453207542        1.9139590025462063        1.5874418211883006        1.2328109245617729        1.2917040943065765        1.5391514555973695        1.1642679755103598        1.3091282707724106     
  0.92118650189103157       0.56186707910642253       0.90562534778602999       0.90079989975679542       0.89999832982217698       0.85012319504711220       0.83724091722025462       0.94206256732975779       0.92291280583170143       0.92461691273581059     
   1.2224772715979280        1.6221151572446615        1.1449758628299875        1.2340517765187899        1.9363675552027428        1.2142954896689104        1.9081141507191686        1.3723472049573231        1.2859243161933165        1.3228668483131876     
  0.93544755378701638       0.59840397529542122       0.92006861182490740       0.91764520738048327       0.91664454208479906       0.86698471212890993       0.84896085059966453       0.95206333501303830       0.93518474278708086       0.93648171057372498     
   1.7480959390508546        1.7092884182348025        1.3453244083835958        1.3615776475014167        1.4812704109877479        1.1061410405557275        2.0975692002427380        1.2532316121617373        1.1851869978859839        1.4649986379707038     
  0.95079230632101641       0.64510723002217885       0.93466839083524988       0.93411079576406508       0.93307297102328612       0.88670160535900977       0.85988708486141074       0.96106581074312902       0.94761042720952093       0.94841958186829023     
   1.6755523354848882        1.5177880091232456        1.4193724082795525        1.8471216306245710        1.4124317798138548        1.4632617798942615        1.3979234494035295        1.2019853271185692        1.3731810255818711        1.3428698663858631     
  0.96343514029445376       0.69599534548787767       0.94995614132898043       0.95072774984920239       0.94868793234479043       0.91052044681649946       0.87493867182402207       0.96922181838142252       0.96022421535994951       0.96013536039946479     
   1.3626218892094075        1.1743733003159595        1.3739427417555810        1.5770300396999928        1.3493050267174083        1.4926681288994170        1.5001498177517372        1.2605226455838836        1.2892795547349369        1.1864488868142251     
  0.97614871053846264       0.76734508077575403       0.96742051004956575       0.96759711325228193       0.96460380983350513       0.93363281045510116       0.89090588655309177       0.97746569548629314       0.97289957392175219       0.97368114288400287     
   1.7698940846113889        1.2457074461635302        1.4966666068919081        1.4093865792121645        1.5524988732899982        1.3026478245952577        1.5906629394934766        1.4698234695227055        1.6527323938705900        1.1628852257407787     
  0.98828664094097796       0.86866299863119723       0.98357290686296583       0.98358208466540453       0.98177887765789029       0.96762380620059008       0.93185176734907438       0.98852867425764956       0.98636044915023668       0.98706079516186074     
   1.5624634783007376        1.3947143949296112        1.6551257387011966        1.1713299333775611        1.6131865070062257        1.6153973037107641        1.8747887638015424        1.1826131930372716        1.6306975488423947        1.2185152164963329     
   1.0000000000000000        1.0000000000000000        1.0000000000000000        1.0000000000000000        1.0000000000000000        1.0000000000000000        1.0000000000000000        1.0000000000000000        1.0000000000000000        1.0000000000000000     
   2.0729646719404089        1.2779297689107709        1.9107716781236728        1.3771734548540899        1.5107034971000970        1.1670274624719779        1.1741955807724631        1.3691097837869324        1.4258683571709387        1.4270436050250925     
   6.5360966104255303        11.479237252389444        2.7806751146508386        6.8222549402853350        8.5944061879060278        6.7206141684789342        11.441469262573806        9.1194883040158814        7.0683220261842585        6.9073081485079042     
   7.7457208027359492        5.9051904852405395        9.0616475428125494        6.3096630575677093        7.2333077912335213        3.7005393133238731        5.5720789709619760        7.2382185368069898        6.8993031530833457        6.9578518364886008     
   6.5885559585079472        5.0898718792162150        8.0595394263015177        7.5585751412634083        5.8747009180084051        4.3402720849877774        5.8746203286467766        8.0335066485596975        6.9939888941739543        7.4552123403168782     
   6.5841078347961286        4.8033506671398722        9.2546909434800266        7.8711043183173635        9.3330143221138169        6.4053759700368555        6.8939563216030111        7.1034523139998855        8.5342994576559015        8.0897002599746379     
   7.2628200972458661        3.4842193677739117        9.7247760254897528        7.6039273020611979        7.1667240013676814        7.0435060250286545        5.9741500404576966        4.5992495494830710        7.9363683483919143        6.3668945688058258     
   7.6872473734104352        5.1290412336839353        9.2992357245495381        7.9919038913928189        7.3439216147401423        8.9619930048285408        7.6037237704576865        7.9484085147882286        5.9749511314504717        7.9869162535380207     
   7.8275416016752590        5.4704537331757672        7.7792099563670440        6.1031413210661052        5.7022254580339764        11.708376451611922        9.0226599124332587        7.0197818295126044        7.8354598202695014        7.6634279032369665     
   6.3893989674705134        10.148049677323570        4.8147004152756283        6.6080908598063024        6.0395254144243076        6.8748397224124034        7.1545073706233930        7.8167206762632349        6.1068834623404191        6.1155084683921430     
  0.53504064506294746     
           1           1           1           1           1           1           1           1           1           1
   1.3167513859175146        1.0650986841857091       -3.9930406841730305E-003   6.6952968946957006        1.9720098707792601E-002   2.4471362275722450E-004
   2.1063742293493941E-002   2.0636277987071620E-002   1.6483551266334260E-003   9.6989525835210547E-002   1.6457693134839678E-003   1.5686170901635009E-005
   1.9186996592827046E-002   7.2979050320032091     
