   0.0000000000000000        0.0000000000000000        0.0000000000000000        0.0000000000000000        0.0000000000000000        0.0000000000000000        0.0000000000000000        0.0000000000000000        0.0000000000000000        0.0000000000000000        0.0000000000000000        0.0000000000000000        0.0000000000000000     
   7.7545603288718734E-002  0.11758168515114828        1.4148593526736116E-002   1.3208135366910520E-002   1.4456976897307145E-002   1.6355378014961636E-002   3.1080367694002024E-002   1.2348035604426422E-002  0.17144983100029346        5.6352401198399932E-002   3.3274775941142962E-002   1.8552500789511490E-002   1.1406796683204781E-002
  0.55096447597397047       0.55096447597397047       0.76310204265605053       0.66122639535499839       0.73965686334626846       0.73576509886321406       0.58512515044326574       0.66714368506974076       0.55096447597397047       0.55096447597397047       0.59394067680067719       0.66592880063900095       0.65477859365654201     
  0.15509120657743747       0.23516337030229656        2.8297187053472232E-002   2.6416270733821041E-002   2.8913953794614290E-002   3.2710756029923273E-002   6.2160735388004047E-002   2.4696071208852845E-002  0.34289966200058691       0.11270480239679986        6.6549551882285923E-002   3.7105001579022981E-002   2.2813593366409562E-002
  0.55096447597397047       0.55096447597397047       0.59256321214085017       0.62159302149421281       0.75537402447744395       0.68189275715939390       0.65671139093028830       0.61610117902481132       0.58113863860383130       0.55096447597397047       0.58603535949389429       0.85984632883332257       0.58127709474812872     
  0.19100815523000644       0.30399158790789915        4.2524407666847570E-002   4.1898169910779881E-002   4.2857943769184739E-002   4.8328531157829563E-002   8.5298222159239018E-002   3.7368521636713781E-002  0.41689925590979476       0.14654910950666580        9.2717584139620612E-002   5.3388465668122852E-002   3.4976326916723630E-002
  0.55096447597397047       0.64621169131777367       0.69316031305713743       0.74514193232156400       0.72120308008120937       0.79574494874545498       0.63251546048977925       0.66311257747954855       0.58113863860383130       0.55096447597397047       0.73295362988899837       0.90323408047066889       0.64008759543615745     
  0.22692510388257542       0.37281980551350169        5.6751628280222906E-002   5.7380069087738718E-002   5.6801933743755181E-002   6.3946306285735846E-002  0.10843570893047400        5.0040972064574717E-002  0.49089884981900261       0.18039341661653174       0.11888561639695530        6.9671929757222723E-002   4.7139060467037690E-002
  0.55096447597397047       0.74955189557016411       0.60471054021299153       0.64134909480014490       0.90891492076876856       0.68154837992464257       0.69725857430779214       0.66283153464127775       0.69452646040288957       0.61296532173204876       0.63633344275878290       0.77624222596777359       0.69349668659178787     
  0.25704562151783211       0.40562570486596211        7.2115534534655440E-002   7.1816773354322197E-002   7.1626304545172256E-002   7.7395053616279935E-002  0.13027637891040239        6.2843421866818988E-002  0.52140441957641848       0.20772830191836555       0.14336087177988138        8.7175005580925932E-002   5.8768798549885148E-002
  0.74075475989884398       0.63023826369447078       0.76687823426170532       0.64743093384537698       0.81013550210779262       0.66918651367554993       0.69024319701970660       0.63802886611479193       0.55096447597397047       0.73601185035225436       0.67173309711677243       0.74980492631595475       0.60870100957206308     
  0.28716613915308881       0.43843160421842253        8.7479440789087981E-002   8.6253477620905669E-002   8.6450675346589331E-002   9.0843800946824024E-002  0.15211704889033081        7.5645871669063253E-002  0.55190998933383439       0.23506318722019937       0.16783612716280744       0.10467808140462914        7.0398536632732614E-002
   1.1746988252913746       0.65618099409920116       0.77113517145327970       0.69802504145210664       0.77274876805108361       0.68855504932183942       0.69497992745130999       0.78089858236273746       0.67510549712257639       0.74025047711595271       0.64708704187622679       0.82305830993234452       0.68014816374448694     
  0.30894476607827515       0.46040242675715315       0.10206594313463374       0.10035174187323234       0.10287905685999266       0.10412475923385316       0.17350488453994312        8.8058910865977363E-002  0.57060714275090396       0.25031977162161317       0.18974673421662841       0.12324664517364892        8.1729542683379897E-002
   1.1101548286392271       0.57740261886072253       0.65389964562537262       0.64718025788083322       0.82067910001272815       0.58113863860383130       0.62795988728788676       0.68813783001964846       0.58638003964187779       0.81535879477122775       0.61997150205808205       0.71020114547110291       0.66247814950918493     
  0.33072339300346149       0.48237324929588377       0.11665244548017950       0.11445000612555900       0.11930743837339597       0.11740571752088229       0.19489272018955545       0.10047195006289146       0.58930429616797353       0.26557635602302698       0.21165734127044936       0.14181520894266869        9.3060548734027165E-002
   1.0110842916353819       0.64080122396396233       0.70499813884485629       0.78600720352391207       0.69614597226474295       0.67631616994454158       0.64948795200802667       0.62744717231516445       0.62661790246260618       0.74300830782967042       0.73285846891324191       0.68781413360893462       0.58708656015894545     
  0.34693746442524698       0.50184202198330996       0.12966933156878449       0.12852839214535375       0.13509405532259591       0.13204431382144574       0.20956705573301063       0.11354746743919034       0.60674558134041101       0.27407643673747800       0.22314472444792910       0.15864712700804751       0.10650236846373975     
  0.99261232440447467       0.68574752090866464       0.66155523327280918       0.65978584051535927       0.67834341622236294       0.73853017998839110       0.60609710271118344       0.68737528593600039       0.71027619743105186       0.67467081857181355       0.63395198683254828       0.74140039337516950       0.65583682494144480     
  0.36315153584703241       0.52131079467073627       0.14268621765738948       0.14260677816514850       0.15088067227179586       0.14668291012200918       0.22424139127646581       0.12662298481548923       0.62418686651284849       0.28257651745192902       0.23463210762540881       0.17547904507342629       0.11994418819345236     
  0.85086683308000499       0.61152778117748596       0.59353936706243815       0.74365608347541989       0.74707222314706234       0.89333017033486029       0.62733530542978100       0.70611051171093631       0.59400240319082254       0.61991382019119501       0.64288660010616250       0.65718810825457685       0.71390068291425490     
  0.37106346093472803       0.54120342231085439       0.15495410945357413       0.15607829130978301       0.16527199766829354       0.16193202541646817       0.23980819203016948       0.13984366015885732       0.64158913615111901       0.29052837860514680       0.24969991437421277       0.19053470995699268       0.13221562001603671     
  0.76488565193291358       0.58113863860383130       0.77768684533369470       0.73392063170955035       0.62565603225765509       0.59615031137805652       0.62546890616964224       0.65942176467285163       0.61524083710374189       0.61032724701852226       0.63476321682242653       0.71716671608639027       0.58276072764208198     
  0.37897538602242364       0.56109604995097240       0.16722200124975881       0.16954980445441750       0.17966332306479119       0.17718114071092714       0.25537499278387316       0.15306433550222542       0.65899140578938964       0.29848023975836452       0.26476772112301672       0.20559037484055909       0.14448705183862104     
  0.69732233101230723       0.62187245764148047       0.63720060018671321       0.70157648082109825       0.76425410071323852       0.75433632967679043       0.73732023790095136       0.75316551844470703       0.69909054735715903       0.67375977951487320       0.59022474632083688       0.75061458100423772       0.77883984078195290     
  0.38515389493413321       0.57494459149814436       0.17963265000312645       0.18362601509183804       0.19307938196930485       0.19220819418746460       0.26997992277702010       0.16568255239798463       0.67115278293578151       0.30624247238620939       0.27791610903637254       0.22030046557946328       0.15708636634282774     
  0.61513399554187365       0.60930862512540485       0.71774488427347705       0.59893124949773469       0.62780391651885192       0.66677492160765617       0.62659128193428970       0.74820317738208775       0.64722492241665941       0.62718561969463638       0.65765196050487296       0.73288738002362319       0.70799070184540613     
  0.39133240384584272       0.58879313304531622       0.19204329875649412       0.19770222572925858       0.20649544087381849       0.20723524766400203       0.28458485277016704       0.17830076929374380       0.68331416008217338       0.31400470501405425       0.29106449694972830       0.23501055631836748       0.16968568084703445     
  0.62137771157729915       0.63360951824675282       0.73076076516038579       0.77475475288654949       0.64877079637717072       0.66440361648722213       0.64387379414993240       0.71566927458813434       0.62178026210718951       0.63260086061038101       0.74734013131050381       0.63631720959636418       0.66482564881596273     
  0.39932909192576094       0.60177337892900784       0.20458149689570931       0.20968942678808317       0.22027782315536071       0.22096148743313537       0.29913109565681106       0.19119155714806393       0.69417020544321306       0.32106782551666035       0.30393103648102315       0.24902761987641031       0.18363862273712078     
  0.68307946362722460       0.57604896322297050       0.68257326101471139       0.67998328198768476       0.66505220395316933       0.66594264818484694       0.76051933723687970       0.59364583710154228       0.71024852256894444       0.70845427763409252       0.70418796116161042       0.68811665687054913       0.65248258208230925     
  0.40732578000567909       0.61475362481269935       0.21711969503492451       0.22167662784690773       0.23406020543690295       0.23468772720226869       0.31367733854345509       0.20408234500238406       0.70502625080425285       0.32813094601926646       0.31679757601231806       0.26304468343445314       0.19759156462720714     
  0.70846431761064210       0.58113863860383130       0.71653739040977982       0.68531566715134107       0.63310888175460922       0.77654186672675363       0.61895734758465404       0.61372520953275778       0.69012550067623135       0.68579471549252602       0.63438016886514625       0.74231917084914156       0.63351947633128580     
  0.41580315593064476       0.62537949077746480       0.22790848897081259       0.23536508781694343       0.24796801953640024       0.24660227910828431       0.32800860612042160       0.21646989342790560       0.71510563220862222       0.33505740726153466       0.32992393573928164       0.27750571370140742       0.21266958154584864     
  0.60258223856234217       0.66358983129966742       0.69734073797527585       0.68730686499126370       0.73305648831732084       0.61594942563284205       0.65718258072343683       0.69026654418984690       0.56897885258676328       0.67891438448501229       0.85174356085308167       0.69368263750932690       0.71255675143693298     
  0.42428053185561043       0.63600535674223024       0.23869728290670067       0.24905354778697913       0.26187583363589750       0.25851683101429990       0.34233987369738811       0.22885744185342713       0.72518501361299170       0.34198386850380291       0.34305029546624521       0.29196674396836170       0.22774759846449016     
  0.66001979491151275       0.60979014721996971       0.63179274403246066       0.68154101954826329       0.68306026286246646       0.67808167202478664       0.62398141160806675       0.67679332328314556       0.80155954081276148       0.69526371884653981       0.75951727136538538       0.60956248834741933       0.65872039287613171     
  0.43233272303526876       0.64547405873582142       0.25194570390258392       0.26368181736444973       0.27880653094886221       0.26892852286117497       0.35604578052303459       0.24065221079221999       0.73502002589184079       0.34884216004914026       0.35557720199283577       0.30470447701941128       0.24257698038642053     
  0.73761782765387585       0.61984919373652281       0.66297157591171052       0.65843179711957811       0.82076561519474989       0.60328977957910779       0.67208699462475419       0.73684912038964268       0.63902721985593269       0.66629759154850210       0.72322989085732370       0.68501451226445198       0.72876653295086369     
  0.44038491421492709       0.65494276072941260       0.26519412489846717       0.27831008694192039       0.29573722826182686       0.27934021470805004       0.36975168734868102       0.25244697973101282       0.74485503817068988       0.35570045159447755       0.36810410851942632       0.31744221007046092       0.25740636230835090     
  0.60162420956962237       0.65377171567249781       0.65903189264366457       0.85830867668192001       0.67316805979157579       0.57123890335522842       0.71591959454209719       0.59536575002414882       0.67809872998612275       0.60959730889787789       0.80350447881645137       0.62609566563113639       0.69547295526261976     
  0.44810677550731015       0.66485992497608404       0.27828718431953592       0.29214308031817221       0.31246005822919076       0.29033845616598386       0.38284937645151534       0.26563576262795296       0.75351835593815641       0.36238058028796710       0.37927655348457834       0.33036997673164853       0.27199802017054509     
  0.74662767834611499       0.69388409812557761       0.63082439394959711       0.74064303514067609       0.66144102953247008       0.66495925437360048       0.65098235923702785       0.83158775914322713       0.67614914263037174       0.70877192114013776       0.68046448644471558       0.64412476813895214       0.67464169213715330     
  0.45582863679969327       0.67477708922275559       0.29138024374060473       0.30597607369442403       0.32918288819655461       0.30133669762391768       0.39594706555434966       0.27882454552489305       0.76218167370562295       0.36906070898145665       0.39044899844973030       0.34329774339283614       0.28658967803273921     
  0.62916713593814810       0.68076809901261692       0.72472178881515181       0.82405906816079344       0.70828292849637242       0.71915800401395136       0.85329073806316647       0.65976592401308520       0.76754204850988317       0.72346343286753367       0.68854261975928199       0.65162018414916578       0.67028445099795297     
  0.46369993047892127       0.68436405215843166       0.30448946088446782       0.31933404067071258       0.34584644994821168       0.31244371309633467       0.40737679807596516       0.29271660261785604       0.76889116332552809       0.37507919383381005       0.40214900459317982       0.35864389742785407       0.30291547486302539     
  0.64653502742262325       0.63843342635041123       0.83463494088236123       0.69017917545432439       0.70318643208103515       0.61931374545135098       0.66988972758859988       0.63661436490564571       0.61345361524198672       0.67864755647861097       0.59934778840351421       0.70851570701158206       0.66780559308944132     
  0.47157122415814928       0.69395101509410773       0.31759867802833097       0.33269200764700113       0.36251001169986874       0.32355072856875167       0.41880653059758072       0.30660865971081896       0.77560065294543323       0.38109767868616351       0.41384901073662933       0.37399005146287201       0.31924127169331162     
  0.64499738316369237       0.65024383575280820       0.77079108293051046       0.68766161480868537       0.74638736657100901       0.66467217116981847       0.63048988425171226       0.74005167338245725       0.55143357239929069       0.65582554235374602       0.68701266826914709       0.59596344330155737       0.66692786075875399     
  0.47963864734903328       0.70334878003821277       0.33112575294566388       0.34664543289534616       0.37893060166143833       0.33486601823676609       0.43138550146587901       0.31950957307716699       0.78214600603443740       0.38735704637690738       0.42643747795221620       0.38824390922293839       0.33397368499486246     
  0.76315136138659911       0.65975634686302209       0.65512754657133643       0.82805326544787727       0.75683261895679854       0.61537018302321200       0.57408159965907268       0.59874439650971623       0.58708711289742110       0.66624667530755644       0.68276735777263098       0.61580180752265679       0.63801750770526755     
  0.48770607053991727       0.71274654498231771       0.34465282786299678       0.36059885814369119       0.39535119162300786       0.34618130790478047       0.44396447233417730       0.33241048644351501       0.78869135912344146       0.39361641406765124       0.43902594516780313       0.40249776698300471       0.34870609829641336     
  0.67771466250226153       0.66318284502497349       0.66922134310766823       0.69331214619744874       0.63482923914199252       0.75862847539533129       0.67942175505531355       0.66346738635970759       0.64772109188552729       0.69541231280840798       0.69770215285237314       0.61674543703418094       0.79388001139981923     
  0.49568541108906028       0.72198682244423829       0.35816362576727617       0.37450296639018832       0.41102935075129254       0.35959227024516360       0.45649382117564552       0.34646011891557271       0.79468491875078939       0.40002192080135335       0.45278003855774046       0.41667157415847556       0.36290462576724325     
  0.65854528465841400       0.66276940117592065       0.70226663546725865       0.69014643740779202       0.70065460270170865       0.64462098141391755       0.67569386434182188       0.79429735428634707       0.60691927838142001       0.81095211737303263       0.70688280355907396       0.64153911887718096       0.75926313675111656     
  0.50366475163820335       0.73122709990615886       0.37167442367155556       0.38840707463668545       0.42670750987957717       0.37300323258554668       0.46902317001711369       0.36050975138763036       0.80067847837813733       0.40642742753505540       0.46653413194767779       0.43084538133394634       0.37710315323807320     
  0.70795743352534957       0.68914745008525491       0.60934255014075978       0.69594394568885243       0.72336246340043553       0.66435159210874317       0.62455872921039368       0.69426195306866556       0.60760346604157756       0.73776375039102149       0.70179382062909013       0.75857395595490829       0.79596629660833040     
  0.51141358886389032       0.74009972066533813       0.38766090248048585       0.40330602782846603       0.44213982618002856       0.38733844285968122       0.48136277400336580       0.37487460921269566       0.80714957860293113       0.41303978465174995       0.48062933587765089       0.44381591519524816       0.39071726316904337     
  0.61237322405983563       0.72850227840661530       0.74289468977589779       0.71677382173563420       0.67835299853377284       0.70483952859345744       0.74229569874344692       0.65489155164589008       0.62481785436725301       0.63609048496227449       0.83696272083203116       0.75169373434607267       0.65767095778701345     
  0.51916242608957730       0.74897234142451730       0.40364738128941613       0.41820498102024656       0.45757214248048000       0.40167365313381581       0.49370237798961791       0.38923946703776102       0.81362067882772493       0.41965214176844451       0.49472453980762393       0.45678644905654997       0.40433137310001355     
  0.73013308071871508       0.68653546253243081       0.75955231303794635       0.75427857355217509       0.57806994173010795       0.74914145192821857       0.66252654059244787       0.81100696254093785       0.68727978280354929       0.91224659383793527       0.69352232208958431       0.68767643890309926       0.65441628709272903     
  0.52686683542159940       0.75768553280813089       0.41933808729903826       0.43358673543411830       0.47266223524877826       0.41543352536841938       0.50679133277450628       0.40463665495197598       0.82094563620852989       0.42676780316695578       0.50790423204196700       0.47024649305012067       0.41733862652697212     
  0.64857179119197661       0.63566982291388197       0.77993777147576482       0.62074366341792331       0.65744363580914478       0.75291116388143497       0.64948964355411276       0.73573313823237152       0.68035273942540297       0.63209027182669864       0.73366551245503919       0.74558648636161406       0.70282486447916426     
  0.53457124475362150       0.76639872419174437       0.43502879330866040       0.44896848984799004       0.48775232801707658       0.42919339760302294       0.51988028755939464       0.42003384286619094       0.82827059358933486       0.43388346456546706       0.52108392427631012       0.48370653704369143       0.43034587995393070     
  0.71244968013685106       0.71005525842220307       0.81431231106498358       0.69536234702248856       0.82965951366920565       0.68263124398339536       0.59838817062590832       0.68450573512218038       0.69152247700810643       0.85403433614028912       0.63095727379742661       0.59097359443851727       0.68606819695534982     
  0.54190136837873926       0.77509554601545683       0.45333085141152452       0.46363189820459882       0.50225421520418267       0.44242712308719495       0.53213740395030751       0.43466265347222677       0.83565397165179234       0.44177289791990138       0.53374225533040431       0.49686429017071143       0.44269810708960078     
  0.65155139472635137       0.61942405018631685       0.77688560653067762       0.69011586151631876       0.74935918997741857       0.73695122871322449       0.66518763036107742       0.62857789561203203       0.76393384435947009       0.75970999012781404       0.75720373548353792       0.78295695393683407       0.75144076796344750     
  0.54923149200385701       0.78379236783916928       0.47163290951438858       0.47829530656120761       0.51675610239128877       0.45566084857136696       0.54439452034122027       0.44929146407826259       0.84303734971424971       0.44966233127433569       0.54640058638449840       0.51002204329773138       0.45505033422527086     
  0.62839324432920318       0.67865938886619459       0.76268753013264490       0.72571796417735057       0.72158599877631135       0.66468996091354182       0.64561149730318179       0.72150061132497822       0.84107646740889142       0.68383581697363616       0.63412033570251858       0.67296713010538889       0.61244101292261022     
  0.55710324682317791       0.79263127715578574       0.48907403586631137       0.49399933662277884       0.52915831914643052       0.46924911030629302       0.55679689992924764       0.46421288344082801       0.84962210619622602       0.45783728326606621       0.56106962225234203       0.52346916720709502       0.46656040541280763     
  0.71897133024260329       0.70137747028964503       0.65296202090145539       0.69316278024072475       0.71866727406491249       0.60038003276032048       0.63950995422006063       0.71182760636278009       0.75054091854652827       0.74828333009584391       0.64448916302394432       0.61115923032871233       0.61899057406662550     
  0.56497500164249881       0.80147018647240231       0.50651516221823423       0.50970336668435012       0.54156053590157227       0.48283737204121902       0.56919927951727511       0.47913430280339347       0.85620686267820234       0.46601223525779678       0.57573865812018565       0.53691629111645867       0.47807047660034435     
  0.68564418762753854       0.79537486476854868       0.79367343529724987       0.70616173365735402       0.70185348190324170       0.70509860729179674       0.82746327014047316       0.72822076457302110       0.79906547424368712       0.83576491066344150       0.68351772303435054       0.63962517438653621       0.72048480358304690     
  0.57488931573410285       0.81044732543297449       0.52446561077500498       0.52528222246953615       0.55706650169010286       0.50108997675408040       0.58647464431812169       0.49663345682432536       0.86321908783303813       0.47447826484160505       0.59318548741192600       0.55099245835041633       0.49626111342330470     
  0.67441393013074846       0.77472361661916223       0.92724704852442952       0.73063341640623836       0.68032414369717686       0.66401344367523585       0.77696462269433086       0.95949884647199002       0.92222318993684027       0.79214661619242843       0.70786992797369708       0.66994164227947350       0.83840812048888858     
  0.58480362982570688       0.81942446439354666       0.54241605933177583       0.54086107825472218       0.57257246747863344       0.51934258146694179       0.60375000911896837       0.51413261084525730       0.87023131298787404       0.48294429442541331       0.61063231670366647       0.56506862558437398       0.51445175024626499     
  0.68476590342173627       0.79316935906144315       0.77050432894881637       0.65605022375743871       0.68457029283747473       0.70612195269243450       0.93295758454320887       0.78422130570224557       0.76065044549626815       0.90219886260834881       0.74820041426246608       0.68247356069135556       0.79702684623388564     
  0.59490386953137675       0.82779984461683731       0.56148515995839965       0.55749763046621992       0.59109108220695983       0.53786657298352303       0.62037843704067464       0.53321528587460365       0.87694091079793224       0.49178942404247050       0.62733613974749802       0.57886537258263338       0.53471100030474572     
  0.78662226382389233       0.77864307540607458       0.84817735818881324       0.59124138997160935       0.72359119788107629       0.67283266941599307       0.74397582542135821       0.77939195456978216       0.81557713407148058       0.74112468769007267       0.82008583799952017       0.86694596658417300       0.86257335623928721     
  0.60500410923704662       0.83617522484012785       0.58055426058502346       0.57413418267771765       0.60960969693528622       0.55639056450010438       0.63700686496238090       0.55229796090395000       0.88365050860799055       0.50063455365952769       0.64403996279132958       0.59266211958089265       0.55497025036322634     
  0.75215932701815091       0.72621443876163605       0.85446595257030011       0.82698354584991440       0.74653444815857073       0.61510692857634175       0.69812365599505344       0.78526205812261296       0.87739843600803369       0.74495129596476539       0.65314654520648641       0.72341057189011715       0.77256437765886199     
  0.61562838120731023       0.84394493717649977       0.60105524525729437       0.59366556092400646       0.62812536335598146       0.57459029401864814       0.65279635309290041       0.56931058325661621       0.88871313093690874       0.50884140976910963       0.66077137223879812       0.60697709656433640       0.57387444657940945     
  0.76053673388895371       0.82138262716681343       0.73525244532948575       0.76815199178593574       0.66495778383874571       0.77477119669873462       0.77435886512677554       0.66615233589073664       0.70187632190996918       0.75398023157231142       0.81823860620262900       0.71884238329671857       0.73116777737322380     
  0.62625265317757384       0.85171464951287168       0.62155622992956527       0.61319693917029539       0.64664102977667670       0.59279002353719190       0.66858584122342002       0.58632320560928242       0.89377575326582681       0.51704826587869157       0.67750278168626665       0.62129207354778027       0.59277864279559245     
  0.68973564709495061       0.66834026384172074       0.69055818264084801       0.84303313691529025       0.67041979294067444       0.87640676569554699       0.77156703967418394       0.72616274860881380       0.82598679108315265       0.75841877010485648       0.84025574191551911       0.75456176131409747       0.78816239853784209     
  0.63805356253595003       0.85952702208748910       0.63589070986716312       0.63151875388011114       0.66608293063446355       0.61171434976512984       0.68481027232433767       0.60137928680325259       0.89906470713032449       0.52560448336121079       0.69358940699717242       0.63640843830580218       0.60931809114738655     
  0.72860733920889409       0.82771743990628088       0.73456919482477456       0.80368352051463654       0.84551763959535597       0.78984877664402542       0.86845744977690764       0.78264390136324902       0.68024623148422081       0.78772394967764359       0.63848691278543612       0.87835385542071143       0.79105610878432842     
  0.64985447189432621       0.86733939466210663       0.65022518980476107       0.64984056858992689       0.68552483149225030       0.63063867599306778       0.70103470342525542       0.61643536799722276       0.90435366099482217       0.53416070084372991       0.70967603230807819       0.65152480306382410       0.62585753949918077     
  0.65222368429435018        1.0292526436476717       0.66789940000927828       0.66522699591359968       0.72498239802440267       0.81019595563672586       0.91867404696057464       0.88103772183854179       0.88185363105433323       0.72638458172074993       0.61430815897186808       0.67399641451232462       0.83999783698774078     
  0.66291629013299835       0.87519554800903743       0.66789896207093791       0.66556399638708774       0.70327532750496469       0.64793862089895238       0.71567319927770123       0.63333656028393714       0.90904403871525596       0.54222026407112300       0.72590644864337972       0.66568588948021989       0.64056963497178299     
  0.77438744003514526       0.86566156275733930       0.70547666958649258       0.63605179835332148       0.59368943852032185       0.84360585675956434       0.87193338554172906       0.64855013646385107       0.72695042202106530       0.82367129455921528       0.63422507922655880       0.74577375801935619       0.67108291099673967     
  0.67597810837167038       0.88305170135596822       0.68557273433711485       0.68128742418424859       0.72102582351767908       0.66523856580483698       0.73031169513014715       0.65023775257065164       0.91373441643568976       0.55027982729851610       0.74213686497868137       0.67984697589661569       0.65528173044438520     
  0.69510601467178901       0.72385334102864751       0.87569439561027407       0.75144021195083777       0.73569732128924215       0.85571624561550330       0.66856511863902490       0.68641134737556120       0.67878207052421069       0.76064062561245827       0.83854123342472719       0.70433316538003754       0.69526586764758769     
  0.68885829326919823       0.89013461908363223       0.70568286919057810       0.69734705636139460       0.73810872016882001       0.68189067445999241       0.74529998542716835       0.66927310721262179       0.91728305484477712       0.56003506570063522       0.75951696309372729       0.69593207585583650       0.67378686470148774     
  0.69360851552750280       0.68245391356501151       0.82068767340360560       0.70875750292299700       0.75787330632274008       0.66830592302708902       0.82049547712355575       0.77408583988246293       0.67599424919050943       0.85298474387951850       0.70257133652785797       0.79030429178909534       0.82929368048818675     
  0.70173847816672619       0.89721753681129623       0.72579300404404146       0.71340668853854061       0.75519161681996094       0.69854278311514795       0.76028827572418956       0.68830846185459194       0.92083169325386449       0.56979030410275433       0.77689706120877333       0.71201717581505719       0.69229199895859028     
  0.89911951998054496       0.88966680134839138       0.79206778426749891       0.64566925348218029       0.74363292100233125       0.79929964985593815       0.75400517609739126       0.72015141030686192       0.58356551663811063       0.65859273502626325       0.78938418268945620       0.81949169931590526       0.84792701541785520     
  0.71505553178106496       0.90346808795847389       0.74514852490420425       0.72891260616040054       0.77289316706796063       0.71560174799783760       0.77622888054053862       0.70791845400813369       0.92562588040930494       0.58004574267066578       0.79455718933345487       0.72946537333872508       0.71086244910197394     
  0.94822340778104064       0.77224691011012792       0.86931934502303665       0.71261027052975190       0.89849187262583252       0.74112467307184882       0.87564460584247250       0.71209013005347621       0.73554858570273174       0.72878448097818327       0.88926922897865590       0.72960105915200157       0.77065399901220422     
  0.72837258539540362       0.90971863910565154       0.76450404576436704       0.74441852378226048       0.79059471731596020       0.73266071288052725       0.79216948535688769       0.72752844616167545       0.93042006756474538       0.59030118123857711       0.81221731745813641       0.74691357086239307       0.72943289924535748     
  0.67831579197840142       0.67408427601112308       0.76348308055522374       0.72224281381469424       0.71117965579005316       0.70630391153424121       0.85249372910426713       0.76332740883648575        1.0341371126313281       0.76185232821375937       0.72298416629316842       0.60427908650407058       0.64845486105006300     
  0.74241350759813340       0.91698147123227791       0.78352438426198323       0.76428757038617912       0.80612260409117009       0.75200298134467713       0.80739603846281716       0.74511848614746579       0.93513560329692713       0.59995341478475916       0.82834169584482686       0.76629982307713584       0.74894460118408490     
  0.74061292576131399       0.83256194418553930       0.75473503712008083       0.72154170262048001       0.63641581257415969       0.73091616591488484       0.90144999540674065       0.72187971509073456       0.80552371828066882       0.77144847966124430       0.70541119235023131       0.78289450094285584       0.84633336680128635     
  0.75645442980086319       0.92424430335890440       0.80254472275959943       0.78415661699009764       0.82165049086637998       0.77134524980882713       0.82262259156874651       0.76270852613325624       0.93985113902910888       0.60960564833094111       0.84446607423151721       0.78568607529187873       0.76845630312281232     
  0.73054649435229890       0.96759471940367492       0.61746970615489949       0.71335556886295115       0.72604092778850238       0.89776720571399071       0.76903067908785649       0.77327787728294917       0.83731169303855169       0.73012749139089295       0.78832769103989209       0.75142624337018149       0.80547029316031171     
  0.77259395286288057       0.93030854358599224       0.81981120581321421       0.80247975186825782       0.83449963113150427       0.79241410333962037       0.83562522743226819       0.78271004684156020       0.94473863508824008       0.62036645101275001       0.86002513609711428       0.80228968049656535       0.78997765402260856     
  0.76951171170053156       0.80546575601407377       0.68682780736399163       0.73970990431238959       0.65926792604880746       0.76545005134208655       0.85139020854220615       0.72892215003037042       0.96051052741553666       0.79381323244016144       0.75844916611830815       0.65537733332779258       0.78552395421444099     
  0.78873347592489795       0.93637278381308009       0.83707768886682898       0.82080288674641810       0.84734877139662845       0.81348295687041350       0.84862786329578976       0.80271156754986406       0.94962613114737116       0.63112725369455880       0.87558419796271125       0.81889328570125186       0.81149900492240479     
  0.71233446070559847       0.78404488275190398       0.86305718710414692       0.78160004106025172       0.58651147970996143       0.78442140238899283       0.82009851636303122       0.65181222781784443       0.68648589514672154       0.73367889235845507       0.69762055474993756       0.71000772950925151       0.88848453347320033     
  0.80553322345700851       0.94223220524542639       0.85475312209494669       0.84019097161584377       0.86408559747876135       0.83416965114731279       0.86317841663220363       0.82313404145323710       0.95472928952673053       0.64377365111444307       0.89110924368674471       0.83941175374874355       0.82880124186228299     
  0.73136853984591188       0.84933004829200220       0.78558386669220615       0.88088873527419909       0.85580248577108076       0.82474966793950899       0.73152635899256180       0.67938205618808201       0.86043380150198823       0.90050287499196080       0.82695495066580860       0.80542613024926046       0.69973375689133810     
  0.82233297098911895       0.94809162667777258       0.87242855532306440       0.85957905648526944       0.88082242356089413       0.85485634542421207       0.87772896996861738       0.84355651535661025       0.95983244790608990       0.65642004853432734       0.90663428941077806       0.85993022179623535       0.84610347880216130     
  0.70991311376660493       0.79368357036548265       0.86242219837802758       0.74780467024515418       0.75808136949118166       0.78170326761077491       0.79034409385645721       0.75738632407883821       0.97076190502049975       0.79551062381607518       0.85582732959584540       0.76002981148320825       0.69471928460065557     
  0.84030232023933760       0.95421424038442826       0.89080957447951570       0.87736913501221059       0.89608295220466572       0.87419953446132892       0.89061261066318775       0.86397010173369970       0.96447956632344334       0.67109433042804878       0.92045611708153308       0.87912719442426612       0.86622919201525572     
  0.77211449185336900       0.86577468312399997       0.68406357001507845       0.71641342891417292       0.75405198285745600       0.74121689330077367       0.65873395155339021       0.72433485853842317       0.70463630736145000       0.71007406812564178       0.89249674909322496       0.74532580710906571       0.88379064088618164     
  0.85827166948955613       0.96033685409108382       0.90919059363596699       0.89515921353915173       0.91134348084843730       0.89354272349844566       0.90349625135775813       0.88438368811078916       0.96912668474079688       0.68576861232177033       0.93427794475228809       0.89832416705229690       0.88635490522835014     
  0.76056678850625070       0.83401518803521935       0.61332412229084754       0.84837028552760174       0.73057567873925011       0.78152156310795273       0.67041616332871856       0.82287688227472633       0.79122985809384949       0.77838054211088326       0.65947194102461426       0.74160981151045302       0.71690886074114446     
  0.87812633863994605       0.96662455785071355       0.92524276185954646       0.91266967846496794       0.92540946582113193       0.91064936604278990       0.91540864159457003       0.90437709982882186       0.97319627829280364       0.70166463647010446       0.94612107675707002       0.91550805836043503       0.90609210323580625     
  0.78169529898143586       0.74595292660920953       0.67913769802543911       0.67282022646624728       0.69025546572043905       0.82954022758712898       0.74136241312388407       0.74795059711777045       0.72216985935459976       0.67976975184410304       0.82695597686301503       0.81457654487226139       0.77274525722081777     
  0.89798100779033607       0.97291226161034317       0.94129493008312581       0.93018014339078414       0.93947545079382655       0.92775600858713403       0.92732103183138193       0.92437051154685457       0.97726587184481040       0.71756066061843848       0.95796420876185195       0.93269194966857316       0.92582930124326224     
  0.75292591455949953       0.81264212579749973       0.63913614451164569       0.68509484017614131       0.74003070888510802       0.80440611064139611       0.80680158707920924       0.80388686636254947       0.83752985477265884       0.70855686230232406       0.82044992921638771       0.87206735383997691       0.73864562049773608     
  0.92018752343940213       0.97977073566897865       0.95643458457393171       0.94878327137648877       0.95474896459850112       0.94607176909142998       0.94428634607219653       0.94486955916829674       0.98220908320378086       0.75178908620545815       0.96965765630570888       0.94964621477906808       0.94571372406141263     
  0.70458901813371333       0.83776089171565304       0.55597467694990177       0.79172948043524038       0.78975178758480180       0.63575031849952712       0.86349700204648228       0.76470698330367859       0.96358459682014908       0.74263031586029360       0.84331652772881760       0.73186080254272634       0.80072256768407479     
  0.94239403908846819       0.98662920972761414       0.97157423906473772       0.96738639936219351       0.97002247840317568       0.96438752959572605       0.96125166031301112       0.96536860678973879       0.98715229456275122       0.78601751179247792       0.98135110384956570       0.96660047988956310       0.96559814687956291     
  0.74202904221402755        1.0334830521411387       0.65520448725807334       0.82086436844283583       0.68063143742697119       0.86392143078480887       0.81029392502732978        1.0621211139950175       0.90036415738863618       0.79267064468571258       0.81507349887738001       0.66245895457213566       0.78652655082248957     
  0.97119701954423410       0.99331460486380707       0.98578711953236886       0.98369319968109670       0.98501123920158784       0.98219376479786302       0.98062583015650562       0.98268430339486934       0.99357614728137555       0.89300875589623896       0.99067555192478285       0.98330023994478155       0.98279907343978146     
  0.71192979845327820       0.99919648024007379       0.59666746692087813       0.65047592124063047       0.79642536183940371       0.73431729822001635       0.79125893624237276       0.64020021232740232       0.84722193691690506       0.73072325521570314       0.74707123226380789       0.75420356763181173       0.77704984269304866     
   1.0000000000000000        1.0000000000000000        1.0000000000000000        1.0000000000000000        1.0000000000000000        1.0000000000000000        1.0000000000000000        1.0000000000000000        1.0000000000000000        1.0000000000000000        1.0000000000000000        1.0000000000000000        1.0000000000000000     
  0.68194321418251413       0.82670435476812909       0.67465238738403233       0.81854835533038639       0.65212918587323632       0.71979112327916617       0.71687778396075119       0.73703723180649705       0.90885086806481852       0.55096447597397047       0.79861820550160745       0.73977345700607289       0.64416034621555807     
   0.0000000000000000       -36.419721994762376        4.4710573426857891        4.0033294562226489       -7.9304456217391008        3.8632186058882905        12.480727502187893        4.9114317498707365        0.0000000000000000        9.2652076857670842        3.7238765003882697        4.5214780515688249        5.7651606680221166     
   0.0000000000000000        1.5351455137229859        9.2185865977093275        8.8868286378303321        5.0092147622608918        1.1136803838397475        2.4493278651196215        3.3092341045271283        5.3292946791047120        4.9673408698451551        3.8773543806103783        8.6316776681379750        7.4266356589861013     
   4.2576222869065719        6.5997193582150206        4.1523293728972961        4.4806926059388221        3.6665724787739999        6.0978633950863355        3.9221501127777580        7.4313408007691235        6.2497208422630282        2.3433679386911126        7.0211643605898626        5.9515480859304306        5.5729164369541824     
   3.8284294927225249        6.9914649920054766        1.5462124101584747        6.0032576199393235        5.9579748287633221        2.7502633909850593        3.8919550256262267       -1.8339878676773160        7.1419663519522487        5.4890532782052128        7.4219761702710310        1.1461765872705445        1.9400830708709103     
   2.4638570997702942        7.3144777194892034        6.1795125110496372        2.6870186701237935        7.5530298970881713        3.4129329866250018        5.2660278433985228        7.5569698590214793        6.7931934657923669        5.4463301099967856        6.0783571008268797        3.6968144710657604       -4.8484920363941836E-002
   7.3647387192865708        6.2191943519977828        4.4788696000527191        2.6980731230346029        6.6570279843223661        7.5239687193158220       0.69459470200012685        5.3768202686262390        5.1572148650934819        4.3079591811292337        4.6694193637647157        6.8162919947071865        8.4723596302428934     
   5.6654238894320335        3.8651656287766150        1.5597402143005250        7.1419279329817389        6.9313579424979492        4.7520600252082197        6.7504373453955848        8.9406165292605042        4.0352770860792901        8.0054023243447077        1.2231230135367823        5.4506080728382038        1.6962532234850645     
   8.1638691337013309        4.3315557041115005        4.6185405238349526        1.9148048434429423        7.9447571844487177        8.1405160989349845        13.283099889872986        2.3962462944449823        4.5149972809883989        8.3000969746531901        4.9155516472958913        3.9190807478751086        4.4153641492945228     
   8.2268186035410211E-004
           1           1           1           1           1           1           1           1           1           1           1           1           1
   4.2502329992489065E-004   2.1781518376404497E-004   2.1076030096375619E-006   4.0096467634323369        9.6960564664653248E-006   9.7936855256140023E-009
   9.7146488939108725E-006   8.5350715141942759E-006   1.4884157001408260E-006   1.4792961057422811        1.4874346620194190E-006   1.4687816766806255E-009
   5.0000000000000001E-003   3.5387247065435750     
