     
 Collinear #          88
 
 part:           1
 comp:           0
  0.99999999738706846        276.25018208031537        276.25018280213817     
  0.99999999975059795        276.25018273324082        276.25018280213817     
  0.99999999997517264        276.25018279527961        276.25018280213817     
  0.99999999999751821        276.25018280145258        276.25018280213817     
  0.99999999999975164        276.25018280206956        276.25018280213817     
  0.99999999999997513        276.25018280213129        276.25018280213817     
  0.99999999999999711        276.25018280213737        276.25018280213817     
  0.99999999999999978        276.25018280213811        276.25018280213817     
   1.0000000000000000        276.25018280213817        276.25018280213817     
  0.99999999999999978        276.25018280213811        276.25018280213817     
 comp:           1
   0.0000000000000000        0.0000000000000000     
   0.0000000000000000        0.0000000000000000     
   0.0000000000000000        0.0000000000000000     
   0.0000000000000000        0.0000000000000000     
   0.0000000000000000        0.0000000000000000     
   0.0000000000000000        0.0000000000000000     
   0.0000000000000000        0.0000000000000000     
   0.0000000000000000        0.0000000000000000     
   0.0000000000000000        0.0000000000000000     
   0.0000000000000000        0.0000000000000000     
 comp:           2
   0.0000000000000000        0.0000000000000000     
   0.0000000000000000        0.0000000000000000     
   0.0000000000000000        0.0000000000000000     
   0.0000000000000000        0.0000000000000000     
   0.0000000000000000        0.0000000000000000     
   0.0000000000000000        0.0000000000000000     
   0.0000000000000000        0.0000000000000000     
   0.0000000000000000        0.0000000000000000     
   0.0000000000000000        0.0000000000000000     
   0.0000000000000000        0.0000000000000000     
 comp:           3
  0.99999999738706846        276.25018208031537        276.25018280213817     
  0.99999999975059795        276.25018273324082        276.25018280213817     
  0.99999999997517264        276.25018279527961        276.25018280213817     
  0.99999999999751821        276.25018280145258        276.25018280213817     
  0.99999999999975164        276.25018280206956        276.25018280213817     
  0.99999999999997513        276.25018280213129        276.25018280213817     
  0.99999999999999711        276.25018280213737        276.25018280213817     
  0.99999999999999978        276.25018280213811        276.25018280213817     
   1.0000000000000000        276.25018280213817        276.25018280213817     
  0.99999999999999978        276.25018280213811        276.25018280213817     
 
 part:           2
 comp:           0
   1.0000000346902136        276.25000958317150        276.25000000000000     
   1.0000000033240080        276.25000091825723        276.25000000000000     
   1.0000000003310165        276.25000009144333        276.25000000000000     
   1.0000000000330880        276.25000000914054        276.25000000000000     
   1.0000000000033085        276.25000000091399        276.25000000000000     
   1.0000000000003308        276.25000000009140        276.25000000000000     
   1.0000000000000329        276.25000000000909        276.25000000000000     
   1.0000000000000036        276.25000000000097        276.25000000000000     
   1.0000000000000002        276.25000000000006        276.25000000000000     
   1.0000000000000000        276.25000000000000        276.25000000000000     
 comp:           1
   0.0000000000000000        0.0000000000000000     
   0.0000000000000000        0.0000000000000000     
   0.0000000000000000        0.0000000000000000     
   0.0000000000000000        0.0000000000000000     
   0.0000000000000000        0.0000000000000000     
   0.0000000000000000        0.0000000000000000     
   0.0000000000000000        0.0000000000000000     
   0.0000000000000000        0.0000000000000000     
   0.0000000000000000        0.0000000000000000     
   0.0000000000000000        0.0000000000000000     
 comp:           2
   0.0000000000000000        0.0000000000000000     
   0.0000000000000000        0.0000000000000000     
   0.0000000000000000        0.0000000000000000     
   0.0000000000000000        0.0000000000000000     
   0.0000000000000000        0.0000000000000000     
   0.0000000000000000        0.0000000000000000     
   0.0000000000000000        0.0000000000000000     
   0.0000000000000000        0.0000000000000000     
   0.0000000000000000        0.0000000000000000     
   0.0000000000000000        0.0000000000000000     
 comp:           3
   1.0000000346902136       -276.25000958317150       -276.25000000000000     
   1.0000000033240080       -276.25000091825723       -276.25000000000000     
   1.0000000003310165       -276.25000009144333       -276.25000000000000     
   1.0000000000330880       -276.25000000914054       -276.25000000000000     
   1.0000000000033085       -276.25000000091399       -276.25000000000000     
   1.0000000000003308       -276.25000000009140       -276.25000000000000     
   1.0000000000000329       -276.25000000000909       -276.25000000000000     
   1.0000000000000036       -276.25000000000097       -276.25000000000000     
   1.0000000000000002       -276.25000000000006       -276.25000000000000     
   1.0000000000000000       -276.25000000000000       -276.25000000000000     
 
 part:           3
 comp:           0
  0.99999992437659202        111.06976357160674        111.06977197108142     
  0.99999997654901374        111.06976936638573        111.06977197108142     
  0.99999999259834771        111.06977114898159        111.06977197108142     
  0.99999999765983960        111.06977171116034        111.06977197108142     
  0.99999999925999050        111.06977188888874        111.06977197108142     
  0.99999999976598897        111.06977194508987        111.06977197108142     
  0.99999999992599931        111.06977196286218        111.06977197108142     
  0.99999999997659894        111.06977196848227        111.06977197108142     
  0.99999999999259992        111.06977197025950        111.06977197108142     
  0.99999999999765987        111.06977197082151        111.06977197108142     
 comp:           1
  0.99999967954894531        47.349465368370780        47.349480541561761     
  0.99999990062742627        47.349475836322014        47.349480541561761     
  0.99999996863580831        47.349479056483574        47.349480541561761     
  0.99999999008366869        47.349480072028626        47.349480541561761     
  0.99999999686424068        47.349480393085187        47.349480541561761     
  0.99999999900838776        47.349480494609438        47.349480541561761     
  0.99999999968642472        47.349480526714132        47.349480541561761     
  0.99999999990083877        47.349480536866530        47.349480541561761     
  0.99999999996864242        47.349480540076996        47.349480541561761     
  0.99999999999008382        47.349480541092234        47.349480541561761     
 comp:           2
  0.99999975827783949        29.787925419205042        29.787932619608473     
  0.99999992504142865        29.787930386747600        29.787932619608473     
  0.99999997634140969        29.787931914867979        29.787932619608473     
  0.99999999251992788        29.787932396792588        29.787932619608473     
  0.99999999763463876        29.787932549149250        29.787932619608473     
  0.99999999925200844        29.787932597327352        29.787932619608473     
  0.99999999976346432        29.787932612562564        29.787932619608473     
  0.99999999992520083        29.787932617380360        29.787932619608473     
  0.99999999997634637        29.787932618903881        29.787932619608473     
  0.99999999999252009        29.787932619385661        29.787932619608473     
 comp:           3
   1.0000000000000000       -95.937699990160070       -95.937699990160070     
   1.0000000000000000       -95.937699990160070       -95.937699990160070     
   1.0000000000000000       -95.937699990160070       -95.937699990160070     
   1.0000000000000000       -95.937699990160070       -95.937699990160070     
   1.0000000000000000       -95.937699990160070       -95.937699990160070     
   1.0000000000000000       -95.937699990160070       -95.937699990160070     
   1.0000000000000000       -95.937699990160070       -95.937699990160070     
   1.0000000000000000       -95.937699990160070       -95.937699990160070     
   1.0000000000000000       -95.937699990160070       -95.937699990160070     
   1.0000000000000000       -95.937699990160070       -95.937699990160070     
 
 part:           4
 comp:           0
  0.99999987859275663        134.88127116610764        134.88128754167295     
  0.99999996235134647        134.88128246357408        134.88128754167295     
  0.99999998811724855        134.88128593891213        134.88128754167295     
  0.99999999624306268        134.88128703493240        134.88128754167295     
  0.99999999881197488        134.88128738143058        134.88128754167295     
  0.99999999962431418        134.88128749099997        134.88128754167295     
  0.99999999988119759        134.88128752564873        134.88128754167295     
  0.99999999996243139        134.88128753660564        134.88128754167295     
  0.99999999998811984        134.88128754007053        134.88128754167295     
  0.99999999999624312        134.88128754116622        134.88128754167295     
 comp:           1
  0.99999986065881730        132.23705963809232        132.23707806416317     
  0.99999995678999343        132.23707235019816        132.23707806416317     
  0.99999998636196197        132.23707626070887        132.23707806416317     
  0.99999999568809861        132.23707749396993        132.23707806416317     
  0.99999999863648303        132.23707788385568        132.23707806416317     
  0.99999999956881891        132.23707800714504        132.23707806416317     
  0.99999999986364863        132.23707804613247        132.23707806416317     
  0.99999999995688182        132.23707805846135        132.23707806416317     
  0.99999999998636480        132.23707806236010        132.23707806416317     
  0.99999999999568834        132.23707806359300        132.23707806416317     
 comp:           2
   1.0000003355612088       -26.057997512087120       -26.057988768036907     
   1.0000001040582673       -26.057991479586068       -26.057988768036907     
   1.0000000328431009       -26.057989623862060       -26.057988768036907     
   1.0000000103839140       -26.057989038620821       -26.057988768036907     
   1.0000000032836192       -26.057988853601419       -26.057988768036907     
   1.0000000010383696       -26.057988795094730       -26.057988768036907     
   1.0000000003283613       -26.057988776593341       -26.057988768036907     
   1.0000000001038369       -26.057988770742689       -26.057988768036907     
   1.0000000000328362       -26.057988768892550       -26.057988768036907     
   1.0000000000103837       -26.057988768307485       -26.057988768036907     
 comp:           3
   1.0000000000000000       -4.9132887475442004       -4.9132887475442004     
   1.0000000000000000       -4.9132887475442004       -4.9132887475442004     
   1.0000000000000000       -4.9132887475442004       -4.9132887475442004     
   1.0000000000000000       -4.9132887475442004       -4.9132887475442004     
   1.0000000000000000       -4.9132887475442004       -4.9132887475442004     
   1.0000000000000000       -4.9132887475442004       -4.9132887475442004     
   1.0000000000000000       -4.9132887475442004       -4.9132887475442004     
   1.0000000000000000       -4.9132887475442004       -4.9132887475442004     
   1.0000000000000000       -4.9132887475442004       -4.9132887475442004     
   1.0000000000000000       -4.9132887475442004       -4.9132887475442004     
 
 part:           5
 comp:           0
  0.99999996794724233        117.28317183443880        117.28317559368801     
  0.99999999006036744        117.28317442793634        117.28317559368801     
  0.99999999686283103        117.28317522575088        117.28317559368801     
  0.99999999900812975        117.28317547735833        117.28317559368801     
  0.99999999968634912        117.28317555690204        117.28317559368801     
  0.99999999990081512        117.28317558205529        117.28317559368801     
  0.99999999996863498        117.28317559000942        117.28317559368801     
  0.99999999999008149        117.28317559252474        117.28317559368801     
  0.99999999999686351        117.28317559332015        117.28317559368801     
  0.99999999999900813        117.28317559357168        117.28317559368801     
 comp:           1
   1.0000053813916454       -2.9773130905556844       -2.9772970685541140     
   1.0000016687813078       -2.9773020370118100       -2.9772970685541140     
   1.0000005267044509       -2.9772986367097318       -2.9772970685541140     
   1.0000001665267140       -2.9772975643536115       -2.9772970685541140     
   1.0000000526593638       -2.9772972253366832       -2.9772970685541140     
   1.0000000166523211       -2.9772971181330208       -2.9772970685541140     
   1.0000000052659253       -2.9772970842323381       -2.9772970685541140     
   1.0000000016652317       -2.9772970735120037       -2.9772970685541140     
   1.0000000005265925       -2.9772970701219363       -2.9772970685541140     
   1.0000000001665232       -2.9772970690499032       -2.9772970685541140     
 comp:           2
  0.99999988168475851        64.262250455973302        64.262258059177881     
  0.99999996331018504        64.262255701407526        64.262258059177881     
  0.99999998841987947        64.262257315013187        64.262258059177881     
  0.99999999633874481        64.262257823897357        64.262258059177881     
  0.99999999884223156        64.262257984777065        64.262258059177881     
  0.99999999963388209        64.262258035650319        64.262258059177881     
  0.99999999988422339        64.262258051737817        64.262258059177881     
  0.99999999996338829        64.262258056825132        64.262258059177881     
  0.99999999998842226        64.262258058433872        64.262258059177881     
  0.99999999999633882        64.262258058942606        64.262258059177881     
 comp:           3
   1.0000000000000000        98.065494281327432        98.065494281327432     
   1.0000000000000000        98.065494281327432        98.065494281327432     
   1.0000000000000000        98.065494281327432        98.065494281327432     
   1.0000000000000000        98.065494281327432        98.065494281327432     
   1.0000000000000000        98.065494281327432        98.065494281327432     
   1.0000000000000000        98.065494281327432        98.065494281327432     
   1.0000000000000000        98.065494281327432        98.065494281327432     
   1.0000000000000000        98.065494281327432        98.065494281327432     
   1.0000000000000000        98.065494281327432        98.065494281327432     
   1.0000000000000000        98.065494281327432        98.065494281327432     
 
 part:           6
 comp:           0
   1.0484750478208835        1.9166348051639429E-004   1.8280213812883904E-004
   1.0046463312250598        1.8365149741123474E-004   1.8280213812883904E-004
   1.0004627121170371        1.8288672289317156E-004   1.8280213812883904E-004
   1.0000462520882885        1.8281059310947109E-004   1.8280213812883904E-004
   1.0000046250176819        1.8280298359196019E-004   1.8280213812883904E-004
   1.0000004624998566        1.8280222267480172E-004   1.8280213812883904E-004
   1.0000000462499667        1.8280214658343184E-004   1.8280213812883904E-004
   1.0000000046249971        1.8280213897429838E-004   1.8280213812883904E-004
   1.0000000004624994        1.8280213821338491E-004   1.8280213812883904E-004
   1.0000000000462497        1.8280213813729357E-004   1.8280213812883904E-004
 comp:           1
   7.5476776324902482E-005   0.0000000000000000     
   2.3405512998217071E-005   0.0000000000000000     
   7.3872998175161684E-006   0.0000000000000000     
   2.3356224880565259E-006   0.0000000000000000     
   7.3857455595761536E-007   0.0000000000000000     
   2.3355733519243916E-007   0.0000000000000000     
   7.3857300200095375E-008   0.0000000000000000     
   2.3355728657555105E-008   0.0000000000000000     
   7.3857297638333821E-009   0.0000000000000000     
   2.3355729522992525E-009   0.0000000000000000     
 comp:           2
   3.5817333349575563E-005   0.0000000000000000     
   1.1107033210669492E-005   0.0000000000000000     
   3.5056264059059520E-006   0.0000000000000000     
   1.1083643646010439E-006   0.0000000000000000     
   3.5048888363188635E-007   0.0000000000000000     
   1.1083410471607683E-007   0.0000000000000000     
   3.5048814620527018E-008   0.0000000000000000     
   1.1083408164504262E-008   0.0000000000000000     
   3.5048813404848881E-009   0.0000000000000000     
   1.1083408575195631E-009   0.0000000000000000     
 comp:           3
  0.94362760523459455        1.7249714383427996E-004   1.8280213812883904E-004
  0.99459987449186193        1.8181498363978733E-004   1.8280213812883904E-004
  0.99946225006626632        1.8270383629117389E-004   1.8280213812883904E-004
  0.99994624752924832        1.8279231206225593E-004   1.8280213812883904E-004
  0.99999462497804914        1.8280115556333393E-004   1.8280213812883904E-004
  0.99999946250005578        1.8280203987270001E-004   1.8280213812883904E-004
  0.99999994625002842        1.8280212830322932E-004   1.8280213812883904E-004
  0.99999999462500333        1.8280213714627817E-004   1.8280213812883904E-004
  0.99999999946250007        1.8280213803058290E-004   1.8280213812883904E-004
  0.99999999994624955        1.8280213811901335E-004   1.8280213812883904E-004
 
 part:           7
 comp:           0
   1.0000001507631111        189.26579342785317        189.26576489355762     
   1.0000000467519672        189.26577374210444        189.26576489355762     
   1.0000000147559591        189.26576768635550        189.26576489355762     
   1.0000000046653514        189.26576577654893        189.26576489355762     
   1.0000000014752854        189.26576517277866        189.26576489355762     
   1.0000000004665253        189.26576498185489        189.26576489355762     
   1.0000000001475282        189.26576492147967        189.26576489355762     
   1.0000000000466525        189.26576490238733        189.26576489355762     
   1.0000000000147529        189.26576489634982        189.26576489355762     
   1.0000000000046654        189.26576489444059        189.26576489355762     
 comp:           1
   1.0000001463995303       -176.60928739268371       -176.60926153717080     
   1.0000000453988114       -176.60926955502134       -176.60926153717080     
   1.0000000143288732       -176.60926406778250       -176.60926153717080     
   1.0000000045303208       -176.60926233726741       -176.60926153717080     
   1.0000000014325858       -176.60926179017872       -176.60926153717080     
   1.0000000004530225       -176.60926161717876       -176.60926153717080     
   1.0000000001432583       -176.60926156247154       -176.60926153717080     
   1.0000000000453022       -176.60926154517159       -176.60926153717080     
   1.0000000000143259       -176.60926153970087       -176.60926153717080     
   1.0000000000045302       -176.60926153797087       -176.60926153717080     
 comp:           2
   1.0000001804570933       -67.992214180424568       -67.992201910749444     
   1.0000000559601354       -67.992205715602267       -67.992201910749444     
   1.0000000176622617       -67.992203111645509       -67.992201910749444     
   1.0000000055842293       -67.992202290433482       -67.992201910749444     
   1.0000000017658546       -67.992202030813786       -67.992201910749444     
   1.0000000005584113       -67.992201948717053       -67.992201910749444     
   1.0000000001765852       -67.992201922755854       -67.992201910749444     
   1.0000000000558411       -67.992201914546200       -67.992201910749444     
   1.0000000000176585       -67.992201911950090       -67.992201910749444     
   1.0000000000055840       -67.992201911129115       -67.992201910749444     
 comp:           3
   1.0000000000000000        2.7854944563767958        2.7854944563767958     
   1.0000000000000000        2.7854944563767958        2.7854944563767958     
   1.0000000000000000        2.7854944563767958        2.7854944563767958     
   1.0000000000000000        2.7854944563767958        2.7854944563767958     
   1.0000000000000000        2.7854944563767958        2.7854944563767958     
   1.0000000000000000        2.7854944563767958        2.7854944563767958     
   1.0000000000000000        2.7854944563767958        2.7854944563767958     
   1.0000000000000000        2.7854944563767958        2.7854944563767958     
   1.0000000000000000        2.7854944563767958        2.7854944563767958     
   1.0000000000000000        2.7854944563767958        2.7854944563767958     
 
 part: i_fks+j_fks
 comp:           0
   1.0000000294642852        276.25037374379588        276.25036560427628     
   1.0000000028251979        276.25036638473824        276.25036560427628     
   1.0000000002813614        276.25036568200250        276.25036560427628     
   1.0000000000281246        276.25036561204570        276.25036560427628     
   1.0000000000028122        276.25036560505316        276.25036560427628     
   1.0000000000002813        276.25036560435399        276.25036560427628     
   1.0000000000000278        276.25036560428396        276.25036560427628     
   1.0000000000000029        276.25036560427708        276.25036560427628     
   1.0000000000000004        276.25036560427640        276.25036560427628     
  0.99999999999999978        276.25036560427623        276.25036560427628     
 comp:           1
   7.5476776324902482E-005   0.0000000000000000     
   2.3405512998217071E-005   0.0000000000000000     
   7.3872998175161684E-006   0.0000000000000000     
   2.3356224880565259E-006   0.0000000000000000     
   7.3857455595761536E-007   0.0000000000000000     
   2.3355733519243916E-007   0.0000000000000000     
   7.3857300200095375E-008   0.0000000000000000     
   2.3355728657555105E-008   0.0000000000000000     
   7.3857297638333821E-009   0.0000000000000000     
   2.3355729522992525E-009   0.0000000000000000     
 comp:           2
   3.5817333349575563E-005   0.0000000000000000     
   1.1107033210669492E-005   0.0000000000000000     
   3.5056264059059520E-006   0.0000000000000000     
   1.1083643646010439E-006   0.0000000000000000     
   3.5048888363188635E-007   0.0000000000000000     
   1.1083410471607683E-007   0.0000000000000000     
   3.5048814620527018E-008   0.0000000000000000     
   1.1083408164504262E-008   0.0000000000000000     
   3.5048813404848881E-009   0.0000000000000000     
   1.1083408575195631E-009   0.0000000000000000     
 comp:           3
  0.99999996008397285        276.25035457745918        276.25036560427628     
  0.99999999617719304        276.25036454822447        276.25036560427628     
  0.99999999961932939        276.25036549911590        276.25036560427628     
  0.99999999996194877        276.25036559376463        276.25036560427628     
  0.99999999999619493        276.25036560322513        276.25036560427628     
  0.99999999999961953        276.25036560417118        276.25036560427628     
  0.99999999999996148        276.25036560426565        276.25036560427628     
  0.99999999999999634        276.25036560427526        276.25036560427628     
  0.99999999999999978        276.25036560427623        276.25036560427628     
  0.99999999999999978        276.25036560427623        276.25036560427628     
     
 Collinear #          72
 
 part:           1
 comp:           0
   1.0000000335054471        276.25000925587977        276.25000000000000     
   1.0000000032104841        276.25000088689620        276.25000000000000     
   1.0000000003197114        276.25000008832029        276.25000000000000     
   1.0000000000319578        276.25000000882835        276.25000000000000     
   1.0000000000031957        276.25000000088278        276.25000000000000     
   1.0000000000003195        276.25000000008828        276.25000000000000     
   1.0000000000000320        276.25000000000881        276.25000000000000     
   1.0000000000000031        276.25000000000085        276.25000000000000     
   1.0000000000000002        276.25000000000006        276.25000000000000     
   1.0000000000000000        276.25000000000000        276.25000000000000     
 comp:           1
   0.0000000000000000        0.0000000000000000     
   0.0000000000000000        0.0000000000000000     
   0.0000000000000000        0.0000000000000000     
   0.0000000000000000        0.0000000000000000     
   0.0000000000000000        0.0000000000000000     
   0.0000000000000000        0.0000000000000000     
   0.0000000000000000        0.0000000000000000     
   0.0000000000000000        0.0000000000000000     
   0.0000000000000000        0.0000000000000000     
   0.0000000000000000        0.0000000000000000     
 comp:           2
   0.0000000000000000        0.0000000000000000     
   0.0000000000000000        0.0000000000000000     
   0.0000000000000000        0.0000000000000000     
   0.0000000000000000        0.0000000000000000     
   0.0000000000000000        0.0000000000000000     
   0.0000000000000000        0.0000000000000000     
   0.0000000000000000        0.0000000000000000     
   0.0000000000000000        0.0000000000000000     
   0.0000000000000000        0.0000000000000000     
   0.0000000000000000        0.0000000000000000     
 comp:           3
   1.0000000335054471        276.25000925587977        276.25000000000000     
   1.0000000032104841        276.25000088689620        276.25000000000000     
   1.0000000003197114        276.25000008832029        276.25000000000000     
   1.0000000000319578        276.25000000882835        276.25000000000000     
   1.0000000000031957        276.25000000088278        276.25000000000000     
   1.0000000000003195        276.25000000008828        276.25000000000000     
   1.0000000000000320        276.25000000000881        276.25000000000000     
   1.0000000000000031        276.25000000000085        276.25000000000000     
   1.0000000000000002        276.25000000000006        276.25000000000000     
   1.0000000000000000        276.25000000000000        276.25000000000000     
 
 part:           2
 comp:           0
  0.99999999747630675        276.25017586176978        276.25017655894050     
  0.99999999975911613        276.25017649239629        276.25017655894050     
  0.99999999997602063        276.25017655231619        276.25017655894050     
  0.99999999999760325        276.25017655827838        276.25017655894050     
  0.99999999999976030        276.25017655887427        276.25017655894050     
  0.99999999999997591        276.25017655893384        276.25017655894050     
  0.99999999999999756        276.25017655893981        276.25017655894050     
  0.99999999999999956        276.25017655894038        276.25017655894050     
   1.0000000000000000        276.25017655894050        276.25017655894050     
   1.0000000000000000        276.25017655894050        276.25017655894050     
 comp:           1
   0.0000000000000000        0.0000000000000000     
   0.0000000000000000        0.0000000000000000     
   0.0000000000000000        0.0000000000000000     
   0.0000000000000000        0.0000000000000000     
   0.0000000000000000        0.0000000000000000     
   0.0000000000000000        0.0000000000000000     
   0.0000000000000000        0.0000000000000000     
   0.0000000000000000        0.0000000000000000     
   0.0000000000000000        0.0000000000000000     
   0.0000000000000000        0.0000000000000000     
 comp:           2
   0.0000000000000000        0.0000000000000000     
   0.0000000000000000        0.0000000000000000     
   0.0000000000000000        0.0000000000000000     
   0.0000000000000000        0.0000000000000000     
   0.0000000000000000        0.0000000000000000     
   0.0000000000000000        0.0000000000000000     
   0.0000000000000000        0.0000000000000000     
   0.0000000000000000        0.0000000000000000     
   0.0000000000000000        0.0000000000000000     
   0.0000000000000000        0.0000000000000000     
 comp:           3
  0.99999999747630675       -276.25017586176978       -276.25017655894050     
  0.99999999975911613       -276.25017649239629       -276.25017655894050     
  0.99999999997602063       -276.25017655231619       -276.25017655894050     
  0.99999999999760325       -276.25017655827838       -276.25017655894050     
  0.99999999999976030       -276.25017655887427       -276.25017655894050     
  0.99999999999997591       -276.25017655893384       -276.25017655894050     
  0.99999999999999756       -276.25017655893981       -276.25017655894050     
  0.99999999999999956       -276.25017655894038       -276.25017655894050     
   1.0000000000000000       -276.25017655894050       -276.25017655894050     
   1.0000000000000000       -276.25017655894050       -276.25017655894050     
 
 part:           3
 comp:           0
   1.0000000398325615        24.136423190213844        24.136422228798320     
   1.0000000123521622        24.136422526935320        24.136422228798320     
   1.0000000038986168        24.136422322896980        24.136422228798320     
   1.0000000012326149        24.136422258549235        24.136422228798320     
   1.0000000003897795        24.136422238206205        24.136422228798320     
   1.0000000001232592        24.136422231773356        24.136422228798320     
   1.0000000000389779        24.136422229739107        24.136422228798320     
   1.0000000000123259        24.136422229095825        24.136422228798320     
   1.0000000000038978        24.136422228892400        24.136422228798320     
   1.0000000000012328        24.136422228828078        24.136422228798320     
 comp:           1
   1.0000002757648334        12.042407280623900        12.042403959752377     
   1.0000000855152753        12.042404989561868        12.042403959752377     
   1.0000000269905205        12.042404284783128        12.042403959752377     
   1.0000000085335192        12.042404062516464        12.042403959752377     
   1.0000000026984841        12.042403992248614        12.042403959752377     
   1.0000000008533341        12.042403970028571        12.042403959752377     
   1.0000000002698479        12.042403963001995        12.042403959752377     
   1.0000000000853333        12.042403960779996        12.042403959752377     
   1.0000000000269849        12.042403960077339        12.042403959752377     
   1.0000000000085336        12.042403959855141        12.042403959752377     
 comp:           2
  0.99999991673014088        14.198145190733944        14.198146373011593     
  0.99999997417783537        14.198146006384720        14.198146373011593     
  0.99999999184995125        14.198146257296008        14.198146373011593     
  0.99999999742322132        14.198146336426111        14.198146373011593     
  0.99999999918516658        14.198146361442468        14.198146373011593     
  0.99999999974232756        14.198146369353122        14.198146373011593     
  0.99999999991851685        14.198146371854683        14.198146373011593     
  0.99999999997423272        14.198146372645745        14.198146373011593     
  0.99999999999185174        14.198146372895902        14.198146373011593     
  0.99999999999742317        14.198146372975007        14.198146373011593     
 comp:           3
   1.0000000000000000       -15.257860120197307       -15.257860120197307     
   1.0000000000000000       -15.257860120197307       -15.257860120197307     
   1.0000000000000000       -15.257860120197307       -15.257860120197307     
   1.0000000000000000       -15.257860120197307       -15.257860120197307     
   1.0000000000000000       -15.257860120197307       -15.257860120197307     
   1.0000000000000000       -15.257860120197307       -15.257860120197307     
   1.0000000000000000       -15.257860120197307       -15.257860120197307     
   1.0000000000000000       -15.257860120197307       -15.257860120197307     
   1.0000000000000000       -15.257860120197307       -15.257860120197307     
   1.0000000000000000       -15.257860120197307       -15.257860120197307     
 
 part:           4
 comp:           0
  0.99999996699655647        180.82119599847542        180.82120196619775     
  0.99999998976555793        180.82120011559363        180.82120196619775     
  0.99999999676978257        180.82120138210595        180.82120196619775     
  0.99999999897871095        180.82120178152704        180.82120196619775     
  0.99999999967704623        180.82120190780086        180.82120196619775     
  0.99999999989787336        180.82120194773108        180.82120196619775     
  0.99999999996770472        180.82120196035808        180.82120196619775     
  0.99999999998978728        180.82120196435108        180.82120196619775     
  0.99999999999677036        180.82120196561377        180.82120196619775     
  0.99999999999897893        180.82120196601312        180.82120196619775     
 comp:           1
  0.99999895024554142       -23.699562653159848       -23.699587531907525     
  0.99999967446884852       -23.699579816953506       -23.699587531907525     
  0.99999989725513727       -23.699585096896659       -23.699587531907525     
  0.99999996751543607       -23.699586762036759       -23.699587531907525     
  0.99999998972767534       -23.699587288457668       -23.699587531907525     
  0.99999999675161233       -23.699587454922078       -23.699587531907525     
  0.99999999897276970       -23.699587507562590       -23.699587531907525     
  0.99999999967516118       -23.699587524208980       -23.699587531907525     
  0.99999999989727695       -23.699587529473032       -23.699587531907525     
  0.99999999996751654       -23.699587531137681       -23.699587531907525     
 comp:           2
  0.99999983972664452        55.263008162755973        55.263017019945146     
  0.99999995029888222        55.263014273311427        55.263017019945146     
  0.99999998431322312        55.263016153046529        55.263017019945146     
  0.99999999504035453        55.263016745860170        55.263017019945146     
  0.99999999843165244        55.263016933273526        55.263017019945146     
  0.99999999950404583        55.263016992537224        55.263017019945146     
  0.99999999984316557        55.263017011278002        55.263017019945146     
  0.99999999995040456        55.263017017204355        55.263017019945146     
  0.99999999998431655        55.263017019078433        55.263017019945146     
  0.99999999999504052        55.263017019671068        55.263017019945146     
 comp:           3
   1.0000000000000000       -170.52119473007215       -170.52119473007215     
   1.0000000000000000       -170.52119473007215       -170.52119473007215     
   1.0000000000000000       -170.52119473007215       -170.52119473007215     
   1.0000000000000000       -170.52119473007215       -170.52119473007215     
   1.0000000000000000       -170.52119473007215       -170.52119473007215     
   1.0000000000000000       -170.52119473007215       -170.52119473007215     
   1.0000000000000000       -170.52119473007215       -170.52119473007215     
   1.0000000000000000       -170.52119473007215       -170.52119473007215     
   1.0000000000000000       -170.52119473007215       -170.52119473007215     
   1.0000000000000000       -170.52119473007215       -170.52119473007215     
 
 part:           5
 comp:           0
   1.0000000972860161        222.76044971859235        222.76042804711776     
   1.0000000301686036        222.76043476748882        222.76042804711776     
   1.0000000095218813        222.76043016821612        222.76042804711776     
   1.0000000030105072        222.76042871773964        222.76042804711776     
   1.0000000009519878        222.76042825918296        222.76042804711776     
   1.0000000003010445        222.76042811417858        222.76042804711776     
   1.0000000000951987        222.76042806832425        222.76042804711776     
   1.0000000000301044        222.76042805382383        222.76042804711776     
   1.0000000000095199        222.76042804923841        222.76042804711776     
   1.0000000000030107        222.76042804778842        222.76042804711776     
 comp:           1
   1.0000002276085624        134.65693932702067        134.65690867795527     
   1.0000000705819094        134.65691818229701        134.65690867795527     
   1.0000000222772183        134.65691167773662        134.65690867795527     
   1.0000000070433275        134.65690962638797        134.65690867795527     
   1.0000000022272533        134.65690897787030        134.65690867795527     
   1.0000000007043182        134.65690877279658        134.65690867795527     
   1.0000000002227249        134.65690870794671        134.65690867795527     
   1.0000000000704319        134.65690868743940        134.65690867795527     
   1.0000000000222724        134.65690868095442        134.65690867795527     
   1.0000000000070433        134.65690867890370        134.65690867795527     
 comp:           2
   1.0000001699806245       -64.192648474483519       -64.192637562978902     
   1.0000000527113608       -64.192640946660177       -64.192637562978902     
   1.0000000166368763       -64.192638630943875       -64.192637562978902     
   1.0000000052600360       -64.192637900634480       -64.192637562978902     
   1.0000000016633375       -64.192637669752926       -64.192637562978902     
   1.0000000005259928       -64.192637596743765       -64.192637562978902     
   1.0000000001663334       -64.192637573656285       -64.192637562978902     
   1.0000000000525993       -64.192637566355387       -64.192637562978902     
   1.0000000000166334       -64.192637564046635       -64.192637562978902     
   1.0000000000052602       -64.192637563316566       -64.192637562978902     
 comp:           3
   1.0000000000000000        165.43588042422951        165.43588042422951     
   1.0000000000000000        165.43588042422951        165.43588042422951     
   1.0000000000000000        165.43588042422951        165.43588042422951     
   1.0000000000000000        165.43588042422951        165.43588042422951     
   1.0000000000000000        165.43588042422951        165.43588042422951     
   1.0000000000000000        165.43588042422951        165.43588042422951     
   1.0000000000000000        165.43588042422951        165.43588042422951     
   1.0000000000000000        165.43588042422951        165.43588042422951     
   1.0000000000000000        165.43588042422951        165.43588042422951     
   1.0000000000000000        165.43588042422951        165.43588042422951     
 
 part:           6
 comp:           0
   1.0484750490324251        1.8511764379593689E-004   1.7655894049817484E-004
   1.0046463313465281        1.7737929183792131E-004   1.7655894049817484E-004
   1.0004627121291849        1.7664063646145937E-004   1.7655894049817484E-004
   1.0000462520895028        1.7656710671809330E-004   1.7655894049817484E-004
   1.0000046250178032        1.7655975708641796E-004   1.7655894049817484E-004
   1.0000004624998686        1.7655902215666161E-004   1.7655894049817484E-004
   1.0000000462499679        1.7655894866402017E-004   1.7655894049817484E-004
   1.0000000046249971        1.7655894131475940E-004   1.7655894049817484E-004
   1.0000000004624996        1.7655894057983326E-004   1.7655894049817484E-004
   1.0000000000462497        1.7655894050634061E-004   1.7655894049817484E-004
 comp:           1
  -7.6017127244059569E-005  -0.0000000000000000     
  -2.3573077008750135E-005  -0.0000000000000000     
  -7.4401867417532008E-006  -0.0000000000000000     
  -2.3523436030383551E-006  -0.0000000000000000     
  -7.4386213566571872E-007  -0.0000000000000000     
  -2.3522941151335877E-007  -0.0000000000000000     
  -7.4386057058405817E-008  -0.0000000000000000     
  -2.3522936254841536E-008  -0.0000000000000000     
  -7.4386054478304223E-009  -0.0000000000000000     
  -2.3522937126474769E-009  -0.0000000000000000     
 comp:           2
   2.7063181999182674E-005   0.0000000000000000     
   8.3923517830438386E-006   0.0000000000000000     
   2.6488126452543356E-006   0.0000000000000000     
   8.3746788864104376E-007   0.0000000000000000     
   2.6482553458234301E-007   0.0000000000000000     
   8.3745027024079590E-008   0.0000000000000000     
   2.6482497739093939E-008   0.0000000000000000     
   8.3745009591861049E-009   0.0000000000000000     
   2.6482496820540959E-009   0.0000000000000000     
   8.3745012694999731E-010   0.0000000000000000     
 comp:           3
  0.94362760420082503       -1.6660589002252875E-004  -1.7655894049817484E-004
  0.99459987438742314       -1.7560550004146121E-004  -1.7655894049817484E-004
  0.99946225005581479       -1.7646399593777655E-004  -1.7655894049817484E-004
  0.99994624752820305       -1.7654945001870521E-004  -1.7655894049817484E-004
  0.99999462497794434       -1.7655799148997553E-004  -1.7655894049817484E-004
  0.99999946250004501       -1.7655884559775227E-004  -1.7655894049817484E-004
  0.99999994625002731       -1.7655893100813660E-004  -1.7655894049817484E-004
  0.99999999462500322       -1.7655893954917110E-004  -1.7655894049817484E-004
  0.99999999946249996       -1.7655894040327440E-004  -1.7655894049817484E-004
  0.99999999994624966       -1.7655894048868473E-004  -1.7655894049817484E-004
 
 part:           7
 comp:           0
  0.99999986644573036        124.78193109272428        124.78194775788617     
  0.99999995858452739        124.78194258998283        124.78194775788617     
  0.99999998692835679        124.78194612678107        124.78194775788617     
  0.99999999586717403        124.78194724218410        124.78194775788617     
  0.99999999869311074        124.78194759480998        124.78194775788617     
  0.99999999958672636        124.78194770631708        124.78194775788617     
  0.99999999986931143        124.78194774157859        124.78194775788617     
  0.99999999995867261        124.78194775272927        124.78194775788617     
  0.99999999998693123        124.78194775625542        124.78194775788617     
  0.99999999999586742        124.78194775737050        124.78194775788617     
 comp:           1
  0.99999986041885347       -122.99970793735747       -122.99972510580012     
  0.99999995671557995       -122.99971978182836       -122.99972510580012     
  0.99999998633847542       -122.99972342543636       -122.99972510580012     
  0.99999999568067288       -122.99972457452408       -122.99972510580012     
  0.99999999863413502       -122.99972493779910       -122.99972510580012     
  0.99999999956807650       -122.99972505267365       -122.99972510580012     
  0.99999999986341370       -122.99972508900005       -122.99972510580012     
  0.99999999995680766       -122.99972510048748       -122.99972510580012     
  0.99999999998634137       -122.99972510412012       -122.99972510580012     
  0.99999999999568090       -122.99972510526888       -122.99972510580012     
 comp:           2
   1.0000011601367749       -5.2685319421883969       -5.2685258299778326     
   1.0000003597609610       -5.2685277253877478       -5.2685258299778326     
   1.0000001135485517       -5.2685264282113105       -5.2685258299778326     
   1.0000000359003374       -5.2685260191196868       -5.2685258299778326     
   1.0000000113524663       -5.2685258897885943       -5.2685258299778326     
   1.0000000035899566       -5.2685258488916116       -5.2685258299778326     
   1.0000000011352443       -5.2685258359588962       -5.2685258299778326     
   1.0000000003589957       -5.2685258318692112       -5.2685258299778326     
   1.0000000001135245       -5.2685258305759390       -5.2685258299778326     
   1.0000000000358980       -5.2685258301669622       -5.2685258299778326     
 comp:           3
   1.0000000000000000        20.343174426039923        20.343174426039923     
   1.0000000000000000        20.343174426039923        20.343174426039923     
   1.0000000000000000        20.343174426039923        20.343174426039923     
   1.0000000000000000        20.343174426039923        20.343174426039923     
   1.0000000000000000        20.343174426039923        20.343174426039923     
   1.0000000000000000        20.343174426039923        20.343174426039923     
   1.0000000000000000        20.343174426039923        20.343174426039923     
   1.0000000000000000        20.343174426039923        20.343174426039923     
   1.0000000000000000        20.343174426039923        20.343174426039923     
   1.0000000000000000        20.343174426039923        20.343174426039923     
 
 part: i_fks+j_fks
 comp:           0
   1.0000000284580002        276.25036097941359        276.25035311788099     
   1.0000000027287101        276.25035387168811        276.25035311788099     
   1.0000000002717524        276.25035319295267        276.25035311788099     
   1.0000000000271643        276.25035312538512        276.25035311788099     
   1.0000000000027163        276.25035311863138        276.25035311788099     
   1.0000000000002716        276.25035311795602        276.25035311788099     
   1.0000000000000271        276.25035311788849        276.25035311788099     
   1.0000000000000024        276.25035311788167        276.25035311788099     
   1.0000000000000002        276.25035311788105        276.25035311788099     
   1.0000000000000000        276.25035311788099        276.25035311788099     
 comp:           1
  -7.6017127244059569E-005   0.0000000000000000     
  -2.3573077008750135E-005   0.0000000000000000     
  -7.4401867417532008E-006   0.0000000000000000     
  -2.3523436030383551E-006   0.0000000000000000     
  -7.4386213566571872E-007   0.0000000000000000     
  -2.3522941151335877E-007   0.0000000000000000     
  -7.4386057058405817E-008   0.0000000000000000     
  -2.3522936254841536E-008   0.0000000000000000     
  -7.4386054478304223E-009   0.0000000000000000     
  -2.3522937126474769E-009   0.0000000000000000     
 comp:           2
   2.7063181999182674E-005   0.0000000000000000     
   8.3923517830438386E-006   0.0000000000000000     
   2.6488126452543356E-006   0.0000000000000000     
   8.3746788864104376E-007   0.0000000000000000     
   2.6482553458234301E-007   0.0000000000000000     
   8.3745027024079590E-008   0.0000000000000000     
   2.6482497739093939E-008   0.0000000000000000     
   8.3745009591861049E-009   0.0000000000000000     
   2.6482496820540959E-009   0.0000000000000000     
   8.3745012694999731E-010   0.0000000000000000     
 comp:           3
  0.99999996144721226       -276.25034246765978       -276.25035311788099     
  0.99999999630775249       -276.25035209789633       -276.25035311788099     
  0.99999999963233044       -276.25035301631215       -276.25035311788099     
  0.99999999996324862       -276.25035310772842       -276.25035311788099     
  0.99999999999632494       -276.25035311686577       -276.25035311788099     
  0.99999999999963252       -276.25035311777947       -276.25035311788099     
  0.99999999999996314       -276.25035311787082       -276.25035311788099     
  0.99999999999999611       -276.25035311787991       -276.25035311788099     
  0.99999999999999956       -276.25035311788088       -276.25035311788099     
   1.0000000000000000       -276.25035311788099       -276.25035311788099     
