   0.0000000000000000        0.0000000000000000        0.0000000000000000        0.0000000000000000        0.0000000000000000        0.0000000000000000        0.0000000000000000        0.0000000000000000        0.0000000000000000        0.0000000000000000        0.0000000000000000        0.0000000000000000        0.0000000000000000     
   2.1631324788524638E-002   8.5333273876289845E-004   2.4441945118259035E-003   1.1303484898718111E-002   1.7335215361438616E-002   1.6966606605151788E-002   5.0839447702921925E-002   1.8426235144483050E-002  0.21464140586646768        6.8038913102685283E-002   6.7479159325855298E-002   1.0342397782404270E-002   1.7891257163841667E-002
   1.1488987939403990        1.0511652729729373        1.3668670771903866        1.1629035411255613        1.2053994948552265        1.1190111886503735        1.0209371565911867        1.2770221242064632       0.89159870049251744       0.95899409141535408       0.99477789879260392       0.96391273150012668        1.2047359944817921     
   4.3017063503713496E-002   1.7402422698584328E-003   4.9201005356974154E-003   2.4186352065896432E-002   3.8003088702714238E-002   3.2336560543958323E-002   7.5070625945949626E-002   3.7379850226876815E-002  0.35574781159235824       0.10538314033699073       0.13273875062548662        1.9542362371803568E-002   3.7424967294311121E-002
   1.2463352128755041        1.2543684743226933        1.2015980995936935        1.1035551475437504        1.2669807071815498        1.4382281614731356       0.96004038602899822        1.5380729662694186        1.7475088895984663        1.3844561812874419        1.1974932566448926        1.2387889133528993        1.2150910081475226     
   6.4110240190818041E-002   2.6449492636345042E-003   7.6263627545823404E-003   3.8238459561195634E-002   5.3946691754153550E-002   4.7627151948851212E-002  0.10204736777064990        5.4072816842013753E-002  0.38110783082770600       0.12036283039537654       0.17146311343082046        2.8631602149051957E-002   4.9063475263883785E-002
   1.0747877985059671        1.1616933505381888        1.6200228730945549        1.1435363379725922        1.2967052144253839        1.1923645017782645        1.2974682937262856        1.2482565025579122        1.4058906188283806        1.0912650380119757        1.1332501452070138        1.3162560003609831        1.2375005670255175     
   8.5486893393545510E-002   3.7070947126871512E-003   9.2862177320154025E-003   5.4950084647497677E-002   6.9328675016561619E-002   6.2645550776847719E-002  0.12855784967844402        7.0544332692219172E-002  0.41209056282481932       0.13274795001815481       0.19638750891244802        3.7383882697553258E-002   6.1727885997998548E-002
   1.2628022468330131        1.2679063523978389        1.1018377568049689        1.1136465622788454        1.4093568646244528        1.1482870076553859        1.2089313641337274        1.2187942758231622        1.6561033701566843        1.2445481471661985        1.0803249505113774        1.3288682701261234        1.1928140410747852     
  0.10809740216059779        4.9529357964898432E-003   1.1182567181487555E-002   7.4930764698911898E-002   8.2017028295247804E-002   7.6633093353078219E-002  0.15737122534391340        8.6820771596054003E-002  0.44013563462200833       0.14456304943789344       0.21806426948516658        4.5469430426708791E-002   7.4946036003022576E-002
   1.2406947489448592        1.3544179042849911       0.97836938446065191        1.4731282107507027        1.0847735241004539       0.99136444510274802        1.3139812364409282        1.1400574023659400        1.7341307145842235        1.2238048666462291        1.1404920695762131        1.3679268921842067       0.97838231139820875     
  0.12907688339278822        6.3389375356044490E-003   1.3063019464967624E-002   9.3716908558122480E-002   9.4928757540220954E-002   9.0615093483740652E-002  0.18418555326356570       0.10231684893362668       0.46261908710832306       0.15348632994061354       0.23630540525096513        5.3473653252029685E-002   9.1039937429528553E-002
   1.2658936244977077        1.4522924801659016        1.0462558212194766        1.2607319454990293        1.1493892315527507        1.1437226942044605        1.2148070893849545        1.2234850089117435        1.5328026357812281        1.2492923944771028        1.3145805907115531        1.0779702511874887        1.2326838599290924     
  0.14677418707855566        7.9200121910386299E-003   1.4944012339260657E-002  0.11132963281292953       0.11145059037478119       0.10571719290697906       0.20513439385934087       0.11676662545444588       0.48250247890160441       0.16292626877976329       0.25342204294592935        6.1831529299749145E-002  0.10805385596529776     
   1.3190002032181345        1.2411040920118050        1.2120275482270146        1.1664314229953947        1.2926865018877249        1.1070675900549622        1.3021917449979952        1.0698788379735775        1.3886432382786424        1.4648951190215387        1.1289098768889065        1.2597101046910888        1.1809814763614868     
  0.16243111751090969        9.3939904155191031E-003   1.7303051897664904E-002  0.12768785494788357       0.12795909349722018       0.12212628580625472       0.22439704172949945       0.13050494615773198       0.50083745756244635       0.17272862829792354       0.26918333552155033        7.0853101408764593E-002  0.12380087791441771     
   1.1683687930873663        1.2946230794774989        1.2772658172834335        1.2469514420984651        1.0193497622609491        1.3743515171770637        1.1082670591799335        1.0398376552076143        1.4225223453217355        1.3715527858285799        1.4027471984309523        1.5149229860338482        1.2945886400765352     
  0.17684952039860399        1.1015012338578219E-002   2.0336202683472780E-002  0.14404389407922588       0.14619124845411580       0.13793703216609732       0.24487754855552624       0.14439732691745916       0.51778717962104892       0.18147003603170506       0.28452339551948369        8.0440220129881446E-002  0.13969948235766541     
   1.1742595901995141        1.2747268589020446        1.2229832379269805        1.4407533552011695        1.2596789612459285        1.3445325347459327        1.1167058812207709        1.1794401469562261        1.2004381583475452        1.2995930194949485        1.2879971848746830        1.5490670165681644        1.3416140278396278     
  0.19101011173857366        1.2692229410716550E-002   2.3654673762856515E-002  0.16198861272761922       0.16514839163989781       0.15341626413885379       0.26743349763527452       0.16012485349152905       0.53216056635249154       0.18952670935126587       0.30045213723423519        9.0817874720663633E-002  0.15590122327134359     
   1.1599938765562363        1.2352618520630112        1.1568985392998228        1.0098773586728971        1.2787955997613822        1.3157803893981044        1.3954664931613026        1.0659828454704194        1.2363096386145915        1.3042284614479733        1.1840167021972268        1.4297980326237412        1.3870517097783679     
  0.20576406286453336        1.4798476218721292E-002   2.7211821982662459E-002  0.18125919325995871       0.18426240086179224       0.16938925675469405       0.28461301961703422       0.17668124775174329       0.54695816748382109       0.19725926791909221       0.31519765464645905       0.10205926241932511       0.17159672003691484     
   1.0654089761936132        1.1865372117311228        1.1872307439422758        1.0802300650963546        1.2584400342619346        1.2467892124002573        1.1401453912484703        1.3580467433569827        1.1984878398147294        1.1221238777864717        1.0819787955205713        1.1665857648813862        1.4083803721963659     
  0.22037491558459052        1.6831944687908357E-002   3.1387255558234912E-002  0.19975683547551884       0.20459433308838232       0.18702641118549079       0.30121141098742676       0.19076765574304333       0.55957551249768744       0.20468164724844717       0.32922266632233615       0.11332867577233752       0.18722759554810564     
   1.2404521178213852        1.2081125909730133        1.3627870726800282        1.0996003807287253        1.2409583040009149        1.3056377822561733        1.2237021745045904        1.1818992349608304        1.0468761541836109        1.2279627744742563        1.2484031845741224        1.4727670239210258        1.1776602606301008     
  0.23488089349614877        1.9083676115465645E-002   3.5615885475573955E-002  0.22040463876549857       0.22300402545903902       0.20296818756113688       0.31801964607742061       0.20366142296237089       0.57112683377804707       0.21183773617556914       0.34201726434128016       0.12441958325192737       0.20391190337311491     
   1.0805317660455827        1.3716960996362466        1.2536730136322001        1.2375058414536559        1.4552095708492792        1.2886548259736303        1.3881386235331119        1.1239026124760199        1.1982641876074471        1.0491514794298569        1.1554308441887937        1.2789658877968642        1.3277583288215415     
  0.24909500804282544        2.1651974170120779E-002   3.9408100328872299E-002  0.24200981790557649       0.23940279973754938       0.21784769786647779       0.33366814476166762       0.21868993288440058       0.58327940753633922       0.21920099014593900       0.35778650321934358       0.13564591406021473       0.22125473229322268     
   1.0175644673750892        1.2941945772414367        1.1285554975542555        1.2222352652087198        1.3835430414406658        1.2105992530955894        1.1767461415639529        1.2297738373928009        1.3322985474391242        1.3105469177434834        1.3780069582596821        1.3007816192100277        1.3331880910321372     
  0.26372713629506095        2.4342582955886240E-002   4.2912258369548477E-002  0.26257158434495886       0.25740597481524724       0.23247790873613991       0.34958472027666998       0.23572172178120232       0.59572337246510387       0.22610866521812040       0.37078138814757067       0.14694275517629793       0.23940809088070003     
   1.2692367876433406        1.0297281796494695        1.1700375262109521        1.2385602738393633        1.2052969044636628        1.1033302134827834        1.1673693078956353       0.98763738702968329        1.2404103034229426        1.2377412589252836        1.2910852072052335        1.4927378574370260        1.3287874026970690     
  0.27806103294531703        2.7379987155344756E-002   4.6039705968085425E-002  0.28407709670771381       0.27543661547794690       0.24562801973573489       0.36597396991026793       0.25269770281399423       0.60820161607382894       0.23263098948609057       0.38367040040675549       0.15677010245875714       0.25867108198540467     
  0.96637713442794215        1.2458521809348011       0.99193161834464993        1.3208998547240383        1.2432657157464275        1.3009547461079485        1.2033155672115057        1.2963240095000534        1.3361894293506331        1.2126097074721844        1.0433358799774137        1.1970607605242056        1.0690002402939882     
  0.29085232292095275        3.0556860796197335E-002   5.0005808339806050E-002  0.30315750830879151       0.29252688174071451       0.26163704526748993       0.38238060377944877       0.27091156283818274       0.62048332737797163       0.23878557205784767       0.39678691529055787       0.16554974744065865       0.27626275953792634     
   1.2227827865705847        1.2045309105482467        1.2157702528525822        1.2638805963317441        1.2749505261266347        1.2409698352947407        1.3069510533975714        1.2786337483249934        1.2848469911885378        1.1936053830258100        1.1815516831241708        1.0049809671780476        1.2474330622314203     
  0.30446918556907399        3.3746969112133686E-002   5.4131900583170807E-002  0.32062039390260599       0.30802692926040903       0.28143389740224301       0.39877103683164727       0.28682028938313253       0.63183005079473187       0.24498835514823439       0.41105458433301456       0.17477705370497051       0.29089586313091070     
   1.0253697063772418        1.2960567049160558        1.0724299645910074        1.1462411352373150        1.3090072797147123        1.1303875790059215        1.3227535420156962        1.2805901600841443        1.0557534261775159        1.4208852458217394        1.1927271399712791        1.1381534021478483        1.0836267655882910     
  0.31680211932229790        3.7091169798162099E-002   5.8298550571724027E-002  0.33950997522746040       0.32220398107516235       0.29962355624648385       0.41470363463394844       0.30185089507530977       0.64272967009351301       0.25105396292988008       0.42572834410644433       0.18328234990815284       0.30539395039917189     
   1.1251327034150076        1.2116067174838747        1.2657276811635336        1.1315028464255259        1.2240679410802164        1.1628836222808359        1.2414790895965946        1.1609129246584022        1.3098488331974032        1.0951736286808467        1.0848714569104267        1.1974222589558303        1.4363703404792121     
  0.32857678478936497        4.0626549679087617E-002   6.2992614833456043E-002  0.35589790533700577       0.33592335952186103       0.31586011687860038       0.43002623225247960       0.31691214906002818       0.65330696476454053       0.25707099538029493       0.43957274181302591       0.19098228327778033       0.32004583295811018     
   1.1421597487338562        1.3358814638457361        1.3718526658053716        1.1410614600297933        1.0268321465988464        1.0413157944923521        1.1203128118540508        1.1971507197496152        1.3493002276301673        1.0382662395101316        1.0659430603721529        1.2076331093137476        1.0439838321247710     
  0.34021080991119995        4.4423196425555901E-002   6.7945961766850402E-002  0.37728623127993483       0.35270615009222578       0.33074776786695803       0.44475592573121597       0.33279691250838828       0.66325902051226204       0.26344906664507062       0.45257248379288051       0.20210844036620854       0.33457856575321393     
   1.0913486714158398        1.3229094626145463        1.2381257285109579        1.1028554161612361        1.2462114446752763        1.2247459657861173        1.2374034649738279        1.3041233070429268        1.3276817787411286        1.1612900139077198        1.2578387865094105        1.1605567770799379        1.2541375857577985     
  0.35168959852783765        4.8289349703541817E-002   7.3479339467809657E-002  0.39711110786613374       0.37042691432905300       0.34578371769746652       0.45814254801894794       0.35018662186107935       0.67330826028917057       0.27041375769295717       0.46504442491328307       0.21326028122029103       0.34918228477147872     
   1.0250650300392352        1.2528633547033572        1.2258819594005648        1.4160153794244437        1.1842048567146819        1.1254797038487778        1.1150691951074747        1.1371761578980399        1.2234090662488046        1.0904076153238993        1.1387011365862796        1.0447801655596094        1.0899562258060171     
  0.36405733055543316        5.2331396614752154E-002   7.9145246051111590E-002  0.41780659774598095       0.38543857118523345       0.36180729160002728       0.47023343002427920       0.36820954405572048       0.68334791926597160       0.27735382031483591       0.47832057843755582       0.22679737530492602       0.36439297159743528     
   1.0374323489130937        1.2942921867034041        1.0446555395672545        1.1870957820035564        1.2610980900100059        1.4624790104043928        1.1743132584068756        1.3012142120948207        1.1841274532861246        1.0933135403121244        1.2476453790368398        1.2123364775306158        1.0938406618272742     
  0.37965139240077178        5.6505190691317764E-002   8.4602890892216370E-002  0.43845024173131525       0.39941370017153827       0.37982167635147118       0.48176497369773369       0.38549737238593607       0.69409568773110542       0.28325603242746156       0.49270749724770529       0.24084996266399716       0.37883389032130282     
  0.97628526798465332        1.0383719720175166        1.2478705391636638        1.4331478708539436        1.1160246127251403        1.1560903717961579        1.3744769483482582        1.3659073654417846        1.4346602712238716        1.2220206149399497        1.2599200970167037        1.0509535872543951        1.1277993647090385     
  0.39681561172240204        6.0980033405301642E-002   9.0312843714574695E-002  0.46178925359467698       0.41195332858812367       0.39802091860075617       0.49243166122687454       0.40329563172911459       0.70442254272111737       0.28913404544094806       0.50725355696083807       0.25465161521793661       0.39328307292099091     
   1.3277225291475971        1.1351510015350619        1.1355378439100212        1.2105390019646183        1.0463458375183119        1.4168835427463191        1.1093259053082407        1.1988892820153318        1.1196175502032377        1.1785586054188992        1.1804272049782332        1.2066690617144198        1.3095124196390426     
  0.41525261148243264        6.5815561159584562E-002   9.6084308157275602E-002  0.48153641214151083       0.42508737578296335       0.41555283149444561       0.50365238484678077       0.42160723938402533       0.71435330983026257       0.29583939255753633       0.52211511751988471       0.26950869780046999       0.40843887888303276     
   1.1547023814188695        1.1267784034286530        1.4509646708701904        1.1449016309150994        1.2814811789006124        1.0563505721677133        1.1068103014978141        1.2505111644686453        1.4019637567366816        1.2131493958627022       0.98240956198789076        1.1676554704968181        1.1097242749918053     
  0.43348709612480973        7.0613323098433267E-002  0.10179345666781490       0.49674656353530772       0.44012115550022080       0.43289848757063804       0.51518936327655795       0.43972079552982701       0.72397407959661741       0.30229469778988061       0.53724589132021450       0.28577583918142507       0.42357344400031299     
   1.3080850110549929       0.94276269479506747        1.1564589776118641       0.96215955638383377        1.0490372038834999        1.3533599050983272        1.0273982552105558        1.1983389080624758        1.0681284604770984        1.2473078501970820        1.2971476990918502        1.3350485519372941        1.2075362387282733     
  0.44974588938149868        7.5276359822633893E-002  0.10775660337718077       0.51287884171308284       0.45562955149418605       0.45094924720839202       0.52703678213804894       0.45916544852890229       0.73340144434399923       0.30865781556091071       0.55247880594215681       0.30318343240374124       0.43788373503927097     
   1.2590088113401670        1.2450550870679453        1.5418215932945583        1.2826016288294424        1.3746686896974805        1.2706216655649736        1.4306762684741205        1.2934700705934770        1.2885214882794294        1.1207612282399753        1.3184707954220374        1.2009198592339829        1.0377974809149315     
  0.46346864099524365        8.0506953420663593E-002  0.11421698973340763       0.52913686971686069       0.47081703599523717       0.46517135430361461       0.53907746597790474       0.47762470506232019       0.74297210327058227       0.31510071536773127       0.56796533895618617       0.32021949996005511       0.45176559920505105     
   1.2131595937462973        1.3135796697235425        1.2924478474932568        1.0961220612966760        1.2554559925344897        1.2717932153018243       0.98090137921465481        1.4901751094268882        1.2335873344571924        1.0959672928711868       0.99865127519370778        1.2794821379562582        1.1715902948587176     
  0.47719886406509449        8.6393588068435390E-002  0.12100830734325287       0.54539779853775960       0.48637458509587433       0.47684506330643300       0.55139569189815951       0.49463681366433476       0.75233295520938848       0.32157750967599608       0.58312743203035500       0.33586897131842680       0.46441030469656153     
   1.1395216421792829        1.2627392882488819        1.1258282282177408        1.0317495743065463        1.3140765504503302        1.0770930380326247        1.2701568969693993        1.1904773050354998        1.0652689873053349        1.1749867841246089        1.2759317513862503        1.1160101413786983        1.1194903210639564     
  0.49359345270287136        9.2856458606505946E-002  0.12762451038937214       0.56285222840161886       0.50226186670724893       0.48890228139318087       0.56412364377054547       0.51127894509649308       0.76112299762794011       0.32812523973803487       0.59789198168457569       0.35081279888365458       0.47656085032767520     
   1.0511395269990857        1.2369658133071992        1.0050668245891141       0.99548771695023630        1.1316360528133445        1.0864338370794702        1.2285710836070916        1.5210360100280889        1.1652746246644350        1.1592528148035741        1.3126722220190794        1.1440036114055772        1.1199934450571283     
  0.51091690080127661        9.9720317682229706E-002  0.13362899264851427       0.58029860216892426       0.51484802323994294       0.50110744438996857       0.57595620661378399       0.52755454366319099       0.76978973908304160       0.33496405301887200       0.61226995439102683       0.36499115436011559       0.48912766426564441     
   1.4429144937635359        1.3259326305731134        1.1478509355628244        1.1509720040115192        1.1166042550135515        1.0251010506777527        1.0679903163190152        1.3240418657400643        1.0077463411138978        1.3463615532375974        1.1027739940284187        1.1333060923173854        1.2136634178479901     
  0.52924673916626497       0.10692749609704634       0.13942415731028557       0.59797697815141926       0.52894084464909608       0.51366000875906703       0.58622693990721675       0.54566299276171615       0.77859884579978211       0.34318864253958486       0.62537774468605500       0.38207266580955379       0.50131296113760226     
   1.2621789662385201        1.1907792010648797        1.0546342828926820        1.2673657974794061        1.1116592174478819        1.0535273887744698        1.2935703237291423        1.1182364414738937        1.1657473417678488        1.6369600345969368        1.1282804256370378        1.1110867888344653        1.2262482419911063     
  0.54746454497047670       0.11472411319921734       0.14568504064917281       0.61437418358534934       0.54600841240550690       0.53109802658154681       0.59569152350487031       0.56409630932493482       0.78699493185303748       0.35239426046548084       0.63724668250826133       0.39922716651985651       0.51468373149333690     
   1.2265640094775114        1.2433106332659112        1.1892183330744783        1.0726974874359905        1.1051820681810869        1.3952264370786274        1.0702855197924053        1.2238962536013280        1.4405129381412298        1.3628034303555039        1.0574838930167210        1.0446918037611701        1.1567882783521937     
  0.56506153361724698       0.12281892891199038       0.15264126899643382       0.62942540441246242       0.56369811496842137       0.55040904459840034       0.60467299838164312       0.58168164252445620       0.79492251669752689       0.36111920355677463       0.64850626236407893       0.41604025427763608       0.52892065301942404     
   1.2287997538652444        1.2039634073468217        1.0393364554473181        1.0614714414839896        1.0150986508503530        1.3740803016757581        1.2654970814866253        1.1527306580506635        1.0817645065091182        1.1407560849509826        1.0487381941275593        1.1347773001555224        1.1093212304380098     
  0.58319399752347778       0.13054656555609720       0.16031084899029929       0.64516427240702356       0.58078510749665535       0.56632343712636501       0.61575155942818383       0.59920476895696706       0.80297433944459584       0.37017963394440800       0.65945354250672894       0.43395230325306594       0.54257062524526978     
   1.3554110279110940        1.3258974122029887        1.2449487035116973        1.1414364083004707        1.1412919889458528        1.1557005601312713        1.1100207468825112        1.1602698745565918        1.1377343321855362        1.1878679595918744        1.0324662026839042        1.1668108446972760        1.0805608351264264     
  0.60056560454613817       0.13805629104025660       0.16854919136893692       0.66222866311821704       0.59708472606465168       0.58099001272588269       0.62738427550932341       0.61543692728438582       0.81074414927754002       0.37846044804657208       0.67036836448825021       0.45220443165542373       0.55669764621087559     
   1.1817709779159302        1.1600853589082019        1.1334793238660859        1.1999114862826168        1.1581325902125750        1.1030610953720359        1.0769248092184887        1.1714226310724867        1.0199515625457813        1.3728823299128681        1.3302632435593265        1.2153314294953910        1.2638849974945914     
  0.61709584005546925       0.14624128159490318       0.17750398466731268       0.67874984684507966       0.61368084201681350       0.59524105556807649       0.63962011914840033       0.63143680820692338       0.81864164913784176       0.38671226780825563       0.68225968858431163       0.47017665316693430       0.57183132898413103     
   1.2047359493399845        1.0591518006384566        1.2778362276775166        1.2511084314371956        1.2293572878389774        1.0906490765277324        1.2052230953548579       0.99061930019112876        1.4358889321907056        1.1658298160664504        1.1010979050562777        1.2056655639595433        1.2029140097552209     
  0.63343107492618056       0.15509680618328439       0.18711609704790408       0.69531415827187126       0.62917439950783571       0.61038701690064390       0.65202146629714153       0.64610935491370336       0.82652801592339942       0.39387498100951363       0.69402693463912957       0.49017463533048677       0.58905384073434341     
   1.2330469278642777        1.2517362461426809        1.2738973405479332        1.1837752640537005        1.0053196798269624        1.0907571120520354        1.1926079598166475        1.3415713987330098        1.3226044556536236        1.1045340394326157        1.1417126884658044        1.2603783297401627        1.3425523142712934     
  0.64989255502396326       0.16502761636815966       0.19689858352038345       0.71024420272899313       0.64463411983505914       0.62611007546051967       0.66463264419434742       0.66031757446784700       0.83421558838905963       0.40162030566957002       0.70645205511439046       0.50751916464871716       0.60709188810145065     
   1.1645765002742428        1.2236299485787521        1.1665169831040800        1.4556779192049381        1.0813416904729105        1.2834638865476966        1.0384649768480230        1.0943955207026947        1.0947917834812082        1.0950700631889201        1.0679605390723699        1.2428839808515075        1.2923764135528928     
  0.66583657005228880       0.17549071509127470       0.20683055251873622       0.72407505090413182       0.66079505109469838       0.64127530703665203       0.67661453729137300       0.67556135499880832       0.84156229180441122       0.41034931277508280       0.71833489305329756       0.52399358488267345       0.62488262455414789     
   1.5539048856560245        1.2100529492581866        1.2533842921514140        1.0775361824899019        1.2321387109662572        1.1693353766648871        1.1548058276199129        1.4325724978704357        1.1221619680306254        1.1121670704262132        1.2315341003442375        1.2402537461804963        1.0830691738730562     
  0.68220017770334307       0.18689052332067266       0.21776782730734798       0.73808892590642972       0.67785082662067331       0.65698425444079944       0.68873834069929984       0.69212016606845839       0.84862168839754082       0.41961003456935547       0.72839629604532086       0.53898223471582851       0.64241968916904602     
   1.1636445705538783        1.2230919275976164        1.1464802741184625        1.3789498030236351        1.3584439496735741        1.0141346884363347        1.3343889674204850        1.1229411811909880        1.1488393585891468        1.1296787563096637        1.2237351744305207        1.0527126774810893        1.1229951111280625     
  0.69903770484671179       0.19962109028676131       0.22969666838300526       0.75196038791531261       0.69521155939724122       0.67221264471794406       0.70080967562142193       0.70819790007541117       0.85365271076609184       0.42901461134847713       0.73707870991378799       0.55570018272690158       0.66029176735705353     
   1.3075509309697804        1.4037646328352940        1.0754434458078885        1.1792331025958214        1.1708288338928918        1.4500357861495712        1.0146174011269615        1.2257144787502992        1.0853736049821769        1.2821872767425624        1.2461950408830358        1.1448342775656917        1.1936305804149776     
  0.71510786733988729       0.21247571048598710       0.24167969075001075       0.76585049900492941       0.71251095422040911       0.68862386085309646       0.71323349193624241       0.72095974285111408       0.85867194153293913       0.43829658265362875       0.74638290487574566       0.57148983879435966       0.67920230787225344     
   1.2881309684019895        1.0961614178621457        1.3477833644389468        1.1689305808181714        1.2380644079095355        1.1985395903704748        1.2611134819464809        1.2727489319426166       0.98479612242001113        1.1540528703906014        1.0711315750666355        1.0764391593482938        1.2052936812583568     
  0.73059339732080286       0.22734386481792757       0.25426263361942480       0.77982579116704243       0.72903254100156256       0.70423417154527546       0.72601844190912190       0.73225978445755713       0.86429972847112713       0.44823578120209595       0.75557026760487944       0.58881009934340867       0.69779118934575213     
   1.4010857863687982        1.1865228396450702        1.3626161685041183        1.1999213758265763        1.1644352000349576        1.1813206984801201        1.4173979707776501        1.0828566658048866        1.1130770622287465        1.0612140916864461        1.0621519174984217        1.4226468249599673        1.3831853043095741     
  0.74447524578143109       0.24163103965944507       0.26757941651546457       0.79266364259044209       0.74347245579449572       0.71899684394079189       0.73874701817770849       0.74648874683448863       0.86980195929356741       0.45888491511253870       0.76397082719162446       0.60653473628179189       0.71443483589932177     
   1.2260652451483574        1.4120187853148809        1.2627751280052879        1.3207923156993080        1.1540407914563491        1.1147428372453019        1.1124026465100276        1.1211548309027226        1.0825113747037252        1.2066834278017855        1.1004391521771970        1.1283002375024513        1.0981766736579552     
  0.75875099115491085       0.25570837114127382       0.28183178824744753       0.80470971915179357       0.75600540549768380       0.73329686477869416       0.75100170006737998       0.76167228381624175       0.87660470210189667       0.46843426991488180       0.77689511652588794       0.62635303722176061       0.72954168786150275     
   1.1642672762054787        1.1708644893693430        1.2047921078751005        1.2388662963061103        1.1347519513987649        1.1271796940642551        1.1666264073811106        1.1449824337925933        1.1424182844613124        1.1440927820050246        1.3294823084006206        1.2208282345463972        1.2569049188762245     
  0.77419642112659115       0.26940223342542613       0.29695716452520871       0.81700447659061559       0.77042876184297371       0.75028372034428148       0.76296852372123714       0.77588134205814818       0.88429238927636644       0.47772528277098142       0.79007140062769909       0.64679431779096241       0.74513492370099799     
   1.2353993058860577        1.2774251196367947        1.1994322164580842        1.1538515866324432        1.0335095068584608        1.1472965745577866        1.0837046882897052        1.1719012098364510        1.1395119497299908        1.3515487613610691        1.1801130493566070        1.3007166238740040        1.0713289036987164     
  0.79117824716452290       0.28370513664890135       0.31296322652816078       0.82978359109008815       0.78617202014335419       0.76625193105572376       0.77442080197357577       0.79013075650460163       0.89169997151618807       0.48649590874787418       0.80319814474174012       0.66733826446167477       0.76329516491613314     
   1.2863873482067605        1.1087404822722586        1.2965730683414940        1.0565491748320179        1.1869350267537340        1.3350424112053945        1.3424043189183612        1.0230204595599186        1.1792957739057459        1.1463325583182742        1.5498635636816156        1.2820085497267359        1.1718756385783073     
  0.80804506179069813       0.29835920320158904       0.33070106947158512       0.84260185605341564       0.80412810580647820       0.78259134120569351       0.78556137441078566       0.80562446541023602       0.89836498032837242       0.49614820800837145       0.81653057553633202       0.68735839443998903       0.78179146728057214     
   1.1797798754415547        1.0655193682771928        1.2955152593894435        1.1443764718156244        1.0255771813975196        1.2860639974647976       0.98456706397167781        1.1180320578884235        1.0909957397999699        1.1014724653703716        1.2801653366786483        1.0649457211280531        1.4977783054496085     
  0.82509594199964398       0.31495443029933895       0.35001059533192541       0.85535460884568704       0.82099661804668933       0.79715930878596641       0.79743331935467909       0.82107901934113547       0.90530436916344392       0.50709259740319013       0.82955659928504988       0.70846682049368903       0.79898376482171907     
   1.4633643909419802        1.3973481029474004        1.2247149893448710        1.2697324213065768        1.3983294181355945        1.0726436558241765        1.2334189554022259        1.2256059467232496        1.1628807666259953        1.2864462930654377        1.2181353819205165        1.2744795408805254        1.1326932203732469     
  0.84170105985416155       0.33366389213732722       0.36987181273830327       0.86878367534152623       0.83715272038936861       0.81157691038344093       0.80972349810614563       0.83595181697966303       0.91230809045223349       0.51908038903250053       0.84204658944720234       0.73062013646873392       0.81548833177566937     
   1.1526397714644634       0.97733568065352439        1.0957121382392301        1.2242878465225815        1.0916635735286686        1.1627746342892888        1.1180823451674555        1.4158440444804512       0.95813847885893244        1.0148272477786999        1.2749870698740289        1.1412010562852142        1.2629491225919556     
  0.85761620198172128       0.35347232347771385       0.39043866620239759       0.88250190081461000       0.85235364962791038       0.82716457083660511       0.82104786148772224       0.85122208629498120       0.91933560898403988       0.53116177236661621       0.85411118849080758       0.75422726504741799       0.83210839309286910     
   1.1773241321967984        1.1594030363687635        1.0051189167912511        1.4015268794826814        1.2752574311397635        1.1783458228297159        1.2836221515102617        1.1282629250755436        1.1669906128414747        1.1568324225443998        1.3796244235103579        1.0090969169417852        1.0256955142125685     
  0.87212111331750519       0.37328915306349358       0.41263291088264037       0.89538964610854421       0.86705296468515591       0.84369936113256128       0.83126235911790702       0.86722512773854166       0.92612597617858516       0.54269523825287269       0.86606042787554571       0.77796600818470130       0.84876126712348099     
   1.1880676214189356       0.91938597419883850        1.0549531072322600        1.2217333861610455        1.2674619826328113        1.2142597985740597       0.95823144387269965        1.1475232101027857        1.1908643986360643        1.0619291052495994        1.3057247085717734        1.2006304021462295        1.1261844521965196     
  0.88626501024939608       0.39359476659293247       0.43765599359074064       0.90722457859202676       0.88144791025547187       0.86116163182340544       0.84091728605971361       0.88393927225075875       0.93289642215834978       0.55440299284645056       0.87867766200790764       0.80146890820734373       0.86561516599320221     
   1.4725282767012930        1.0923555038452879        1.2671316288433829        1.3383755203405221        1.2285195907318975        1.2604704826128237        1.0156420910659989        1.2607682531037658       0.99710409228674768        1.1901152441380478        1.4158632432456701        1.1425186365114781        1.0207543023612626     
  0.90041239656592387       0.41616819223885126       0.46538410394808355       0.91800189257048059       0.89507276724000728       0.87795093297600346       0.85033279798434058       0.89880778963514607       0.93878848401103254       0.56650599775131838       0.89322193278109063       0.82391215998749545       0.88257736569797163     
   1.1942683772290041       0.99192692860331877        1.3209234408265160        1.0809705710944080        1.2638133408131138        1.1793682591089467        1.1975996799032398        1.0682682356521913        1.1821555205524328        1.2980698760955747        1.4480985884086743        1.1600204035594006        1.1033651272490264     
  0.91362425470618680       0.43553340959743236       0.49838679091847571       0.92925437474934069       0.90998173073202226       0.89301462656007979       0.85977014402962104       0.91344569852191915       0.94620865434249213       0.57911208469127506       0.90654819922163288       0.84663213365827239       0.89940195633484687     
   1.0230036841467489       0.99664322551564255        1.1514591652893593        1.4051568601225788        1.2660891773508627        1.1277490478973342        1.2238664966806438        1.1596958310607677        1.1378166027975165       0.97037680671217219        1.1388492857776438       0.90782265146951691        1.0274470421949331     
  0.92513405770111479       0.45421407956529619       0.53761867432908528       0.94022094769454223       0.92605046273005065       0.90747920003223248       0.87203360344622116       0.92629506520498817       0.95309970581193748       0.59300978668286308       0.91954016601646427       0.86956252018906965       0.91557379593120602     
   1.2550961170797534        1.0549342614179007        1.2117149670893297        1.2020528015752832        1.3224865427339529        1.1637689638296667        1.1553547772388684        1.1245123255613900        1.1091433317709263        1.1088085568099855        1.1129415777289455        1.0462558212194766        1.1639896541409152     
  0.93605705828202479       0.47484510764825333       0.57871080653276208       0.95034416181246528       0.94302032743966169       0.92096179547120161       0.88728787200273973       0.93552680443317726       0.95939329149476427       0.60873864658141330       0.93080058492816087       0.89233360576548837       0.92835430489263615     
  0.95805290361615913        1.1256809454747752        1.1763464704384134        1.1176702925567854        1.4252534816262907        1.2237447244546726        1.3823782451768780       0.96487884554793812        1.0364577040009100        1.1175279871135364        1.0440066572091971        1.1908829493973101        1.2124814137542561     
  0.95108228957773278       0.50214533208714096       0.62674558787143664       0.95960435176267200       0.95630094393909004       0.93510373884432518       0.90345869866049489       0.94460707823065870       0.96468513623575392       0.62761964447405327       0.94075077697355181       0.91480662580263239       0.93969776204282562     
   1.0952994882630573        1.1228441934239439        1.0641194076838458        1.1623022308774125        1.0431557226955395       0.94429767188894453        1.2762800452335514       0.98512539992649062        1.0306594320191311        1.0704078095214369        1.2807496700276950        1.1411438551699511        1.1760864254462711     
  0.96761528188614176       0.55088723871833889       0.68923624755834245       0.96908386700950555       0.96636924816664127       0.95094133111744783       0.92393321698181596       0.95395432595708030       0.97118436729423063       0.64917402360678322       0.95339462717796486       0.93701469025553130       0.95180329321070400     
   1.1527439026064994        1.3065874313825450        1.0827479170794079        1.0439884083953301        1.0056168365225440        1.1779380523791323        1.3629181044880023        1.0554767861976060        1.0048398317562468        1.3638102755364130        1.1600949738461774        1.2061309424918427        1.3327370685642723     
  0.98066409971804347       0.61987477752321107       0.76968832662880560       0.97877857347205832       0.97680460368853628       0.96782964128531512       0.94735944127217053       0.96683329717219846       0.97826458872495936       0.68268233651983423       0.96599327331538520       0.95884750636658900       0.96551284233424950     
   1.0660603877631629        1.2253300015328215        1.1358592979365087        1.0720793325920983        1.0565252903264191        1.0399781105807582        1.4289066281236760        1.1112855346751505        1.0674339349969990        1.3883413876070070        1.2490764286008744       0.96857054044756408        1.1073197095772258     
  0.99053424440617055       0.73433270237556025       0.87569812720238827       0.98937395234519332       0.98645736586240718       0.98422151426040039       0.97378845088704025       0.98332051025618505       0.98747923572228313       0.75982317180510561       0.98272105515411012       0.97975492239676765       0.98009618059650505     
   1.3630505858905426        1.1285228750426122        1.0911978156559414        1.1831177515018849       0.92033838156336290        1.3728860868904620        1.4445351166844158        1.3464909154788904        1.0569678397113176        1.2587060599325999        1.4003128365156754        1.1917592215146204        1.3918204512183281     
   1.0000000000000000        1.0000000000000000        1.0000000000000000        1.0000000000000000        1.0000000000000000        1.0000000000000000        1.0000000000000000        1.0000000000000000        1.0000000000000000        1.0000000000000000        1.0000000000000000        1.0000000000000000        1.0000000000000000     
   1.2094602087214386       0.91347157240182242        1.1499922008183467        1.3529341663519714        1.2875530746826231        1.2318355511079695        1.1463988441454882        1.0563869548786131        1.0693510077524082        1.0402905584331315        1.1000430118730662        1.2775572972117943        1.1937638912536659     
   1.5120713665141738        11.043414435638240        15.860863420262239        2.8887587463246165        5.8125448238731812        2.6952046696545908        23.847813689838304        2.4380847053091550        11.242235024790180        12.367669443870547        5.1373519598447581        2.1877830324533534        5.7070253852672455     
   11.624218177752695        1.4426863822283404        3.2731614588214830        1.0582967955363152        3.5644856256489970        2.5847830103270324        15.582958968436881        9.1351113732003153        3.8960233756888467        15.592483175211246        1.3054962635658374        3.6276019227829042       -2.6487926109166211     
   8.1824055473877362        3.9208513941400485       -1.6822287883967946        2.3374535383815691        3.7203401463364925        1.7332982394863115        12.394610128669443        2.0962382467231966        4.2222461251200665        2.2873938065110564        3.8249827641492264        5.1813279973630806        13.278288815793276     
   4.5127047376050369        5.9126501397005846       -3.8333968659760806      -0.12610829137321550        4.6945209442836227        3.8510029299032680        5.7701508965598141       0.10080650955638491        3.9699707505266812        1.2656281229860136        6.5012489149229467        2.8151705792026491        7.1356973550479692     
  -1.9711230440096037        5.8145770041963125       -1.4876072551395523        2.7014031471399309       -4.1377133176909444        2.5753329170756376        5.8485044832041675        1.9944016521019305        6.1258254264941145        2.8105120182235352        3.5701292097654789        6.7901307417901098        1.4115496510668160     
   8.2448440397002649        4.5692401796738604      -0.83019704061147026        1.2014778369361949        4.5715889370004437        6.6130609193381140       0.85991712478833915        11.393241083405812        5.5538499582644238        4.4641328715367239        11.998311756649752        4.3660064620132610        3.1102830578740601     
   5.4034160012664971        3.5739296989546023       -2.0419265335832901        10.227021199364913        4.1012660593990695        13.179647398122412       -6.0835922673545220        5.9191788691155081        13.128274531310149        5.0244455720575800        4.1948545615322432       0.94580619533696642        4.4897380753404743     
  0.10861890142041825      -0.12629087232193414        7.8502865337069556        8.0389942577804945        14.059982028316853        4.4220226386898478       -20.504675252445082        1.5088004962429662        8.4494343124159127E-002   8.7995292464540054        1.5128862370297020        10.428975154366714        7.3827499660779292     
   8.5028809678576775E-002
           1           1           1           1           1           1           1           1           1           1           1           1           1
  0.21892076402448596       0.10069529924200504        8.1596882872643386E-004   8.3539938853328355        4.5733084966751818E-003   4.9792222368425076E-006
   5.6420284545172471E-003   5.3523099010642384E-003   6.8276845929987607E-004  0.55036368346630227        6.8253172243845780E-004   7.2089216601346456E-007
   5.0000000000000001E-003   5.4360850717436273     
