     
 Collinear #          27
 
 part:           1
 comp:           0
   1.0000000136928362        276.25000378264605        276.25000000000006     
   1.0000000013120440        276.25000036245223        276.25000000000006     
   1.0000000001306575        276.25000003609421        276.25000000000006     
   1.0000000000130600        276.25000000360791        276.25000000000006     
   1.0000000000013056        276.25000000036073        276.25000000000006     
   1.0000000000001306        276.25000000003610        276.25000000000006     
   1.0000000000000129        276.25000000000364        276.25000000000006     
   1.0000000000000011        276.25000000000034        276.25000000000006     
   1.0000000000000000        276.25000000000006        276.25000000000006     
   1.0000000000000000        276.25000000000006        276.25000000000006     
 comp:           1
   0.0000000000000000        0.0000000000000000     
   0.0000000000000000        0.0000000000000000     
   0.0000000000000000        0.0000000000000000     
   0.0000000000000000        0.0000000000000000     
   0.0000000000000000        0.0000000000000000     
   0.0000000000000000        0.0000000000000000     
   0.0000000000000000        0.0000000000000000     
   0.0000000000000000        0.0000000000000000     
   0.0000000000000000        0.0000000000000000     
   0.0000000000000000        0.0000000000000000     
 comp:           2
   0.0000000000000000        0.0000000000000000     
   0.0000000000000000        0.0000000000000000     
   0.0000000000000000        0.0000000000000000     
   0.0000000000000000        0.0000000000000000     
   0.0000000000000000        0.0000000000000000     
   0.0000000000000000        0.0000000000000000     
   0.0000000000000000        0.0000000000000000     
   0.0000000000000000        0.0000000000000000     
   0.0000000000000000        0.0000000000000000     
   0.0000000000000000        0.0000000000000000     
 comp:           3
   1.0000000136928362        276.25000378264605        276.25000000000006     
   1.0000000013120440        276.25000036245223        276.25000000000006     
   1.0000000001306575        276.25000003609421        276.25000000000006     
   1.0000000000130600        276.25000000360791        276.25000000000006     
   1.0000000000013056        276.25000000036073        276.25000000000006     
   1.0000000000001306        276.25000000003610        276.25000000000006     
   1.0000000000000129        276.25000000000364        276.25000000000006     
   1.0000000000000011        276.25000000000034        276.25000000000006     
   1.0000000000000000        276.25000000000006        276.25000000000006     
   1.0000000000000000        276.25000000000006        276.25000000000006     
 
 part:           2
 comp:           0
  0.99999999896862768        276.25007187028223        276.25007215519889     
  0.99999999990155630        276.25007212800381        276.25007215519889     
  0.99999999999019984        276.25007215249161        276.25007215519889     
  0.99999999999902012        276.25007215492820        276.25007215519889     
  0.99999999999990186        276.25007215517178        276.25007215519889     
  0.99999999999999012        276.25007215519616        276.25007215519889     
  0.99999999999999900        276.25007215519861        276.25007215519889     
  0.99999999999999956        276.25007215519878        276.25007215519889     
   1.0000000000000000        276.25007215519889        276.25007215519889     
   1.0000000000000000        276.25007215519889        276.25007215519889     
 comp:           1
   0.0000000000000000        0.0000000000000000     
   0.0000000000000000        0.0000000000000000     
   0.0000000000000000        0.0000000000000000     
   0.0000000000000000        0.0000000000000000     
   0.0000000000000000        0.0000000000000000     
   0.0000000000000000        0.0000000000000000     
   0.0000000000000000        0.0000000000000000     
   0.0000000000000000        0.0000000000000000     
   0.0000000000000000        0.0000000000000000     
   0.0000000000000000        0.0000000000000000     
 comp:           2
   0.0000000000000000        0.0000000000000000     
   0.0000000000000000        0.0000000000000000     
   0.0000000000000000        0.0000000000000000     
   0.0000000000000000        0.0000000000000000     
   0.0000000000000000        0.0000000000000000     
   0.0000000000000000        0.0000000000000000     
   0.0000000000000000        0.0000000000000000     
   0.0000000000000000        0.0000000000000000     
   0.0000000000000000        0.0000000000000000     
   0.0000000000000000        0.0000000000000000     
 comp:           3
  0.99999999896862768       -276.25007187028223       -276.25007215519889     
  0.99999999990155630       -276.25007212800381       -276.25007215519889     
  0.99999999999019984       -276.25007215249161       -276.25007215519889     
  0.99999999999902012       -276.25007215492820       -276.25007215519889     
  0.99999999999990186       -276.25007215517178       -276.25007215519889     
  0.99999999999999012       -276.25007215519616       -276.25007215519889     
  0.99999999999999900       -276.25007215519861       -276.25007215519889     
  0.99999999999999956       -276.25007215519878       -276.25007215519889     
   1.0000000000000000       -276.25007215519889       -276.25007215519889     
   1.0000000000000000       -276.25007215519889       -276.25007215519889     
 
 part:           3
 comp:           0
  0.99999998571979554        131.55420256598200        131.55420444460293     
  0.99999999557167707        131.55420386203843        131.55420444460293     
  0.99999999860232291        131.55420426073263        131.55420444460293     
  0.99999999955810026        131.55420438646917        131.55420444460293     
  0.99999999986026189        131.55420442621980        131.55420444460293     
  0.99999999995581090        131.55420443878967        131.55420444460293     
  0.99999999998602596        131.55420444276459        131.55420444460293     
  0.99999999999558098        131.55420444402159        131.55420444460293     
  0.99999999999860256        131.55420444441910        131.55420444460293     
  0.99999999999955813        131.55420444454481        131.55420444460293     
 comp:           1
  0.99999983063633391        45.914068191056955        45.914075967233188     
  0.99999994747995691        45.914073555823940        45.914075967233188     
  0.99999998342350771        45.914075206138861        45.914075967233188     
  0.99999999475905554        45.914075726600068        45.914075967233188     
  0.99999999834269970        45.914075891139774        45.914075967233188     
  0.99999999947591656        45.914075943170381        45.914075967233188     
  0.99999999983427024        45.914075959623858        45.914075967233188     
  0.99999999994759159        45.914075964826907        45.914075967233188     
  0.99999999998342703        45.914075966472254        45.914075967233188     
  0.99999999999475919        45.914075966992563        45.914075967233188     
 comp:           2
   1.0000000107690254       -101.01866530452163       -101.01866421664906     
   1.0000000033394985       -101.01866455400072       -101.01866421664906     
   1.0000000010540200       -101.01866432312474       -101.01866421664906     
   1.0000000003332465       -101.01866425031318       -101.01866421664906     
   1.0000000001053797       -101.01866422729438       -101.01866421664906     
   1.0000000000333240       -101.01866422001540       -101.01866421664906     
   1.0000000000105380       -101.01866421771359       -101.01866421664906     
   1.0000000000033324       -101.01866421698570       -101.01866421664906     
   1.0000000000010538       -101.01866421675551       -101.01866421664906     
   1.0000000000003333       -101.01866421668272       -101.01866421664906     
 comp:           3
   1.0000000000000000       -70.643315933012573       -70.643315933012573     
   1.0000000000000000       -70.643315933012573       -70.643315933012573     
   1.0000000000000000       -70.643315933012573       -70.643315933012573     
   1.0000000000000000       -70.643315933012573       -70.643315933012573     
   1.0000000000000000       -70.643315933012573       -70.643315933012573     
   1.0000000000000000       -70.643315933012573       -70.643315933012573     
   1.0000000000000000       -70.643315933012573       -70.643315933012573     
   1.0000000000000000       -70.643315933012573       -70.643315933012573     
   1.0000000000000000       -70.643315933012573       -70.643315933012573     
   1.0000000000000000       -70.643315933012573       -70.643315933012573     
 
 part:           4
 comp:           0
   1.0000000120516861        273.68905285128790        273.68904955287337     
   1.0000000037372538        273.68905057571880        273.68904955287337     
   1.0000000011795602        273.68904987570608        273.68904955287337     
   1.0000000003729383        273.68904965494249        273.68904955287337     
   1.0000000001179314        273.68904958514992        273.68904955287337     
   1.0000000000372931        273.68904956308006        273.68904955287337     
   1.0000000000117928        273.68904955610094        273.68904955287337     
   1.0000000000037292        273.68904955389405        273.68904955287337     
   1.0000000000011793        273.68904955319613        273.68904955287337     
   1.0000000000003730        273.68904955297546        273.68904955287337     
 comp:           1
   1.0000001813706607       -89.197325510010728       -89.197309332235804     
   1.0000000562434379       -89.197314348999129       -89.197309332235804     
   1.0000000177516783       -89.197310915637743       -89.197309332235804     
   1.0000000056124998       -89.197309832855694       -89.197309332235804     
   1.0000000017747945       -89.197309490542693       -89.197309332235804     
   1.0000000005612382       -89.197309382296737       -89.197309332235804     
   1.0000000001774789       -89.197309348066455       -89.197309332235804     
   1.0000000000561238       -89.197309337241890       -89.197309332235804     
   1.0000000000177478       -89.197309333818865       -89.197309332235804     
   1.0000000000056124       -89.197309332736410       -89.197309332235804     
 comp:           2
  0.99999999051915123        238.71708316221472        238.71708542545531     
  0.99999999705996800        238.71708472361945        238.71708542545531     
  0.99999999907206061        238.71708520394031        238.71708542545531     
  0.99999999970661602        238.71708535541953        238.71708542545531     
  0.99999999990722555        238.71708540330846        238.71708542545531     
  0.99999999997066225        238.71708541845189        238.71708542545531     
  0.99999999999072264        238.71708542324063        238.71708542545531     
  0.99999999999706624        238.71708542475497        238.71708542545531     
  0.99999999999907230        238.71708542523385        238.71708542545531     
  0.99999999999970668        238.71708542538528        238.71708542545531     
 comp:           3
   1.0000000000000000        99.802461142100455        99.802461142100455     
   1.0000000000000000        99.802461142100455        99.802461142100455     
   1.0000000000000000        99.802461142100455        99.802461142100455     
   1.0000000000000000        99.802461142100455        99.802461142100455     
   1.0000000000000000        99.802461142100455        99.802461142100455     
   1.0000000000000000        99.802461142100455        99.802461142100455     
   1.0000000000000000        99.802461142100455        99.802461142100455     
   1.0000000000000000        99.802461142100455        99.802461142100455     
   1.0000000000000000        99.802461142100455        99.802461142100455     
   1.0000000000000000        99.802461142100455        99.802461142100455     
 
 part:           5
 comp:           0
  0.99999999035838694        147.25674458273113        147.25674600252370     
  0.99999999701011444        147.25674556224288        147.25674600252370     
  0.99999999905632575        147.25674586356129        147.25674600252370     
  0.99999999970164111        147.25674595858834        147.25674600252370     
  0.99999999990565258        147.25674598863040        147.25674600252370     
  0.99999999997016464        147.25674599813024        147.25674600252370     
  0.99999999999056499        147.25674600113433        147.25674600252370     
  0.99999999999701650        147.25674600208436        147.25674600252370     
  0.99999999999905653        147.25674600238477        147.25674600252370     
  0.99999999999970157        147.25674600247976        147.25674600252370     
 comp:           1
  0.99999979889777946        43.283224660648273        43.283233365002616     
  0.99999993763776196        43.283230665763313        43.283233365002616     
  0.99999998031709225        43.283232513062728        43.283233365002616     
  0.99999999377690862        43.283233095647098        43.283233365002616     
  0.99999999803212336        43.283233279826554        43.283233365002616     
  0.99999999937770401        43.283233338067632        43.283233365002616     
  0.99999999980321275        43.283233356485027        43.283233365002616     
  0.99999999993777045        43.283233362309119        43.283233365002616     
  0.99999999998032130        43.283233364150860        43.283233365002616     
  0.99999999999377698        43.283233364733263        43.283233365002616     
 comp:           2
   1.0000000088434053       -137.69842242652922       -137.69842120880625     
   1.0000000027423595       -137.69842158642481       -137.69842120880625     
   1.0000000008655494       -137.69842132799104       -137.69842120880625     
   1.0000000002736584       -137.69842124648858       -137.69842120880625     
   1.0000000000865368       -137.69842122072222       -137.69842120880625     
   1.0000000000273652       -137.69842121257440       -137.69842120880625     
   1.0000000000086537       -137.69842120999786       -137.69842120880625     
   1.0000000000027365       -137.69842120918307       -137.69842120880625     
   1.0000000000008655       -137.69842120892542       -137.69842120880625     
   1.0000000000002738       -137.69842120884394       -137.69842120880625     
 comp:           3
   1.0000000000000000       -29.159145209087885       -29.159145209087885     
   1.0000000000000000       -29.159145209087885       -29.159145209087885     
   1.0000000000000000       -29.159145209087885       -29.159145209087885     
   1.0000000000000000       -29.159145209087885       -29.159145209087885     
   1.0000000000000000       -29.159145209087885       -29.159145209087885     
   1.0000000000000000       -29.159145209087885       -29.159145209087885     
   1.0000000000000000       -29.159145209087885       -29.159145209087885     
   1.0000000000000000       -29.159145209087885       -29.159145209087885     
   1.0000000000000000       -29.159145209087885       -29.159145209087885     
   1.0000000000000000       -29.159145209087885       -29.159145209087885     
 
 part:           6
 comp:           0
   1.0484750692928040        7.5652927118210599E-005   7.2155198853930273E-005
   1.0046463333778173        7.2490455962748331E-005   7.2155198853930273E-005
   1.0004627123323220        7.2188585954281129E-005   7.2155198853930273E-005
   1.0000462521098168        7.2158536184111511E-005   7.2155198853930273E-005
   1.0000046250198344        7.2155532573156138E-005   7.2155198853930273E-005
   1.0000004625000716        7.2155232225714911E-005   7.2155198853930273E-005
   1.0000000462499883        7.2155202191107379E-005   7.2155198853930273E-005
   1.0000000046249986        7.2155199187647973E-005   7.2155198853930273E-005
   1.0000000004624996        7.2155198887302016E-005   7.2155198853930273E-005
   1.0000000000462497        7.2155198857267420E-005   7.2155198853930273E-005
 comp:           1
   3.2658305492045707E-005   0.0000000000000000     
   1.0127411869218035E-005   0.0000000000000000     
   3.1964361525323795E-006   0.0000000000000000     
   1.0106085233487040E-006   0.0000000000000000     
   3.1957636356145944E-007   0.0000000000000000     
   1.0105872624760464E-007   0.0000000000000000     
   3.1957569117490271E-008   0.0000000000000000     
   1.0105870521140546E-008   0.0000000000000000     
   3.1957568009033147E-009   0.0000000000000000     
   1.0105870895609650E-009   0.0000000000000000     
 comp:           2
   4.5688361388064726E-006   0.0000000000000000     
   1.4168060664363210E-006   0.0000000000000000     
   4.4717546697682833E-007   0.0000000000000000     
   1.4138225098010672E-007   0.0000000000000000     
   4.4708138311204593E-008   0.0000000000000000     
   1.4137927662360300E-008   0.0000000000000000     
   4.4708044245577074E-009   0.0000000000000000     
   1.4137924719435196E-009   0.0000000000000000     
   4.4708042694866196E-010   0.0000000000000000     
   1.4137925243310501E-010   0.0000000000000000     
 comp:           3
  0.94362758691330206       -6.8087636177783685E-005  -7.2155198853930273E-005
  0.99459987264090732       -7.1765551590498389E-005  -7.2155198853930273E-005
  0.99946224988103460       -7.2116397387162604E-005  -7.2155198853930273E-005
  0.99994624751072358       -7.2151320332377642E-005  -7.2155198853930273E-005
  0.99999462497619629       -7.2154811018018870E-005  -7.2155198853930273E-005
  0.99999946249987037       -7.2155160070501534E-005  -7.2155198853930273E-005
  0.99999994625000965       -7.2155194975589035E-005  -7.2155198853930273E-005
  0.99999999462500122       -7.2155198466096167E-005  -7.2155198853930273E-005
  0.99999999946249984       -7.2155198815146844E-005  -7.2155198853930273E-005
  0.99999999994624966       -7.2155198850051906E-005  -7.2155198853930273E-005
 
 part: i_fks+j_fks
 comp:           0
   1.0000000116300813        276.25014752320936        276.25014431039773     
   1.0000000011151562        276.25014461845979        276.25014431039773     
   1.0000000001110581        276.25014434107754        276.25014431039773     
   1.0000000000111009        276.25014431346438        276.25014431039773     
   1.0000000000011100        276.25014431070434        276.25014431039773     
   1.0000000000001108        276.25014431042837        276.25014431039773     
   1.0000000000000111        276.25014431040080        276.25014431039773     
   1.0000000000000009        276.25014431039796        276.25014431039773     
   1.0000000000000002        276.25014431039779        276.25014431039773     
   1.0000000000000000        276.25014431039773        276.25014431039773     
 comp:           1
   3.2658305492045707E-005   0.0000000000000000     
   1.0127411869218035E-005   0.0000000000000000     
   3.1964361525323795E-006   0.0000000000000000     
   1.0106085233487040E-006   0.0000000000000000     
   3.1957636356145944E-007   0.0000000000000000     
   1.0105872624760464E-007   0.0000000000000000     
   3.1957569117490271E-008   0.0000000000000000     
   1.0105870521140546E-008   0.0000000000000000     
   3.1957568009033147E-009   0.0000000000000000     
   1.0105870895609650E-009   0.0000000000000000     
 comp:           2
   4.5688361388064726E-006   0.0000000000000000     
   1.4168060664363210E-006   0.0000000000000000     
   4.4717546697682833E-007   0.0000000000000000     
   1.4138225098010672E-007   0.0000000000000000     
   4.4708138311204593E-008   0.0000000000000000     
   1.4137927662360300E-008   0.0000000000000000     
   4.4708044245577074E-009   0.0000000000000000     
   1.4137924719435196E-009   0.0000000000000000     
   4.4708042694866196E-010   0.0000000000000000     
   1.4137925243310501E-010   0.0000000000000000     
 comp:           3
  0.99999998424442693       -276.25013995791841       -276.25014431039773     
  0.99999999849106924       -276.25014389355539       -276.25014431039773     
  0.99999999984974230       -276.25014426888902       -276.25014431039773     
  0.99999999998498035       -276.25014430624856       -276.25014431039773     
  0.99999999999849787       -276.25014430998277       -276.25014431039773     
  0.99999999999984979       -276.25014431035623       -276.25014431039773     
  0.99999999999998501       -276.25014431039358       -276.25014431039773     
  0.99999999999999811       -276.25014431039722       -276.25014431039773     
   1.0000000000000000       -276.25014431039773       -276.25014431039773     
   1.0000000000000000       -276.25014431039773       -276.25014431039773     
