     
 Collinear #          87
 
 part:           1
 comp:           0
   1.0000000118436903        276.25000327181942        276.25000000000000     
   1.0000000011348598        276.25000031350498        276.25000000000000     
   1.0000000001130134        276.25000003121994        276.25000000000000     
   1.0000000000112967        276.25000000312070        276.25000000000000     
   1.0000000000011298        276.25000000031207        276.25000000000000     
   1.0000000000001130        276.25000000003121        276.25000000000000     
   1.0000000000000113        276.25000000000313        276.25000000000000     
   1.0000000000000011        276.25000000000028        276.25000000000000     
   1.0000000000000000        276.25000000000000        276.25000000000000     
   1.0000000000000000        276.25000000000000        276.25000000000000     
 comp:           1
   0.0000000000000000        0.0000000000000000     
   0.0000000000000000        0.0000000000000000     
   0.0000000000000000        0.0000000000000000     
   0.0000000000000000        0.0000000000000000     
   0.0000000000000000        0.0000000000000000     
   0.0000000000000000        0.0000000000000000     
   0.0000000000000000        0.0000000000000000     
   0.0000000000000000        0.0000000000000000     
   0.0000000000000000        0.0000000000000000     
   0.0000000000000000        0.0000000000000000     
 comp:           2
   0.0000000000000000        0.0000000000000000     
   0.0000000000000000        0.0000000000000000     
   0.0000000000000000        0.0000000000000000     
   0.0000000000000000        0.0000000000000000     
   0.0000000000000000        0.0000000000000000     
   0.0000000000000000        0.0000000000000000     
   0.0000000000000000        0.0000000000000000     
   0.0000000000000000        0.0000000000000000     
   0.0000000000000000        0.0000000000000000     
   0.0000000000000000        0.0000000000000000     
 comp:           3
   1.0000000118436903        276.25000327181942        276.25000000000000     
   1.0000000011348598        276.25000031350498        276.25000000000000     
   1.0000000001130134        276.25000003121994        276.25000000000000     
   1.0000000000112967        276.25000000312070        276.25000000000000     
   1.0000000000011298        276.25000000031207        276.25000000000000     
   1.0000000000001130        276.25000000003121        276.25000000000000     
   1.0000000000000113        276.25000000000313        276.25000000000000     
   1.0000000000000011        276.25000000000028        276.25000000000000     
   1.0000000000000000        276.25000000000000        276.25000000000000     
   1.0000000000000000        276.25000000000000        276.25000000000000     
 
 part:           2
 comp:           0
  0.99999999910790871        276.25006216457530        276.25006241101556     
  0.99999999991485078        276.25006238749307        276.25006241101556     
  0.99999999999152356        276.25006240867395        276.25006241101556     
  0.99999999999915268        276.25006241078148        276.25006241101556     
  0.99999999999991507        276.25006241099209        276.25006241101556     
  0.99999999999999134        276.25006241101318        276.25006241101556     
  0.99999999999999878        276.25006241101522        276.25006241101556     
  0.99999999999999956        276.25006241101545        276.25006241101556     
  0.99999999999999978        276.25006241101551        276.25006241101556     
   1.0000000000000000        276.25006241101556        276.25006241101556     
 comp:           1
   0.0000000000000000        0.0000000000000000     
   0.0000000000000000        0.0000000000000000     
   0.0000000000000000        0.0000000000000000     
   0.0000000000000000        0.0000000000000000     
   0.0000000000000000        0.0000000000000000     
   0.0000000000000000        0.0000000000000000     
   0.0000000000000000        0.0000000000000000     
   0.0000000000000000        0.0000000000000000     
   0.0000000000000000        0.0000000000000000     
   0.0000000000000000        0.0000000000000000     
 comp:           2
   0.0000000000000000        0.0000000000000000     
   0.0000000000000000        0.0000000000000000     
   0.0000000000000000        0.0000000000000000     
   0.0000000000000000        0.0000000000000000     
   0.0000000000000000        0.0000000000000000     
   0.0000000000000000        0.0000000000000000     
   0.0000000000000000        0.0000000000000000     
   0.0000000000000000        0.0000000000000000     
   0.0000000000000000        0.0000000000000000     
   0.0000000000000000        0.0000000000000000     
 comp:           3
  0.99999999910790871       -276.25006216457530       -276.25006241101556     
  0.99999999991485078       -276.25006238749307       -276.25006241101556     
  0.99999999999152356       -276.25006240867395       -276.25006241101556     
  0.99999999999915268       -276.25006241078148       -276.25006241101556     
  0.99999999999991507       -276.25006241099209       -276.25006241101556     
  0.99999999999999134       -276.25006241101318       -276.25006241101556     
  0.99999999999999878       -276.25006241101522       -276.25006241101556     
  0.99999999999999956       -276.25006241101545       -276.25006241101556     
  0.99999999999999978       -276.25006241101551       -276.25006241101556     
   1.0000000000000000       -276.25006241101556       -276.25006241101556     
 
 part:           3
 comp:           0
   1.0000000257510906        88.171512992620194        88.171510722107641     
   1.0000000079854692        88.171511426198521        88.171510722107641     
   1.0000000025203915        88.171510944334358        88.171510722107641     
   1.0000000007968652        88.171510792368451        88.171510722107641     
   1.0000000002519860        88.171510744325630        88.171510722107641     
   1.0000000000796849        88.171510729133573        88.171510722107641     
   1.0000000000251985        88.171510724329437        88.171510722107641     
   1.0000000000079687        88.171510722810254        88.171510722107641     
   1.0000000000025198        88.171510722329813        88.171510722107641     
   1.0000000000007969        88.171510722177899        88.171510722107641     
 comp:           1
   1.0000000124278403        84.228809602722549        84.228808555940361     
   1.0000000038539005        84.228808880549806        84.228808555940361     
   1.0000000012163766        84.228808658394314        84.228808555940361     
   1.0000000003845786        84.228808588332953        84.228808555940361     
   1.0000000001216121        84.228808566183602        84.228808555940361     
   1.0000000000384570        84.228808559179555        84.228808555940361     
   1.0000000000121612        84.228808556964680        84.228808555940361     
   1.0000000000038458        84.228808556264283        84.228808555940361     
   1.0000000000012161        84.228808556042793        84.228808555940361     
   1.0000000000003846        84.228808555972748        84.228808555940361     
 comp:           2
   1.0000001751745782        25.288472059619121        25.288467629722469     
   1.0000000543220191        25.288469003443090        25.288467629722469     
   1.0000000171452359        25.288468063299209        25.288467629722469     
   1.0000000054207625        25.288467766805248        25.288467629722469     
   1.0000000017141628        25.288467673071022        25.288467629722469     
   1.0000000005420648        25.288467643430458        25.288467629722469     
   1.0000000001714160        25.288467634057316        25.288467629722469     
   1.0000000000542069        25.288467631093276        25.288467629722469     
   1.0000000000171416        25.288467630155953        25.288467629722469     
   1.0000000000054208        25.288467629859550        25.288467629722469     
 comp:           3
   1.0000000000000000        6.0875929730866698        6.0875929730866698     
   1.0000000000000000        6.0875929730866698        6.0875929730866698     
   1.0000000000000000        6.0875929730866698        6.0875929730866698     
   1.0000000000000000        6.0875929730866698        6.0875929730866698     
   1.0000000000000000        6.0875929730866698        6.0875929730866698     
   1.0000000000000000        6.0875929730866698        6.0875929730866698     
   1.0000000000000000        6.0875929730866698        6.0875929730866698     
   1.0000000000000000        6.0875929730866698        6.0875929730866698     
   1.0000000000000000        6.0875929730866698        6.0875929730866698     
   1.0000000000000000        6.0875929730866698        6.0875929730866698     
 
 part:           4
 comp:           0
   1.0000000096019763        81.093498029340765        81.093497250682915     
   1.0000000029775937        81.093497492146398        81.093497250682915     
   1.0000000009397947        81.093497326894152        81.093497250682915     
   1.0000000002971323        81.093497274778414        81.093497250682915     
   1.0000000000939597        81.093497258302435        81.093497250682915     
   1.0000000000297125        81.093497253092409        81.093497250682915     
   1.0000000000093958        81.093497251444859        81.093497250682915     
   1.0000000000029714        81.093497250923875        81.093497250682915     
   1.0000000000009397        81.093497250759114        81.093497250682915     
   1.0000000000002973        81.093497250707017        81.093497250682915     
 comp:           1
   1.0000000128246236        75.070523543496009        75.070522580744807     
   1.0000000039769439        75.070522879296064        75.070522580744807     
   1.0000000012552117        75.070522674974214        75.070522580744807     
   1.0000000003968570        75.070522610537068        75.070522580744807     
   1.0000000001254947        75.070522590165766        75.070522580744807     
   1.0000000000396849        75.070522583723971        75.070522580744807     
   1.0000000000125495        75.070522581686902        75.070522580744807     
   1.0000000000039684        75.070522581042724        75.070522580744807     
   1.0000000000012548        75.070522580839011        75.070522580744807     
   1.0000000000003968        75.070522580774593        75.070522580744807     
 comp:           2
  0.99999818187193668       -2.2409185890421170       -2.2409226633264989     
  0.99999943619451703       -2.2409213998820143       -2.2409226633264989     
  0.99999982205046578       -2.2409222645553548       -2.2409226633264989     
  0.99999994373817991       -2.2409225372481112       -2.2409226633264989     
  0.99999998220879061       -2.2409226234577746       -2.2409226633264989     
  0.99999999437393627       -2.2409226507189253       -2.2409226633264989     
  0.99999999822088270       -2.2409226593396347       -2.2409226633264989     
  0.99999999943739226       -2.2409226620657385       -2.2409226633264989     
  0.99999999982208831       -2.2409226629278125       -2.2409226633264989     
  0.99999999994373945       -2.2409226632004233       -2.2409226633264989     
 comp:           3
   1.0000000000000000        30.535102299114641        30.535102299114641     
   1.0000000000000000        30.535102299114641        30.535102299114641     
   1.0000000000000000        30.535102299114641        30.535102299114641     
   1.0000000000000000        30.535102299114641        30.535102299114641     
   1.0000000000000000        30.535102299114641        30.535102299114641     
   1.0000000000000000        30.535102299114641        30.535102299114641     
   1.0000000000000000        30.535102299114641        30.535102299114641     
   1.0000000000000000        30.535102299114641        30.535102299114641     
   1.0000000000000000        30.535102299114641        30.535102299114641     
   1.0000000000000000        30.535102299114641        30.535102299114641     
 
 part:           5
 comp:           0
  0.99999997909232263        266.63376022018952        266.63376579488227     
  0.99999999351648339        266.63376406615782        266.63376579488227     
  0.99999999795365813        266.63376524925843        266.63376579488227     
  0.99999999935301365        266.63376562237386        266.63376579488227     
  0.99999999979540877        266.63376574033134        266.63376579488227     
  0.99999999993530264        266.63376577763177        266.63376579488227     
  0.99999999997954092        266.63376578942717        266.63376579488227     
  0.99999999999353051        266.63376579315729        266.63376579488227     
  0.99999999999795397        266.63376579433674        266.63376579488227     
  0.99999999999935296        266.63376579470975        266.63376579488227     
 comp:           1
  0.99999998790749367       -261.77420346334918       -261.77420662885544     
  0.99999999625008729       -261.77420564722502       -261.77420662885544     
  0.99999999881644419       -261.77420631903107       -261.77420662885544     
  0.99999999962579833       -261.77420653089911       -261.77420662885544     
  0.99999999988166932       -261.77420659787953       -261.77420662885544     
  0.99999999996258060       -261.77420661906001       -261.77420662885544     
  0.99999999998816702       -261.77420662575787       -261.77420662885544     
  0.99999999999625810       -261.77420662787591       -261.77420662885544     
  0.99999999999881672       -261.77420662854570       -261.77420662885544     
  0.99999999999962585       -261.77420662875750       -261.77420662885544     
 comp:           2
  0.99999972716647723       -49.100125227583710       -49.100138623747497     
  0.99999991539372812       -49.100134469567820       -49.100138623747497     
  0.99999997329638102       -49.100137312596104       -49.100138623747497     
  0.99999999155718955       -49.100138209204331       -49.100138623747497     
  0.99999999733019995       -49.100138492659944       -49.100138623747497     
  0.99999999915573667       -49.100138582294051       -49.100138623747497     
  0.99999999973302056       -49.100138610638773       -49.100138623747497     
  0.99999999991557420       -49.100138619602177       -49.100138623747497     
  0.99999999997330202       -49.100138622436624       -49.100138623747497     
  0.99999999999155731       -49.100138623332960       -49.100138623747497     
 comp:           3
   1.0000000000000000        12.530211208203973        12.530211208203973     
   1.0000000000000000        12.530211208203973        12.530211208203973     
   1.0000000000000000        12.530211208203973        12.530211208203973     
   1.0000000000000000        12.530211208203973        12.530211208203973     
   1.0000000000000000        12.530211208203973        12.530211208203973     
   1.0000000000000000        12.530211208203973        12.530211208203973     
   1.0000000000000000        12.530211208203973        12.530211208203973     
   1.0000000000000000        12.530211208203973        12.530211208203973     
   1.0000000000000000        12.530211208203973        12.530211208203973     
   1.0000000000000000        12.530211208203973        12.530211208203973     
 
 part:           6
 comp:           0
   1.0000000216594895        116.60122875785019        116.60122623232715     
   1.0000000067166548        116.60122701549734        116.60122623232715     
   1.0000000021199253        116.60122647951304        116.60122623232715     
   1.0000000006702512        116.60122631047925        116.60122623232715     
   1.0000000002119480        116.60122625704054        116.60122623232715     
   1.0000000000670237        116.60122624014220        116.60122623232715     
   1.0000000000211948        116.60122623479849        116.60122623232715     
   1.0000000000067026        116.60122623310868        116.60122623232715     
   1.0000000000021194        116.60122623257428        116.60122623232715     
   1.0000000000006701        116.60122623240530        116.60122623232715     
 comp:           1
   1.0000000135087062        102.47487687647329        102.47487549217030     
   1.0000000041890793        102.47487592144567        102.47487549217030     
   1.0000000013221666        102.47487562765915        102.47487549217030     
   1.0000000004180258        102.47487553500744        102.47487549217030     
   1.0000000001321887        102.47487550571633        102.47487549217030     
   1.0000000000418017        102.47487549645392        102.47487549217030     
   1.0000000000132190        102.47487549352491        102.47487549217030     
   1.0000000000041802        102.47487549259866        102.47487549217030     
   1.0000000000013218        102.47487549230576        102.47487549217030     
   1.0000000000004179        102.47487549221313        102.47487549217030     
 comp:           2
   1.0000002248627220        26.052599515608652        26.052593657351530     
   1.0000000697304210        26.052595474009852        26.052593657351530     
   1.0000000220084697        26.052594230729248        26.052593657351530     
   1.0000000069583579        26.052593838634802        26.052593657351530     
   1.0000000022003839        26.052593714677236        26.052593657351530     
   1.0000000006958212        26.052593675479475        26.052593657351530     
   1.0000000002200380        26.052593663084089        26.052593657351530     
   1.0000000000695826        26.052593659164334        26.052593657351530     
   1.0000000000220037        26.052593657924785        26.052593657351530     
   1.0000000000069582        26.052593657532810        26.052593657351530     
 comp:           3
   1.0000000000000000       -49.152906480405285       -49.152906480405285     
   1.0000000000000000       -49.152906480405285       -49.152906480405285     
   1.0000000000000000       -49.152906480405285       -49.152906480405285     
   1.0000000000000000       -49.152906480405285       -49.152906480405285     
   1.0000000000000000       -49.152906480405285       -49.152906480405285     
   1.0000000000000000       -49.152906480405285       -49.152906480405285     
   1.0000000000000000       -49.152906480405285       -49.152906480405285     
   1.0000000000000000       -49.152906480405285       -49.152906480405285     
   1.0000000000000000       -49.152906480405285       -49.152906480405285     
   1.0000000000000000       -49.152906480405285       -49.152906480405285     
 
 part:           7
 comp:           0
   1.0484750711837414        6.5436393942782788E-005   6.2411015522671686E-005
   1.0046463335674012        6.2700997919070274E-005   6.2411015522671686E-005
   1.0004627123512815        6.2439893870410053E-005   6.2411015522671686E-005
   1.0000462521117126        6.2413902163933741E-005   6.2411015522671686E-005
   1.0000046250200241        6.2411304174868205E-005   6.2411015522671686E-005
   1.0000004625000909        6.2411044387772032E-005   6.2411015522671686E-005
   1.0000000462499901        6.2411018409180534E-005   6.2411015522671686E-005
   1.0000000046249991        6.2411015811322570E-005   6.2411015522671686E-005
   1.0000000004624996        6.2411015551536752E-005   6.2411015522671686E-005
   1.0000000000462497        6.2411015525558171E-005   6.2411015522671686E-005
 comp:           1
  -6.5593426545659247E-006  -0.0000000000000000     
  -2.0340664864454626E-006  -0.0000000000000000     
  -6.4199656717531538E-007  -0.0000000000000000     
  -2.0297830827583701E-007  -0.0000000000000000     
  -6.4186149376373850E-008  -0.0000000000000000     
  -2.0297403808050505E-008  -0.0000000000000000     
  -6.4186014329144949E-009  -0.0000000000000000     
  -2.0297399582980299E-009  -0.0000000000000000     
  -6.4186012102835364E-010  -0.0000000000000000     
  -2.0297400335092552E-010  -0.0000000000000000     
 comp:           2
  -2.7758601941879832E-005  -0.0000000000000000     
  -8.6080031024532948E-006  -0.0000000000000000     
  -2.7168769943536701E-006  -0.0000000000000000     
  -8.5898760881824939E-007  -0.0000000000000000     
  -2.7163053747170158E-007  -0.0000000000000000     
  -8.5896953770065796E-008  -0.0000000000000000     
  -2.7162996596286792E-008  -0.0000000000000000     
  -8.5896935889914050E-009  -0.0000000000000000     
  -2.7162995654130773E-009  -0.0000000000000000     
  -8.5896939072791610E-010  -0.0000000000000000     
 comp:           3
  0.94362758529982704       -5.8892755873768705E-005  -6.2411015522671686E-005
  0.99459987247790194       -6.2073988080065616E-005  -6.2411015522671686E-005
  0.99946224986472276       -6.2377453990631576E-005  -6.2411015522671686E-005
  0.99994624750909245       -6.2407660775127269E-005  -6.2411015522671686E-005
  0.99999462497603331       -6.2410680061967467E-005  -6.2411015522671686E-005
  0.99999946249985405       -6.2410981976741736E-005  -6.2411015522671686E-005
  0.99999994625000799       -6.2411012168080097E-005  -6.2411015522671686E-005
  0.99999999462500122       -6.2411015187212554E-005  -6.2411015522671686E-005
  0.99999999946249984       -6.2411015489125752E-005  -6.2411015522671686E-005
  0.99999999994624966       -6.2411015519317069E-005  -6.2411015522671686E-005
 
 part: i_fks+j_fks
 comp:           0
   1.0000000100595001        276.25012760096922        276.25012482203107     
   1.0000000009645604        276.25012508849102        276.25012482203107     
   1.0000000000960607        276.25012484856785        276.25012482203107     
   1.0000000000096021        276.25012482468367        276.25012482203107     
   1.0000000000009599        276.25012482229624        276.25012482203107     
   1.0000000000000959        276.25012482205756        276.25012482203107     
   1.0000000000000093        276.25012482203363        276.25012482203107     
   1.0000000000000007        276.25012482203124        276.25012482203107     
   1.0000000000000000        276.25012482203107        276.25012482203107     
   1.0000000000000000        276.25012482203107        276.25012482203107     
 comp:           1
  -6.5593426545659247E-006   0.0000000000000000     
  -2.0340664864454626E-006   0.0000000000000000     
  -6.4199656717531538E-007   0.0000000000000000     
  -2.0297830827583701E-007   0.0000000000000000     
  -6.4186149376373850E-008   0.0000000000000000     
  -2.0297403808050505E-008   0.0000000000000000     
  -6.4186014329144949E-009   0.0000000000000000     
  -2.0297399582980299E-009   0.0000000000000000     
  -6.4186012102835364E-010   0.0000000000000000     
  -2.0297400335092552E-010   0.0000000000000000     
 comp:           2
  -2.7758601941879832E-005   0.0000000000000000     
  -8.6080031024532948E-006   0.0000000000000000     
  -2.7168769943536701E-006   0.0000000000000000     
  -8.5898760881824939E-007   0.0000000000000000     
  -2.7163053747170158E-007   0.0000000000000000     
  -8.5896953770065796E-008   0.0000000000000000     
  -2.7162996596286792E-008   0.0000000000000000     
  -8.5896935889914050E-009   0.0000000000000000     
  -2.7162995654130773E-009   0.0000000000000000     
  -8.5896939072791610E-010   0.0000000000000000     
 comp:           3
  0.99999998637213328       -276.25012105733117       -276.25012482203107     
  0.99999999869484257       -276.25012446148116       -276.25012482203107     
  0.99999999987003407       -276.25012478612797       -276.25012482203107     
  0.99999999998700884       -276.25012481844226       -276.25012482203107     
  0.99999999999870082       -276.25012482167216       -276.25012482203107     
  0.99999999999986999       -276.25012482199514       -276.25012482203107     
  0.99999999999998668       -276.25012482202737       -276.25012482203107     
  0.99999999999999833       -276.25012482203061       -276.25012482203107     
  0.99999999999999978       -276.25012482203101       -276.25012482203107     
   1.0000000000000000       -276.25012482203107       -276.25012482203107     
