   0.0000000000000000        0.0000000000000000        0.0000000000000000        0.0000000000000000        0.0000000000000000        0.0000000000000000        0.0000000000000000        0.0000000000000000        0.0000000000000000        0.0000000000000000        0.0000000000000000        0.0000000000000000        0.0000000000000000     
   1.5614791372469970E-004  0.20421048298860442        2.9189283208391360E-003   1.1964709960144967E-002   1.6862106689474687E-002   2.3204400347593558E-002   1.6886531559634085E-002   1.2321853871308746E-002  0.42314622279945791       0.19726177610260201        7.5197283082302085E-002   1.2158456084953119E-002   1.0055630471836090E-002
   1.1393114496526666       0.93089579500246400        1.5587885239460137        1.0907534956355296        1.2112121027997360        1.3392651646695606        1.1119768670195838        1.0498135403365345        1.0236898469271749       0.96052011733483023        1.0539939437460855        1.1028908114761697        1.0745423480937035     
   3.0197162402318886E-004  0.27637324565340970        5.5493161061991028E-003   2.4079945373758953E-002   3.3640914943480670E-002   4.6012184899838493E-002   3.2321990795470990E-002   2.4621972993482087E-002  0.51415825814312455       0.24480369137371696       0.12273847012006621        2.4424421867689707E-002   2.1478002929957551E-002
   1.5971413702046311        1.7355335086913950        1.6195619688377056        1.1259566196583799        1.0549346754945956        1.4088764222726231        1.1934859303523888        1.1731665129715239        1.2079602818198816        1.3501445029750696        1.0593538564245151        1.4059417350030416        1.1214182163549054     
   4.3205985976649768E-004  0.32988372409035083        7.8805935670543323E-003   3.6103045817215490E-002   4.9225772066431125E-002   6.6953521597256607E-002   4.7560857848704695E-002   3.8187074357204087E-002  0.55734313684920767       0.27064559294334145       0.15868716795081692        3.6550774952992346E-002   3.4646929736910172E-002
   1.4701736876400071        1.1898690588824088        1.5049931566738326        1.1197582450054253        1.2449520978589523        1.1350180899065319        1.0149674113415927        1.0085108623697665        1.1020725070877553        1.0803373016602813        1.1861976905727034        1.6631013498626523        1.3152459302249686     
   5.6461821473947004E-004  0.37962194100418772        1.0072988695636012E-002   4.8354601325156781E-002   6.5257281993503224E-002   8.7081585997952932E-002   6.3820965821579728E-002   5.2572737531418265E-002  0.58922563970454256       0.28675659743158116       0.19040458467164409        4.8046066868468455E-002   4.8384756493507264E-002
   1.4602481620532726        1.0190772387449420        1.1851262678583894        1.2556713910659771        1.1793260745059286        1.1104052745870110        1.1098099556061958        1.0942913321688319        1.2260775124079297        1.1617564322492808        1.1996184498541631        1.3857721090878399        1.0993066950415225     
   7.0355292653889962E-004  0.41962933602483499        1.2322302018782256E-002   6.1001531498783054E-002   8.0385944429250900E-002  0.10766433597788987        8.1471854034827457E-002   6.6080139942150729E-002  0.61819471360058309       0.29985480455308350       0.21316443541796234        5.8695632678365389E-002   6.0963518082926556E-002
   1.2466541206128385        1.1133424095351796        1.1931662996667642        1.2590388057219806        1.0050309582367716        1.1072909037697862        1.0484552413865778        1.1940573406511779        1.1630185099819021        1.0723556541972687        1.1732581445886547        1.3564946318460067       0.99002605698763868     
   8.5460090581049178E-004  0.45376449860842644        1.4828059275447565E-002   7.3556639866539139E-002   9.4821479616022775E-002  0.12846678071584108        9.7971432877975689E-002   7.9463362325227771E-002  0.64336470255085176       0.31357020290859955       0.23087160376733881        6.9498989565727975E-002   7.2994767703623481E-002
   1.2324087700407957        1.1338480517442397        1.1154832738941642        1.0983912581598074        1.0782472815360282        1.1880147900873079        1.4025545653586662        1.4172703774455937        1.2972417153962537        1.0248763171556554        1.0241026395786188        1.0941703198512842        1.1036543054517480     
   1.0269605792760938E-003  0.48451593954775907        1.7828967918330489E-002   8.6345114657554345E-002  0.10909128711636473       0.14836512833472934       0.11484752163361758        9.3715735821166393E-002  0.66256207676700418       0.32860959036651455       0.24649449318549096        7.9888000121618979E-002   8.5161361723144591E-002
   1.4827589238344010        1.1308311793862771        1.2204328029995415        1.2134823972773499        1.1114319104778390        1.1404414397416707        1.1917938451454337        1.0700808946478662        1.2446006429191852        1.1313905975257743        1.2123079155486973        1.0575648591889806        1.1694337743990928     
   1.2309989776339105E-003  0.51334409843239293        2.1066535870675210E-002   9.9271844862140857E-002  0.12279653605443340       0.16723754364258109       0.13152185914928508       0.10938034802171850       0.67707185758125910       0.34229916400066041       0.26051496668399515        9.0565516637153259E-002   9.8176310791487684E-002
   1.3864719058652093        1.1225481151337076        1.3333263993583724        1.3638056547955255        1.2473807994752943        1.3384351371328083        1.1285376453126017        1.3042285096054775        1.1932516938809730        1.3669870983011450        1.0480573475454140        1.3523705019294341        1.1134417497828053     
   1.4558406999906391E-003  0.53751654775514868        2.4776092800931983E-002  0.11199473675856275       0.13840527932991600       0.18559631420212949       0.14807103927580878       0.12638308948076010       0.69058541568172649       0.35456617272488444       0.27363693209834616       0.10243453392571331       0.11225500425479433     
   1.3777847252649142        1.0938621589305400        1.1409376648937819        1.3489332504356040        1.3104872428963947        1.2890416790911690        1.2908873222047552        1.4597403773453801        1.0282338823604693        1.0898071748793481        1.2323499126702440        1.2323788543531506        1.1536592694579004     
   1.7211128206639139E-003  0.55494321191810159        2.8978644913465527E-002  0.12401277792937572       0.15513990809957079       0.20316569912485791       0.16480553368920633       0.14196000031880768       0.70413429319615173       0.36472369228000773       0.28675033520792298       0.11471784293453033       0.12614527442632406     
   1.3499989770250747        1.0671851856350445        1.6164642794950241        1.1547923077033562        1.1937408858271374        1.2127052630590045        1.0844521738530859        1.2014034449315725       0.99347238504087942        1.0987101349709307        1.0695910830748436        1.0301633753120110       0.98591131546101785     
   2.0261121055537316E-003  0.56850562566134499        3.2900730816905387E-002  0.13527702428426905       0.17049685049817856       0.21939223674390157       0.18148329962488574       0.15973407278637092       0.71700961723101142       0.37513903161795698       0.30034545379283661       0.12720746356608026       0.14076524893643311     
   1.3375503524953074       0.87357733754514666        1.3082551740711941        1.2612033136840757        1.2875412091217084        1.0574945771240198        1.3456262244409631        1.0568700033853393        1.1326289276787127        1.1812690888437543        1.2235743200382065        1.4072338227537360        1.1160217321527079     
   2.3684653454752896E-003  0.58198246498137751        3.7497248367829805E-002  0.14647449447096478       0.18526763451911157       0.23491185577076759       0.19800725326410584       0.17722975527227353       0.72863026659240648       0.38588426695754113       0.31367253452882304       0.14153024394305339       0.15662825423837626     
   1.1545788660496814        1.0728542070699942        1.2621475331413068        1.2472219627816332        1.1189022537294573        1.0624282561732246        1.1245961974074985        1.1613348149286640        1.2389950110690859        1.1144162438042031        1.1471950653480674        1.3412137248904894        1.1837911457706358     
   2.7628895311221178E-003  0.59709178435650756        4.2781050626419702E-002  0.15805609634696915       0.19975995083510883       0.25014215230888737       0.21581373016415997       0.19315132782484412       0.73975182959107966       0.39631648657417584       0.32628673640146355       0.15724428361351878       0.17168118196644488     
   1.3002812937436432        1.0548090516312609        1.1640465661845714        1.0577402529900781        1.0718544735515589        1.1612411685060071        1.3097795270001029        1.1398153606950265        1.2700242220487985        1.0093028907518273        1.1692277196482967        1.5587306810804975        1.1397548676966183     
   3.2324217430359002E-003  0.61287882138547245        4.8159894259928532E-002  0.17060957429467477       0.21520052924915234       0.26628762313026849       0.23347244604112097       0.20889728100486210       0.75039992855150228       0.40606532815385432       0.33936333902302157       0.17301178553534480       0.18570633586486712     
   1.1540941350514482        1.2310086143193559        1.2622971584940514        1.0439023283359634        1.0989218551017590        1.1658261555009861        1.0499933572137672        1.2361455907025309        1.5342205007562766        1.1602373090824640        1.1499397687548969        1.3190458861397392        1.2573441304854092     
   3.7723966323587707E-003  0.62840456781095466        5.3885463837097580E-002  0.18392886197202912       0.23138774121239253       0.28333557990198843       0.25219305703098016       0.22484378914219735       0.76052003477195962       0.41552615621089506       0.35242920634641461       0.18737408300422193       0.20103725008199994     
  0.93205855927812742        1.2718618001008863        1.1677075880084140        1.2331277312398845        1.2457770054564432        1.3027964620242913        1.0818991068001953        1.1761334041089335        1.6016506705150557        1.1138017816004724        1.2975838797987080        1.4980557916173944        1.3721216332957884     
   4.3719254939003759E-003  0.64266682970610678        6.0340906945636798E-002  0.19770235973448860       0.24734609620572723       0.29987597225926188       0.26915735678268515       0.24062064832694008       0.76941028855694105       0.42472158023367640       0.36450054634944029       0.20128885889777387       0.21587578160510262     
   1.5873485557598948        1.2014648936927699        1.1158534167672469       0.96675358857765203        1.2322011029427411        1.1102184163296291        1.2253812738708898        1.4030320009927912        1.3060507465574553        1.1763607748468226        1.2685283272248378        1.0310861845489987        1.0746706930296361     
   5.0515160333741566E-003  0.65654426201638016        6.7496827487636302E-002  0.21145027859641663       0.26214521397785423       0.31446055859991656       0.28346691685944714       0.25556574580972963       0.77682466155238994       0.43360790317951237       0.37623266924380033       0.21507719746514384       0.22975026715994049     
   1.1070166980731462        1.0455006750225380        1.1200687319289604        1.3673345192894777        1.0944148554756146        1.1051407855895117        1.0354970974770692        1.3020208521885466        1.0622124395768566        1.1345094909224831        1.1963596634856912        1.1956048753836905        1.2667004716698749     
   5.8033736599010345E-003  0.67039434057771374        7.5112933969583323E-002  0.22514362649631692       0.27679434552676768       0.32838769197220818       0.29715225097199355       0.26924091764734648       0.78351361379864748       0.44210970837181079       0.38837365006364710       0.23097708094697039       0.24332573933645935     
   1.5743753390532278        1.3451079131300627        1.1385146872939009        1.2434595197140796        1.1326316356081993        1.2706452920699722       0.99616927037573588        1.0342847908397654        1.2298594071655218        1.1437556255900554        1.0914912527971929        1.2090188084099074        1.1797051402384857     
   6.6329883258806508E-003  0.68424439826349737        8.3050883236286469E-002  0.23917091184274059       0.29193053481835401       0.34207350650983581       0.31177935187648187       0.28393999621280430       0.79053604749930828       0.45021309082734745       0.40049729635501530       0.24640611996435097       0.25893851126223311     
   1.2614970091572453        1.3802606899599632        1.2594111001606123        1.3303054304474133        1.2767260364997306        1.1213484898009829        1.1227277073143924        1.1948883612779557        1.1640277654865485        1.0620759025693991        1.1303694614010082        1.1146400258751394        1.0637305748144779     
   7.5544651186827110E-003  0.69753454493119227        9.1125529744501638E-002  0.25395457923132320       0.30777279782805950       0.35686602641606535       0.32913814678185810       0.29765779368902673       0.79734636283709270       0.45848802232572322       0.41256242477638688       0.26313485264039516       0.27645995808929952     
   1.1284033501069164        1.2167151723307450        1.1564500823265831        1.2101945098595308        1.2961363274464410        1.0163715359272174        1.2198286408140664        1.1596442131503366        1.0977527169203116        1.3416056019071327        1.1319076836664508        1.0948348943940287        1.3303083831007192     
   8.5747107445585599E-003  0.71043788688580645        9.9204206407194337E-002  0.26941108687907256       0.32350620003042752       0.37234895031862014       0.34599870838856389       0.31315880050055106       0.80420499729141892       0.46683246462440520       0.42434912024044980       0.28065915863137508       0.29288400682341226     
   1.2863409015704068        1.0360580158728345        1.1385545336032306        1.1241281333880113        1.1223933497745149        1.1720891499581492        1.3749262921667462        1.2019190828684549        1.0312967794263368        1.2862568268434824       0.98987675983238166        1.3078837182850167        1.0681432304307832     
   9.7845523753673398E-003  0.72365270550554728       0.10696669848657588       0.28483595944866319       0.33871633927707423       0.38776795537265069       0.36236981824223580       0.32867189967790916       0.81105348244128361       0.47535932241012191       0.43647484213050269       0.29871963343903818       0.30715472487764656     
   1.0607338916175943        1.1785021070708692        1.3103252779939172        1.2326511214990705        1.0893915368969234        1.1606364693471176        1.5775285088520465        1.3684565181652888        1.1147548615946556        1.3951372771166584        1.0781779499802957        1.3495427595662193        1.1014351505544422     
   1.1113694561735724E-002  0.73551784792387043       0.11483352388892561       0.29963994969384666       0.35332652143240079       0.40334901697633457       0.37842215635258603       0.34414454538666139       0.81814125769890134       0.48355033443344575       0.44922469382657498       0.31594814154350409       0.32122170412219825     
   1.2157819505362431        1.1343633993742348       0.98588965726035127        1.0895142079541924        1.0689132622577513        1.0293061782220638        1.1904451659397515        1.1011357036587330        1.2647314111143930        1.0291966712838549        1.4276101432763462        1.2178659677365511        1.2606229671987796     
   1.2529317423010448E-002  0.74692157047882712       0.12353050690967707       0.31351588068107311       0.36799401844429075       0.41958477813143802       0.39334040621545568       0.35811212142901877       0.82524923946949447       0.49078294036669662       0.46222152000512495       0.33292555590823852       0.33491661251559768     
   1.0442458997434467        1.2746953949767201        1.1948095695504855        1.2928335532119364        1.4168669540211087        1.0513203680727845        1.0925674739676916        1.0481602905190202        1.1653261296389923       0.96565579515493616        1.2590291248806538        1.1572044657527731        1.2248131495974988     
   1.4013653097948822E-002  0.75879250024873335       0.13229819862712089       0.32651289258217886       0.38366494800367418       0.43592093875729487       0.40795266077436221       0.37194044272081173       0.83183522177442704       0.49775621275693083       0.47541101679576903       0.35059667067754480       0.34917162934234564     
   1.0138675297499056       0.96331091100050381        1.1321852086119750        1.2472804473037402        1.0935336019433395        1.0834691840204618        1.1479648423080426       0.97747384939787862        1.1518799781331344        1.1172883051090843        1.1630336653825457        1.3568172579297033        1.0461806622387049     
   1.5741542092627590E-002  0.77084222679832515       0.14053308803725217       0.34053211892867685       0.40038368797827095       0.45261275568888409       0.42100917213203087       0.38645639362232925       0.83787067788361802       0.50501797881641763       0.48880530086812546       0.36797492464887832       0.36386027522680620     
   1.2782983588856156        1.2599059069843523        1.0460363372224504        1.1442660577502548        1.1895763387807055        1.1334148826355428        1.2458410469557948        1.2031257863335223        1.0542135605298446        1.1338694463271040        1.1438180577077037        1.1897900979756701        1.2145311720451353     
   1.7579409073596314E-002  0.78208201165635860       0.14934063478465590       0.35530756042570999       0.41732611141013631       0.46868471867793127       0.43311792498655050       0.40162976839121906       0.84383585332439925       0.51168176518568809       0.50252480513810327       0.38387505662367000       0.37733950324292975     
   1.2315920008987724        1.2681489411011215        1.1893241575775242        1.2052762587003198        1.2040244990508953        1.0722858910190285       0.97930508488911505        1.1740204586109779        1.1742484022681530        1.3049041566297002       0.99398726915250124        1.0997708910234880        1.0155234527230037     
   1.9673507967954543E-002  0.79199939285094845       0.15782260161178743       0.37081421632043454       0.43349647718202544       0.48456136677035938       0.44685888555509407       0.41697869561669565       0.84973609467645839       0.51963699993869050       0.51676873454245231       0.39893608899027821       0.38996079283959767     
   1.1164176398514885        1.1480069568540072       0.99720105684212546        1.1727709730508831        1.4244367768413868        1.2977691016950499        1.1308714461130205        1.1022588861349678        1.0950056685568075        1.3823831198254446        1.0048696691495917        1.0666492504796679        1.2404832197060014     
   2.1984566528637974E-002  0.80097351820194951       0.16620189613406322       0.38501499246964316       0.44914341049764023       0.50147241200052317       0.46205966187695852       0.43281782452181283       0.85561853941924115       0.52696806867805168       0.53208831717996963       0.41246342566962396       0.40405626573409148     
   1.0418009304148419        1.2962784200497366        1.0493858849298738        1.0897510654648221        1.2060881946534348        1.0490678350177300        1.1683048866684385        1.5168227093153610        1.2118989344014246        1.3070201978474603        1.2722082096775724        1.0946238705993407        1.1048042804071705     
   2.4195555590397586E-002  0.80996118066712086       0.17483278164374288       0.39931956699609339       0.46430021274959493       0.51843813239652514       0.47501718209574406       0.44966328987874993       0.86149795867918633       0.53381934326630875       0.54856936548714741       0.42494182583400497       0.41981169619170849     
   1.1134954451333534        1.2131727919964770        1.3066515167031727        1.0471276755335177        1.1107199398231127        1.1727373663457827        1.0834579795460728        1.2054427680640498        1.1481621087744902        1.2232650022707268        1.1502865989661466       0.90400509429412146        1.1907456218469621     
   2.6811124083279510E-002  0.81858609671109883       0.18536586327782134       0.41338107046145584       0.47851826216786980       0.53434410758702311       0.48841563184292736       0.46749490430295948       0.86736548465983598       0.54070425473566852       0.56464279877026535       0.43908451897065559       0.43544135718272353     
   1.1837671249143602        1.1682259366385510        1.0957468573354887        1.2744726582789103       0.98822656072753601        1.3015598298333941        1.1647049932842928        1.1865866532275728        1.4212113617365447        1.2471329992133060       0.97838324965876122        1.1804603901097925        1.1394386159666277     
   2.9900111453693083E-002  0.82668900904861220       0.19740186522015038       0.42750217567267362       0.49262177537688501       0.54969863312652134       0.50363878449710264       0.48508750937433487       0.87306272501638915       0.54693862474234145       0.58085488079480441       0.45409946018203717       0.45100175678467236     
   1.0879586923550062        1.2440349380001312        1.1207808999269973        1.3116619331082728        1.2795692052916947        1.0032089743272452        1.2124699934169576        1.2520731093077146        1.0933959538437792        1.0262300802877817        1.3414366191620706        1.3518371084410112        1.0613535906840679     
   3.3715193406690651E-002  0.83463069044089278       0.21034182975663362       0.44234520134301625       0.50611464129484918       0.56464347567246809       0.52008778195371941       0.50227802521044618       0.87851206043367025       0.55336453155880050       0.59548605667674925       0.46972233835246513       0.46751231995488296     
   1.1725952014961281        1.2155247090506700        1.3866749755474321        1.1383132161854510       0.99434741710745056        1.1513662097646524        1.0401980785237221        1.1539885696191392        1.6727248075600984        1.1971249918472529       0.97671899234983117        1.2040524082942248        1.1593477991544578     
   3.8166112079665471E-002  0.84209828985756707       0.22434530138012612       0.45635785581793187       0.52045806282346663       0.58027212529910643       0.53373940874510961       0.51978525349679416       0.88345847643587105       0.55963779542253922       0.61021643565163564       0.48456970390718551       0.48453397583262930     
   1.0974639136611921        1.1007222009346032        1.1474667804887708        1.1332704952167361        1.2421826158465115        1.3165726873308177        1.0613803365031202        1.0696573607522915       0.98000487940677661        1.0098664689957926        1.4213960113174140        1.1544135194455030       0.97402940791901016     
   4.3063667986001218E-002  0.84936034129951199       0.24000405542060338       0.47186353314359886       0.53452818375249977       0.59656722225676306       0.54665490469603106       0.53682654226009885       0.88761317149065977       0.56600118563462887       0.62604004942725466       0.49973562737815114       0.50232356061426864     
   1.3010281226815870        1.2433401995726112        1.1479805724310896        1.1212592705471047        1.0392604015324505       0.98826758726767994        1.1146294066163542        1.2189724450118637        1.1913012153710334        1.0105708207465685        1.0333818100467453        1.1770705073908738        1.4003369009759865     
   4.8143989798511505E-002  0.85668541306423718       0.25601620390888091       0.48926785582423776       0.54846560921722454       0.61186164104296992       0.56076578848319336       0.55292485260793411       0.89175036026254906       0.57283728786377830       0.64345896583292317       0.51454486894677498       0.52018496225623556     
   1.0871510891361289        1.1755675986782810        1.1274502369542627        1.2508406925780251       0.91546333457396745        1.0940622571290057        1.1135243613676087        1.0024974128136825        1.1542426956834018        1.1930334189156715        1.2178947519180223        1.1531241598549251        1.2114657340924377     
   5.3416904550679878E-002  0.86370270375094560       0.27231915836751014       0.50756783421823626       0.56200646207428440       0.62522881132043284       0.57575185152148978       0.56944746624357812       0.89591031268207166       0.58026225665912978       0.66184610315435488       0.52837270648758117       0.53537666682500984     
   1.0484222901544127        1.2358836098165964        1.1667287160676556        1.0049805437033976        1.0470054626497711        1.2931380982559686        1.3524719000289669        1.2413130095004252        1.0036014820911152        1.4863612529068004        1.2264365263131154        1.1083971397260239        1.0593351334989598     
   5.8967294590312302E-002  0.87041829803491400       0.28999341104612453       0.52581994027004730       0.57603823419954614       0.63726192743525556       0.59105097148137553       0.58521978273036235       0.89991345666001588       0.58738221276619706       0.67922651783625043       0.54165663539316888       0.54991516357983217     
   1.1403213875701408        1.1720224993374098        1.0660554401061002        1.1014351505544422        1.3675167164077542        1.0498293810544059        1.3567700752356653        1.2697442257239624        1.1969746316897483        1.1845531224721459        1.0506898386180024        1.1709731227637228        1.2447063559217211     
   6.5504412364776290E-002  0.87727730095698309       0.30997128379473138       0.54336866489497937       0.59046139601690029       0.64871713744321424       0.60622735430013941       0.60045931739687408       0.90424624897675332       0.59443516539118324       0.69553209336048238       0.55569577685504290       0.56572594038691293     
   1.4339479261826673        1.1136158310668345        1.3507731340223526        1.1827264683212841        1.3069860310750705        1.0960366324237936        1.2253812738708898        1.1388030650160463        1.1047375385708709        1.1679625897385013        1.0935632473531338        1.2192374141220628        1.0698480883199883     
   7.2737404330711380E-002  0.88411523060803399       0.32902720119020074       0.56179570604130802       0.60529909780263103       0.65999211714369288       0.62369288435775483       0.61563953215271339       0.90886491556790383       0.60189489344696567       0.71296125033726154       0.57066837305405271       0.58132125269708068     
   1.0364768576607857        1.0464031204953523        1.2798230439042499        1.1923762172415759        1.0717350985316529        1.2264197616293264        1.2578300596789367        1.2312260921549663        1.0392277638870673        1.3645913967616186        1.1967167022180643       0.91087007869422787        1.0400305024162806     
   8.0501860791538260E-002  0.89069710077103847       0.34708208931805712       0.58021925454002399       0.62026799428422019       0.67170159603428026       0.64294099714634501       0.63038862989756106       0.91356296033112394       0.60947921859296139       0.73193259231599739       0.58644758093643201       0.59834351420700971     
   1.3508940601511337        1.3720428121826256        1.3140278066125983        1.0819060616180587        1.3303034287105360        1.1888157802996684        1.1655262703954057        1.1274511143271075        1.0285480870533079        1.0950422811023302        1.1880109249829980       0.99187319652791883        1.0567409137376245     
   8.8527070802761829E-002  0.89714412541811217       0.36565500578673904       0.59792492442414613       0.63496546117630370       0.68390580851889127       0.65990319076213955       0.64476095030619029       0.91811369338184690       0.61760277953190368       0.75041824897882425       0.60244779496734302       0.61639373599823954     
   1.1236263893645118        1.0367148084620579        1.0852084470524370        1.0107484665147852        1.3006230653785966        1.0306545041908575        1.3850426435379009        1.1346213330230794        1.2089091195006194        1.5444542632652434        1.3353244878082389        1.4481615415555327        1.2657489070230217     
   9.7068061232297470E-002  0.90336191722687764       0.38587219772510511       0.61404317405949860       0.64961164436315144       0.69641984805358093       0.67468897668755579       0.66084630480331885       0.92226172535446216       0.62484226395036835       0.76848457669012116       0.61633237143874475       0.63423389696148724     
  0.99864131079370655        1.3023470976455760        1.3135661501976010        1.0385689008127317        1.1437011981471410        1.1525041154482258        1.2937274989234038        1.1789852067151341        1.0704504943667450        1.2788719429444175        1.1399359042498636        1.0651656652339045        1.1888589197196036     
  0.10741062945192187       0.90898908860892536       0.40581925041586336       0.63212264509795957       0.66469982890137691       0.70880722464765822       0.68936445899742937       0.67513576344661141       0.92594468081750692       0.63174753073746648       0.78654817696190937       0.62872922773615691       0.65198895897160603     
   1.1252036912251577        1.0617162350418066        1.2156066499168825        1.0290214355025598        1.3562597458606984        1.2356413748575983        1.1946594449185375        1.1341620195591828        1.1989051308401826        1.0558821231802300        1.0791802117017724        1.0893984469494806        1.2544947578453500     
  0.11951915135911434       0.91405730395336238       0.42216547331104254       0.65108519220550620       0.68122273580795190       0.72133436310049093       0.70447540626287952       0.68957489150232387       0.92973340505825419       0.63876995374493217       0.80348167970225770       0.64131506817703932       0.67028921722127377     
   1.2253812738708898        1.2084127310374881       0.99050391016997952        1.1300099210982488        1.2120994967684529        1.1404445059923196       0.99927748030922703        1.2380116739366636        1.1918945967734360        1.0018407481195617        1.0436773669090238        1.1510441574819614        1.2926942521294629     
  0.13224498490652292       0.91916982469733488       0.44177576082123210       0.67166378906404267       0.69763942286864955       0.73453334172700546       0.72113689108470069       0.70398551544952526       0.93366555473389157       0.64567147010128012       0.81889940721467780       0.65422150022660530       0.68917809348727455     
   1.1612939787013508        1.1427620157338176        1.1222971538876978        1.1506166293043458        1.1274447092216717        1.0947300415577426        1.2204051194802379        1.2640743209277319       0.97022690222048302        1.2314275201569449        1.4058607452503089        1.2126059864619576        1.3608166761022518     
  0.14520691105082961       0.92413259697954653       0.46576987339267945       0.69221629356506187       0.71694407441320052       0.74746136042851719       0.73911747967610386       0.71967670536403794       0.93707965613973754       0.65248983753777179       0.83405382017951268       0.66834909233466389       0.70735687095458977     
   1.2562790730316660        1.2012234417520797        1.3265172789713175        1.2035643140941852        1.1861129464081455        1.3018601974416890        1.2417304018072994        1.0072829122605074        1.1847773391295442        1.1989112418315770        1.1330796633110780        1.2742824191112301        1.0304464739568160     
  0.15940066377820528       0.92902519473199874       0.49337484595958742       0.71176851753586068       0.73182803259078277       0.76024321240606019       0.75735411577462985       0.73516885204654059       0.94035438992976939       0.65937221194090501       0.84865842940654801       0.68207114061226448       0.72491490136632419     
   1.1471016767764171        1.1248408742968841        1.0006190342565042        1.3772807955278830        1.1147871795372397        1.2385099294217237        1.2455571750330561        1.2367140215449905        1.2151907362516625        1.0576110889930852        1.1930916333560375        1.0070164474364933        1.2676807417300402     
  0.17727996420390094       0.93415619190870880       0.51944801241046534       0.72989149821502741       0.74796118853767180       0.77340573913852106       0.77442330124728254       0.75148214129497826       0.94371625548596716       0.66650951907668554       0.86262517326984200       0.69645666114406157       0.74258974807016587     
   1.1383372874802102        1.3274982096728667        1.1622042236717665        1.1904508804274947        1.0689222466316675        1.2346319457582393       0.97956119392725560        1.0975819147266159        1.0075302739793814        1.1075432159267233        1.3897490287119045        1.0463750750492926        1.4390883668770607     
  0.19859714857885474       0.93932383627214810       0.54418593636240109       0.74659556067920585       0.76334992039886429       0.78675476489906127       0.79093156201314530       0.76734474292229071       0.94723355566567469       0.67376886149255277       0.87567064292634933       0.71340602093784666       0.76064142570479454     
   1.0730929942900698        1.2271706569209362        1.0410957663933895        1.2418808553551033        1.1925838212047464        1.4737318547241705        1.2975514648661932        1.1137733967312571        1.0866834975724602        1.0933273281912401        1.1372573446158123        1.2919638765218462        1.4172037554544801     
  0.22515432558404583       0.94433971032314235       0.56969322133022704       0.76324191476988579       0.77881973740497978       0.80118529977301445       0.80706699863185960       0.78404816276665334       0.95073082507053530       0.68122559794499171       0.88781718236049656       0.73219336626615106       0.77985044431037087     
   1.0926054618885757        1.0996347037526373        1.3254208870556310        1.1508387557433450        1.1641258887705430        1.1478417562250527        1.3059051866298321        1.2773683939360736        1.1730962977428638        1.1684266797332865        1.2234276328980114       0.96615108622766532        1.2025096805999438     
  0.26430432121569403       0.94917643200325430       0.59676194386912618       0.77913268777511335       0.79944446543866432       0.81481516188352765       0.82347513631004321       0.80082550367838112       0.95407461688999973       0.68889349171465497       0.89940859896189784       0.75394565273071390       0.79787367692717814     
   1.1951600488002185        1.1848458140102500        1.2307565247136474        1.1413321594930022        1.4946104001098059        1.1525182637576874        1.2054352189546655        1.6500749609345708        1.4550573327808676        1.1942335255947365        1.3442951007492649        1.1365820315045527        1.3204347753230656     
  0.32025641388796272       0.95359931103647322       0.62502557743964704       0.79832023432473398       0.81602620448769347       0.82824131577606186       0.83983928147750408       0.81776564159959786       0.95723847028868081       0.69657991001648878       0.91051365235690829       0.77556650284838458       0.81535945084367301     
   1.0782639776354772        1.1759617458627007        1.0327328203134418        1.2607724190663820        1.2636580342884387        1.3352679111162309        1.2899821776524005        1.3362210062491080        1.1753109591744626        1.2670607370356346        1.1083150588965656        1.1129003808892066        1.3334619428022827     
  0.38878012155543162       0.95802659001448975       0.65253262067156725       0.81907000910539374       0.83387703408812064       0.84213655078078142       0.85606374766191662       0.83487106105274755       0.96020241051685529       0.70456489391189714       0.92117781477805971       0.79510886637547740       0.83223284969961187     
   1.2596836027019200        1.2971040767569046        1.1086182587999220        1.1477506057703097        1.5573160803021129        1.4612311712948505        1.2619112534842223        1.1961584165908465        1.1267008817529243        1.1559159209804555        1.2654575253819864        1.1724408746305868        1.1571172509609515     
  0.45564306309959790       0.96235496199304738       0.68122587764739662       0.83878182817338731       0.85134444852079383       0.85621833864546060       0.87204624875804304       0.85168642310141762       0.96304158467076240       0.71285163814101116       0.93120391161772920       0.81299098660442981       0.84900239354001927     
   1.1974154261885499        1.2451933312151828        1.0835078078627964        1.1185577892758536        1.1722865071671833        1.5081021786840578        1.3600681646359651        1.0692143000546426        1.3093069181444412        1.3240805666498336        1.3321806278400647        1.0426203821103275        1.1147871795372397     
  0.51855692467391901       0.96641516691819673       0.71038744691585554       0.85804054855650813       0.86801791348017265       0.87102967619608729       0.88837771499024953       0.86872971249059638       0.96593009884797365       0.72162249024731639       0.94066483428442049       0.83022136645084577       0.86600638890450798     
   1.0806017462258133        1.1762539357870070       0.95545537426136995        1.0209081606722779        1.1096412400202300        1.3606319448633788        1.4996810942209753       0.97587326366431582        1.4529665001514711        1.5204846703942434        1.2203667161107856       0.97905290900446906        1.2891882632260439     
  0.57836120085650689       0.97027315254148827       0.73961591849153230       0.87668250793652747       0.88408234478977843       0.88610431109622134       0.90195608711412456       0.88578848581269465       0.96899249576368596       0.73138678204835572       0.94937006819046177       0.84976789411750209       0.88254129698326000     
   1.0102198948811250       0.87132366634216607        1.0048510295845448        1.2235891948020328        1.1554616188117730        1.0587286524688515        1.1184204690243331        1.2979685036884974        1.0472503113207634        1.3656135249767667        1.3210132249426425        1.1794125064924805        1.2389659302451961     
  0.63596189822157378       0.97426558713007727       0.76943545320995843       0.89445179143246900       0.90147422325551052       0.90209493191520129       0.91445729251095897       0.90259944740854359       0.97230184472648196       0.74215077339358637       0.95753467935561731       0.87101668571600377       0.89856289022744051     
  0.99864703093142271        1.0277332866333875        1.3520257853322211        1.5276840144048784        1.0887244589976415        1.4069656628178580        1.2111344662735173        1.3631287168264652        1.2478640896202957        1.3116706669896159        1.1974714692352897        1.0937844198750579        1.3356482326298318     
  0.68976281672720829       0.97831603220119490       0.80544742619756560       0.91223919718486501       0.91782929206377006       0.91806379462128462       0.92716212118211405       0.91887001300529059       0.97584218733481132       0.75379594583483855       0.96469663903495217       0.89274650846410653       0.91396391299750412     
   1.1070602718341085        1.2176189553328072        1.0534326338593951        1.1052702759281920        1.0973015449924779        1.2161276683240176        1.0538251139351777        1.0894287545590924        1.1601133691026420        1.3521033279803278        1.3523510660934988        1.2352387501842963        1.0362769342460287     
  0.74321877378660817       0.98212836133783354       0.84480281432711868       0.93016327450435232       0.93329535693277033       0.93370686331541708       0.94070083667583415       0.93451073204914425       0.97950725120658855       0.76766493771386024       0.97147239632970150       0.91513298070574955       0.92891047146440953     
   1.2255245427128243        1.1534634094827072       0.93739954623633548        1.5419234544828104        1.0729611668995402        1.2029787712097200        1.1627357966458951        1.2875726324848320        1.2587659834546190        1.1625551099759766        1.3455647741224328        1.1410747248693027        1.1690745362751502     
  0.79771409699404172       0.98589329085641386       0.88349509805681703       0.94909461404782158       0.94895518470719176       0.94934022719696765       0.95611548732849294       0.95016309443330249       0.98337600442271800       0.78582432613771203       0.97814147728158074       0.93781294186195718       0.94527421485101981     
   1.0164857415569233        1.3655506713057721        1.0379185385786704        1.5249059787900634        1.2328180671402313       0.99435312417313249        1.0506531052683314        1.0913928045418331        1.2443594818434411        1.0074676766574946        1.2880585381062368        1.1730052273585694        1.1162179597831390     
  0.84903657645245356       0.98979535604092816       0.92123642219901314       0.96734081447432130       0.96485166641773157       0.96606935973979502       0.96972804796841283       0.96639241381031715       0.98772695428227431       0.81196277514676263       0.98487985796464805       0.96035578406289412       0.96358987732191603     
  0.91197359917001364        1.5849573468151965        1.3369278804418694        1.0552546252194097        1.2609724622393417        1.1480883627744682        1.0472589778004744        1.2388483520683764        1.2292451833512459        1.4250108678839628        1.3322121475011552        1.1278154505603468        1.2744603821258531     
  0.90571342350241724       0.99460401542044796       0.96060147666541407       0.98347052548957614       0.98271083159507999       0.98290243965071444       0.98384213021810007       0.98295387958917790       0.99369717834486371       0.86167619651717053       0.99241547258445839       0.98054969761107114       0.98243993127473650     
  0.96258182218404675        1.5903890408542272        1.1322164838227080        1.1478522587729778        1.1975930038706988        1.1760583253049912        1.2292122936972310       0.94525368603350646        1.3112187340099555        1.3293096612504112        1.3112638971709354        1.1756357771315793        1.3652685958975059     
   1.0000000000000000        1.0000000000000000        1.0000000000000000        1.0000000000000000        1.0000000000000000        1.0000000000000000        1.0000000000000000        1.0000000000000000        1.0000000000000000        1.0000000000000000        1.0000000000000000        1.0000000000000000        1.0000000000000000     
   1.0489091393937198        1.2818445490516568        1.1359267866059686        1.0390842144390666        1.2397969872623569        1.1626850108224263        1.0436408434590561        1.0261221491748909        1.1765555978007820       0.90631303951709208        1.0283506223985366        1.0637754557651617        1.3187711270335543     
   6.5360095789865582        0.0000000000000000        12.477027688458241        7.2245863587177945        4.7358163395161750        4.6787174055809402        4.7357595800620098        8.5344592022790753        0.0000000000000000        9.4282144589733878        7.9777463891817915        3.0665262721699369        6.8975311221117774     
   8.2458471448207096        7.0695777609597412        5.3468312215105795        6.8306162920696627        4.3835114806450628        3.9240423998354186        7.9043914428871522        8.4812502402080678        7.7518745508926745        4.8900844564690642        6.0332121533404584       0.92399367968819157        7.4125307011997927     
   7.5336555380935355        3.4714299382858953        8.0826432578469802        8.8172437695639267        5.4979796348364642        7.2591649563093101        6.3363416686139589        8.4207246597486343        4.1166158147132705        8.6725337599975845        8.6607203548429101        6.0094417753213021        4.8889743145590172     
   6.5178291106876918        9.5145909761188108        8.0985541696437000        7.6014740761562534        9.0297661678252030        6.4161422370311456        7.3418094407496790        4.7368457490913505        5.2190411386010744        9.1436956903791540        9.6491517514550722        6.1210030644983560        5.3386961163044218     
   8.9051395655391659        2.5738839914863609        4.8006167515156353        6.0424028967514634        2.2197978420411868        4.2109942925304651        8.1824404984176162        7.1540204544664778        7.9095650968906179        6.6804672439169810        2.6923650126670391        6.8723223245343350        6.3857880588096956     
   7.5823031872396180        7.4463996185898056        2.3606621972227426        1.8249811354348295        5.1126440943158160        4.8230144031891857        4.6659889851553942        2.9548649954758845        8.7497672572469636        3.7106823363682269        8.5571570670446260        6.4843113212746788        7.5782881465586245     
   5.0242383503618520        6.4882419572204579        3.6856404938095508        6.2849556459654448        7.9519226541081851        8.2233458156627748        6.8425154034435138        7.3294145078245405        4.5793237624429581        6.3649121298965117        5.3553609973725100        4.0126642756984392        7.0351851952095092     
   4.6232400874792434        6.3734728788738622       -7.7440425256928149        6.2081752049839745        8.4568820849261925        6.2959090764486190        3.0668228185516071        5.2825789213782848        8.8149211679266202        1.9531995447173665        5.4865314415407571        8.9536347849810891        3.9811508992528819     
   8.6044242202756402E-002
           1           1           1           1           1           1           1           1           1           1           1           1           1
  0.11045916799990921        3.8745420241340797E-002   3.7769767226916402E-005   6.3844296168535095        1.7000988573093350E-003   2.0011152019202956E-006
   2.7068656460472033E-003   2.2972948941105804E-003   3.3554167323927630E-004  0.49556735345697267        3.3549487402529613E-004   3.0414066616120742E-007
   5.0000000000000001E-003   5.6168262314349580     
