   0.0000000000000000        0.0000000000000000        0.0000000000000000        0.0000000000000000        0.0000000000000000        0.0000000000000000        0.0000000000000000        0.0000000000000000        0.0000000000000000        0.0000000000000000        0.0000000000000000        0.0000000000000000        0.0000000000000000     
   8.3278683735560680E-004  0.14675989029532885        1.1440888296377022E-002   1.3394259416713301E-002   2.2797363281106153E-002   1.3965271794868565E-002   1.7064805585974261E-002   1.4708880215609786E-002  0.41236238378421530       0.16096617092623666        6.0138561583914035E-002   2.0258524321338598E-002   1.2076429463127515E-002
  0.71244711715277853       0.71244711715277853       0.95718728201526071       0.86335414323486315       0.90629932766402499       0.88843509417069821        1.0039685453145086       0.81561159404531125       0.77651996971688886       0.77816168387144002       0.76961613889004099        1.1485012600165487        1.0041626630634914     
   1.5616802497207850E-003  0.20204385235318673        2.2734343117638323E-002   2.7341606361275812E-002   4.4873189025998385E-002   2.7206161252623325E-002   3.7496690689573724E-002   2.8661689765611099E-002  0.51208658235948579       0.21145617623694196       0.10517744147401117        3.9073759258148433E-002   2.4823565589407154E-002
   1.4517250359291454        1.1255074484000904        1.0393691779972281       0.93092654607229908        1.0512097858762683        1.0616863801474195       0.85589021150803613       0.96378917155648425       0.83568295489978650       0.83602852182306941        1.0155676909281126        1.1167796735540358        1.0701284544050673     
   2.1772983315696145E-003  0.23764797346220545        3.4732886527018850E-002   4.1992168931551811E-002   6.3526392441699497E-002   4.1809151605560188E-002   6.0234632997314713E-002   4.1816723819205835E-002  0.55846592385074834       0.24138806837575247       0.13960464808440712        5.5919950706881723E-002   3.7898576941737441E-002
   1.3912288874076406        1.5108428228426696       0.96469882468331025       0.91196053421948264        1.2025519471140047       0.97064304610231089       0.91533304682003525       0.91307363388302965        1.1608334723028615       0.92432906846039420       0.84433402419689951        1.1577597532866961       0.88995335303831835     
   2.7534422992385147E-003  0.27071066973502000        4.5724947443272448E-002   5.7347906630862019E-002   7.9783306762365461E-002   5.7185241483417394E-002   8.3461854095802215E-002   5.5775022879053532E-002  0.60057676754360723       0.26163644076832937       0.16701763661350311        7.3881964298357528E-002   5.1839219782535188E-002
   1.0488637961739469        1.1899473444373105        1.0251244172305434       0.89231243268792060       0.99737764292657627       0.94811373164390200       0.97539215725685868       0.97069492451773265       0.85423104794584936       0.93684949011434915        1.0212790660587991       0.97847051514973737       0.87402012896854508     
   3.3134425923145193E-003  0.30570806268057210        5.5180823915286573E-002   7.3386556246116758E-002   9.4577961888899165E-002   7.3908337221001402E-002  0.10618342836351320        6.9395006444112395E-002  0.63692272125686811       0.27347825162366202       0.18902385318928913        9.0269137812391251E-002   6.7164004481641962E-002
   1.3111867914700375        1.0994705288828901       0.96276325288873865        1.0218209434301198       0.98425122393635767       0.96913087744008442        1.0209429002155792       0.85189858280100450        1.0850670962455593       0.82199644017724138       0.80322825986218294        1.0160390288539818       0.95306977186698993     
   3.8756250322367989E-003  0.34397357347149027        6.4537920617459943E-002   8.9264109924658538E-002  0.10820422755788381        9.2165935418414210E-002  0.12866915425099384        8.3647780722467258E-002  0.65925811455701555       0.28241373157686728       0.20580481954778981       0.10915921046625464        8.3294205486457884E-002
   1.4208132951894914        1.2610990030667175       0.80142815833899128       0.99915434424422789       0.98832212219332671        1.0735419040441538       0.97667852745524564       0.99629446222071305       0.91160165495591827       0.86854811912963481       0.77051066295457282        1.0505255907786453       0.91187255347599094     
   4.5451925226837088E-003  0.37333125402755724        7.4645555741057149E-002  0.10556135107455399       0.12286874343406420       0.11075730957195062       0.15105092881904819        9.8474846437107619E-002  0.67638226835425896       0.28969636570248342       0.22236087534264484       0.13043690244138473       0.10040472038175471     
   1.2137766813790680        1.0287370535815064        1.0360596270669569       0.85695238584277478       0.97723533140666952       0.94364095512999857       0.84057882776947146       0.94898677901892148       0.84288073650403461       0.82431576195361178       0.85294401420350086        1.2690615595494903       0.94543288402262460     
   5.2319344065245230E-003  0.39588291010292448        8.5178801958179784E-002  0.12343128263640550       0.13801738937138344       0.12897080833385824       0.17324755303071163       0.11289744919207947       0.69178615556903955       0.29728478446419160       0.23925834790258785       0.15012561114272877       0.11735491633127036     
  0.87272992322612253        1.3792790501801662       0.85089892680116253        1.0902364067753001       0.93984652554392201       0.79198455243116950        1.0544244626467589       0.93309182910236055        1.0594375957883537       0.77580324474249274       0.99433291164816517        1.1083600455664948       0.95881342967894057     
   5.9355108778622826E-003  0.41307577350908120        9.5865504903690557E-002  0.13861246558591825       0.15400583444350527       0.14505834712982915       0.19545935713545756       0.12837335076442136       0.70845194652125443       0.30404310699507775       0.25438622768900665       0.16474123978127414       0.13404158357606358     
  0.93508572249003830       0.95491006633238062        1.0117263948273008       0.86813614778690407       0.89679117244003548       0.82843048964548982        1.0411410830546013       0.87517651454186374        1.0570399894878670       0.99680794613408663       0.90795700733687612       0.92375969405384128       0.83868327681033505     
   6.6523943090440610E-003  0.42565489516181360       0.10703535425384759       0.15273648816255447       0.17016685144205254       0.15954909556617591       0.21649196442384228       0.14403673897584288       0.72241067634020817       0.31016580470369387       0.26822811981401712       0.17699955104327705       0.14927819143451040     
   1.0018007498094197       0.82008715570077229       0.82554287079896282       0.92525960810657093        1.0375851289604501        1.0535554065034909       0.98222081776587722       0.97858054564458041       0.97845685592747078       0.85110266928816669       0.94567901035475155       0.90765402978487986       0.83532418962619837     
   7.3653716622233915E-003  0.43529029186388202       0.11944650544673042       0.16811574961719924       0.18672382208388721       0.17223735878664392       0.23449787627715130       0.15950950991882584       0.73619763214596257       0.31625014312226019       0.28117120673819057       0.18925163443105850       0.16146634893500092     
  0.87064253032730055       0.97158833952168766       0.94248445417570370        1.1414778309692695       0.75288863716373688        1.0212602288095085       0.95109882743850294        1.0308474553512774        1.0167428122565880       0.81537020861326026        1.0285116843539723       0.86606800695137365       0.90855093770284279     
   8.3909349392353224E-003  0.44632962580312630       0.13328721322945164       0.18298383251791334       0.20328221810073432       0.18511352292368896       0.25492022647890467       0.17375419051053190       0.74997517846038453       0.32275527560335315       0.29376751175868071       0.20091588536240312       0.17228375748819083     
   1.2145885944155663       0.77074364818666830       0.83562739352087223       0.83232300877628085        1.0169716845512999       0.97950173607784430       0.83606226719574805        1.0152042936497871        1.1072148288061399       0.85926498445703869       0.93717869436827728       0.81150471283254733       0.76797494701167435     
   9.5521524360306104E-003  0.45836319218064231       0.14874192617082913       0.19989256225796617       0.21980111112065126       0.19834471760163230       0.27672855542126967       0.18732939990671568       0.76232265855589121       0.32934336999078634       0.30854736339445465       0.21125952040731058       0.18361220874209216     
   1.1459022476147147       0.85181919037658049       0.96895051440462232       0.98359630233671713       0.93851740427704922       0.96473628380997523       0.93827934785987110       0.86107066711667291        1.1251150878376655       0.85760501428480418        1.1066894666311458       0.90834287624673427        1.0286411268365965     
   1.0769805537609195E-002  0.47089065326316498       0.16438394185340668       0.21561774359001301       0.23637707441821448       0.21108099489579502       0.29778407070200702       0.20231343806280813       0.77338087858800064       0.33602478470955083       0.32311541482031070       0.22384857271070144       0.19482255148723157     
   1.0587150708546871       0.89763409794176618       0.85959251129273440        1.0942585137021366        1.0615813134903413       0.97060737584681522        1.0038071915513096       0.90756399968221535        1.0052058670871538       0.86241587747506154        1.0307976648921600       0.84405552709233189       0.97283222011867787     
   1.2015326490578716E-002  0.48269559999076561       0.17788832082414410       0.22751367913072884       0.25234049371230588       0.22356904999529528       0.31696368702192845       0.21719980066904862       0.78383811993472086       0.34215786561694422       0.33681756237233146       0.23935256028691188       0.20617568894553254     
  0.99227283804345978       0.75512431547444203        1.0517417018816262       0.81738660630348203       0.95796121266197320       0.90013373198599311       0.84777816380827486       0.85907065923177761        1.0047074010975945       0.84595678612319880        1.0501155915238638       0.97428218743100958       0.86524268480507682     
   1.3558900264331462E-002  0.49219462657104984       0.18939625489446299       0.23977708295007991       0.26711707886058766       0.23710902777290768       0.33483232193432538       0.23207152422931038       0.79379013013766730       0.34789249809417327       0.34833161536971985       0.25285178799907437       0.21862267584879336     
  0.95222695208518593       0.79702174441228069       0.84538688097935544       0.97860983305497895       0.97502505162789188       0.79437150929506428       0.93969936474232707       0.88175704398637800        1.0184912458709272       0.90497256074672416        1.0294455492145502       0.80716794231048294       0.93078427609662562     
   1.5205124841596059E-002  0.50202808440574509       0.20076991982743236       0.25249792582290165       0.28119871859916945       0.25213144321250708       0.35154524713892921       0.24654371324811603       0.80391930137075651       0.35378330825822724       0.36083340474484665       0.26593647053671676       0.23153829037585572     
   1.1203679338344246       0.79250207405362461        1.0272287185279749       0.86317030853090926        1.0854853198540055       0.95780093227422425       0.86975490210286155       0.98272202535851327        1.1534430945224383        1.0515679874483479       0.93647572829351622       0.91230703527773338       0.87910545001257723     
   1.6951412145371599E-002  0.51381318045131374       0.21212074936707789       0.26663705675914423       0.29443126448074508       0.26792899787933139       0.36842721345177365       0.26224980619895305       0.81258322274650474       0.36032908057764329       0.37408686866494356       0.27953476753295831       0.24376056229737034     
  0.92023495738980421       0.76295164901765244       0.83516517250130362       0.90131871744334879        1.0119409395297008       0.85996157716116328       0.92632802072993192       0.98329070597718782       0.96621174263167142        1.0087869705769530       0.93523341349674816       0.87210198521442284       0.89299338490470703     
   1.8866262408281247E-002  0.52596178144381300       0.22509769653026274       0.28087375815673282       0.30546037654927805       0.28466046109785348       0.38486081405558692       0.27950665714017942       0.82120981155186190       0.36678064052223575       0.38808816826071213       0.29510529211413361       0.25565138370628260     
   1.1678046469652907       0.96109066486022598       0.88552849492009977       0.99964647587966993        1.0633506455302320        1.1073622042035789        1.1458105816224204        1.0117398731778022       0.94518605977677894       0.89833662270680614        1.0262554716096268       0.94547021494305417       0.96831951853495823     
   2.0914285638528159E-002  0.53874778476649809       0.23954729767165819       0.29523042976172587       0.31633520278449373       0.30141183180077225       0.40202900329963909       0.29574012558691237       0.82817418261962628       0.37363069873701971       0.40285494381504205       0.31154276110206297       0.26732195322918711     
  0.90735101134130691        1.0771537831764133        1.0052270405560535        1.0553375939809206        1.0641485942419147       0.99728784525113556        1.0662987843406511        1.0144173578645637        1.0067833509495567        1.0006807617171669       0.99164767619490857       0.90446481958204283       0.73969619026006805     
   2.3086749150956334E-002  0.55050556385884275       0.25438435482179789       0.31031158068396630       0.32883838101780488       0.31807627345722134       0.41711303736191480       0.30990470438380557       0.83493634783696502       0.37993984022116117       0.41762145668434891       0.32667635272337298       0.28056528829892097     
  0.98886346515879364       0.93997783222915510       0.86150254494213319        1.0376864194425011       0.93879291962356826       0.86727271732291700       0.86288407925297150       0.99657781221610797       0.97835243100029912        1.0043185291774068       0.97105479836739450       0.94499189377483750       0.97148925731772096     
   2.5467608506509740E-002  0.56145169323168609       0.26987546430902304       0.32764444713391044       0.34344693948737542       0.33425387774793619       0.43138231977541180       0.32547343827867448       0.84156671529457461       0.38694735196340874       0.43195577098646620       0.34200298030512688       0.29452893930103746     
   1.1082569397521063       0.85652265206253608        1.0025500142510129        1.0392276554910795        1.0890566383580913        1.0276040620001810       0.93524569838256300       0.93447968633340495        1.0439365184312199       0.87195634598759775        1.0384295953598013       0.88824114300799728       0.89775848688685589     
   2.8035181200620322E-002  0.57211477802012944       0.28547513459479190       0.34740201116473418       0.35781261333745967       0.34997717275922302       0.44630219393813519       0.34297988210035557       0.84819854454746502       0.39386541164759464       0.44294115174318988       0.35803515599839192       0.31374423514980776     
   1.2370842220167975       0.89839118455249489       0.93463486771302029        1.1495673417133310       0.98473756216003994       0.99749440571421655       0.94120590326173925       0.98520413567349296        1.0951874855975152       0.89930035326962288        1.0347772439853935        1.0440115644150254       0.96877922560086271     
   3.0777129651739430E-002  0.58272146957086512       0.30082884675862931       0.36694028149169028       0.36908812216147785       0.36606763239076279       0.46088126839930854       0.36105983161981375       0.85434409009854695       0.40090450536501587       0.45364515634681596       0.37502051374881590       0.33190475308869044     
   1.0852465543437455       0.93382939338205762       0.98731430573658330       0.88723022560341636       0.81735460515356739        1.0153761003733386       0.79454674049102159        1.0330925581273802       0.92365136449003904       0.97228654061275588       0.90340312624454788        1.1714987312579606        1.0664164749095300     
   3.3634083030698758E-002  0.59396784706248329       0.31661106436636427       0.38618223357940451       0.37991640986418646       0.38244801738362427       0.47680388837388904       0.38110224568060291       0.86007660280183218       0.40850211766906352       0.46527290164410390       0.39219350976973844       0.34694783653859390     
  0.96767264900611416        1.0910057660208572       0.99178860448286810        1.0782572427994841       0.86572739998110404       0.89697467021682487       0.94451044243814530        1.0670138365443911        1.1650106295262546        1.0314358106160342        1.0537564305796592       0.95584167764801553       0.88689032572011450     
   3.6560894541942841E-002  0.60579095081662049       0.33375828247615513       0.40550396504878700       0.38654973449884500       0.40132714091532745       0.49232536982415176       0.40133450758294187       0.86538041771813112       0.41591418684702275       0.47710896320366220       0.40987779657623435       0.36129119015350214     
  0.93579037607664084       0.99681549012789195       0.95654566438746413        1.2989425456109476       0.78806073862104487        1.0329428905864046       0.96019909855486618       0.99924858461698629       0.93380427707808189        1.0710161190751877       0.87001648843207990       0.93536467043468319       0.84511097127319512     
   3.9602402689984058E-002  0.61870320790215572       0.35129733767717247       0.42424533881074211       0.39632598827752896       0.41960925241943348       0.50522297662725768       0.41987151535129680       0.87042908513896278       0.42348297005918401       0.48963903250009616       0.42710939563352623       0.37613604586977362     
  0.94381954852555350        1.2110664919334011       0.94987349058435988        1.0298644533079451       0.97500034409631298        1.1096800981097741       0.84901810849041148        1.1443032877338173       0.87331098043925504        1.0386679324609829        1.1094689023479591       0.89896124146430378        1.0686306710464433     
   4.2704405658604547E-002  0.63249978123097916       0.36876486299461314       0.44249565073446756       0.40659120611105276       0.43806691841858897       0.51836456229371608       0.43672729988228398       0.87593164656668898       0.43085973201661004       0.50025550402400798       0.44342549568482265       0.39094046501446289     
  0.90926024054805532       0.94623341013874540       0.87017838055368324       0.99472019333213524       0.92459835374349553       0.96945935668358274       0.86305771774924223        1.0894676161783858       0.88542966157855640        1.0466242359896092       0.94423069631438405        1.0510890660277323       0.84935967859388362     
   4.6256145316148745E-002  0.64482339884323081       0.38398185539687624       0.46016819985722174       0.41660765919267612       0.45570597267348384       0.53135484012620138       0.45285908801253316       0.88110668995974983       0.43817588730911122       0.50958123196726857       0.45757378946966620       0.40648532194754128     
  0.92833476699311646       0.92681863194711456       0.95256661679667898        1.0818221662922711       0.79729946461334966       0.92029438435736388        1.0158991810037277       0.77715188719787376        1.0759216612304754       0.99162813558645913       0.77519474670912736       0.92121077297133636       0.88133059857927287     
   5.0048979155306914E-002  0.65532181691587776       0.39736880567109056       0.47728171820873322       0.42557464589507998       0.47319875558552305       0.54425349687484958       0.46814075967426022       0.88663135720030006       0.44542983021867377       0.51858530216417564       0.47041891077378367       0.42244599926155058     
  0.99824102269270887       0.92467991291337626       0.89194281392530106        1.0956824498313511       0.85549298258251627        1.0429537219938874       0.98350907728708492        1.0588112550336386       0.94742259066592593        1.1123124397858124       0.85226858207477107       0.85511904696398289       0.91306035015370546     
   5.3968249076997404E-002  0.66616492371910796       0.41115827359773227       0.49466512223697162       0.43442841558957063       0.48987325024813488       0.55735249277409749       0.48168733703111349       0.89057340974677179       0.45262355315997937       0.52724789355653545       0.48318589156897485       0.43988337607340655     
  0.85473286621232214       0.91304669558460994       0.96050848042627235       0.97553838077034161       0.79674160826744234        1.2021831695157084       0.86494282985504622       0.99064042127559759       0.83793020759117587       0.98568379217517299       0.99873707632304487       0.87917749297382319        1.0141371941160797     
   5.8297073810947481E-002  0.67735710766861412       0.42624710316785797       0.51166371555434054       0.44279925220603955       0.50749482732572027       0.57421751139824317       0.49511733568844274       0.89424307984715734       0.46025612868807220       0.53769468722665914       0.49574688902716452       0.45711891932476711     
  0.91946006434434058       0.94054535543776263        1.0008563749703816       0.92296687777079700       0.88187250484230773       0.98286757367878907       0.99610053003929888       0.90500532471113693        1.0396863853613065       0.94673814086531738       0.91708830142625741       0.98073714891100849        1.1208041727621514     
   6.2717912135043297E-002  0.68917223477030987       0.44127867307664093       0.52888376419000949       0.45222607247482660       0.52582348831252668       0.59071910027849306       0.50850091885784132       0.89826332911160722       0.46862964084445985       0.54912129498878937       0.50921919954630601       0.47249087524045380     
  0.92806842424344871        1.2626293775457134       0.96097439063521106       0.99354645759403870       0.88537837990026058       0.93897773705765886       0.89270545912949217       0.96858227754668613       0.88500639874007758       0.99756430002771068        1.0066387057290296       0.99940052145419933        1.0797482294240732     
   6.7106452434462657E-002  0.70157262608235638       0.45602524478784268       0.54651052692283997       0.46222349334141077       0.54398048728698978       0.60635376405251029       0.52268927482712702       0.90227888322059602       0.47728997536251139       0.56101001535369610       0.52371749086166008       0.48595033662654702     
  0.89135470990916943       0.95004096541199057        1.1799284973938746        1.0537975136197990       0.97772080569585618        1.3012078936385529        1.0420120685949745        1.0122657400267896       0.90502735262763845       0.99364514491962042       0.78356699138834496        1.0067265006860340       0.99964915908004182     
   7.1463705405797898E-002  0.71346808355433877       0.46987583479983625       0.56613744260600352       0.47199738408281111       0.56221714178847859       0.62185840431041328       0.53689858198143803       0.90623398155007506       0.48458786575835916       0.57292330104636913       0.53866769204530307       0.49958486620814474     
  0.86884099717467866        1.0157362475384637       0.85175176152727194        1.0244180129005758       0.90190694692671303        1.1780742962024213       0.85744145621157142        1.0256400260718630       0.94647655531741126        1.2068618610140065       0.86084416743157366       0.88273751390931088       0.91372268944563828     
   7.6024833396880154E-002  0.72453704808218777       0.48500450452963517       0.58476208308085520       0.48163480259703745       0.58050216300761881       0.63425990127723919       0.55073142458226843       0.90994550459271561       0.49179334203942043       0.58493528455308963       0.55594050998584554       0.51562896619966658     
  0.84485216742440794       0.91879881694386889       0.92894480440509486       0.85985521129089160       0.89450049848172120        1.0419095743414348       0.95179513250536751       0.92711542044551576       0.84678668994315875        1.0346611153926304       0.82692997855847616       0.96925049615149128       0.90870545132379088     
   8.1153034743210326E-002  0.73565824869189289       0.50254528936460940       0.60155503331662841       0.49127591399907844       0.59727825836187842       0.64719554460911877       0.56591868603867734       0.91373014659522611       0.50006990659379547       0.59696830382425925       0.57145332822054007       0.53161082092827106     
  0.92525803521904348       0.91885466949350336        1.0814139063353159       0.85567875818045014       0.76914376339904456        1.0542995643017903        1.0556302991457036        1.0672442067940229        1.1444755127286992        1.0444282965969192       0.96242245167084728       0.95261549463902251       0.85976570691942666     
   8.6868937676286354E-002  0.74671967365287073       0.52079321952808411       0.61692713005555500       0.50647703972845337       0.61374565095340838       0.66004654091023607       0.58218916505802043       0.91756328611106086       0.50761335915712613       0.60906703063174783       0.58629177883324213       0.54792050445855589     
  0.93785891177002345       0.98412415740523385       0.85949434026632587       0.87423573241642583       0.94591767335094035       0.89636992855473796       0.89718385625221009       0.99332561034617672       0.92125595978387465        1.1546176125409993       0.88303884084395645        1.0955647168032274        1.0401201788402512     
   9.3194629466830520E-002  0.75786608043525838       0.54052377758322012       0.63142529028078787       0.52265887529475474       0.63153933257702166       0.67260146298289414       0.59866150216890013       0.92126331953614815       0.51503331689671283       0.62196954040230545       0.60097025426319617       0.56406310323980646     
   1.0277363377060933        1.0491635360457157       0.96197514879526280       0.79383810573887736        1.0499865462610332       0.93734595987406721       0.84941178224955050       0.94572874288981945        1.0181133968612346        1.0743117766814483       0.77086350490278543       0.93463475147870601        1.3795660917505945     
   9.9494953828135044E-002  0.76890327956986593       0.56093818450512334       0.64499804070360411       0.53834743976824084       0.64869483496369962       0.68482784304050015       0.61391164782766772       0.92461126981159203       0.52247829933433254       0.63481378648948672       0.61648674784739921       0.58053193786685420     
  0.88869204538700453        1.0205326230171319        1.3673755761927593        1.1070805554261756        1.0428578440484759       0.94594146922168765       0.93953084885356009       0.96608841134846657        1.0012673393515983        1.1147024350579118       0.85053349882674967        1.0960354734532598        1.0134168538142534     
  0.10571641801716487       0.77954571637299586       0.58100548015293607       0.66148166748399539       0.55447612353035847       0.66464193489967716       0.69732760333277255       0.62839425994430331       0.92761540385476393       0.52994461994590125       0.64946984334494073       0.63286549096504696       0.59742594444257058     
  0.98732074657352320        1.0120929692232430       0.82832263799043615        1.0155986867483811       0.99860860749367419       0.86136000823198611       0.88027659662238045       0.99007380101672804       0.95943962401615224       0.95049124322378586       0.94994956889732141       0.91011839545904161        1.0703585712627466     
  0.11229218325338554       0.79018522346840436       0.60311853763541823       0.68041171288619695       0.57055906084466579       0.68149021580905322       0.70958175103057719       0.64306908114461214       0.93032075530139935       0.53708148875007389       0.66543048149517281       0.64950858711743786       0.61457079138951398     
   1.0388079832591031        1.0747294731939805        1.0334606958615562       0.95784386248192821        1.1390457833683281        1.0115027780779151        1.1710852839225405       0.92718026290097966       0.75531540973020983       0.92274986353940325       0.97427401378682987       0.94750707426894409       0.90756390200248016     
  0.11925998555843847       0.80035293289421650       0.62872779483902097       0.69877831071418695       0.58572387933195236       0.69760419421002640       0.72099047377175918       0.65600544305572128       0.93292797376223824       0.54305628373910231       0.68139630190485645       0.66398805162736607       0.63306537503828575     
  0.84468439224205649        1.0051860030267432       0.90732017078976812        1.1270580806044106        1.2104386344508586        1.1285166491221981       0.78368819445208437       0.92135508658759935       0.75979104508341788       0.89263023330824731       0.84164353096043054       0.96073152913803217        1.2063865236729323     
  0.12688310219608662       0.81013237992010323       0.65039696424115367       0.71609020570463122       0.60100574988241795       0.71600064536441932       0.73222571247610868       0.66878951890668525       0.93579760073798901       0.54862785610662823       0.69679086323127559       0.67685228236602446       0.65090795036488314     
  0.82343988638775290       0.94393867943066745        1.1933215877816985        1.1532241833655357        1.2065843833659085       0.90556100618515534       0.88766836172276753       0.88286941997258928       0.89528853065759262       0.81016343008389902       0.99501302036767925        1.0628325131423679        1.0442541172615161     
  0.13479344127404685       0.81957768471041148       0.66436442104892235       0.73269516587597017       0.61606925471559082       0.73439611328034426       0.74328110995839625       0.68155666178212782       0.93898451353950685       0.55439793353344413       0.71467442278413773       0.68880175231374297       0.66988732557978747     
  0.95534040903735351       0.93766017604647278       0.89809138031016611        1.0497144800618174       0.94063660864547805       0.93908119240987820       0.91430589115920269       0.97609339904458270       0.96326759994460343       0.93734932544944172       0.94915869300248024        1.0319908656895835       0.98624666002427119     
  0.14888246335689573       0.82904473026886083       0.67984074989370391       0.74856109065490084       0.63135670184632020       0.75164455274547337       0.75408515289307132       0.69595083198000307       0.94223886360913822       0.56013380310381422       0.73279936464160755       0.69994645391177734       0.68977515204641859     
  0.91004435192820599       0.83031490515985107        1.0772721259490217       0.92300324912903897       0.90639357999101999       0.88632604042014829       0.97131084561023640       0.92782999711867797       0.82867480406766181       0.82982118512482816       0.94992758672465216       0.94604872104048687        1.0188694101878928     
  0.16230403989083725       0.83820281702145882       0.69629166987855551       0.76346070004493094       0.64762300574992360       0.76633990645439365       0.76679088676293439       0.71017925822443717       0.94551683707556367       0.56732803113760488       0.75150115118980287       0.71177519750449947       0.70987791731851002     
  0.78828396378045074       0.80570354132533850       0.88077304612454377       0.90801293786521875       0.98117089591283058       0.96326271400432328       0.84278556320315201       0.89704024816625871       0.84586215511746643        1.1458140356891384        1.0974577256226428       0.83353871645973798       0.87587974837842097     
  0.18376836201158364       0.84717553390427947       0.71071019243705347       0.77742973108392932       0.66401502349962960       0.78192480525818286       0.78253065577087566       0.72368281824595415       0.94891213805737351       0.57481014657169016       0.77165362824724237       0.72489567141086775       0.72994461148318079     
   1.0177968509941813       0.91909867101105203       0.99762280539396342        1.1836957447054619        1.0158823156241243       0.99213386059360875        1.1643759952333668       0.88038333662937318        1.1295092638267896        1.0970023758166028        1.0767866242161626       0.84269156692188762        1.0190556974645193     
  0.20448900348737331       0.85588083267735582       0.72539380871749637       0.79126874147616055       0.67985238178892249       0.79830725840593908       0.79603787461690978       0.73755702462249151       0.95185864465420011       0.58240907557027743       0.78981060537409598       0.74041551369372804       0.75009360093848398     
   1.0055281164043302       0.98680430340758352       0.93839100906054851       0.80112879286168504       0.88230077080313329       0.94819070890344059       0.82503561676105219       0.89718621454910219       0.92477012427644845       0.94803793068965958        1.1086814494616188       0.86019137159637715        1.1858369005203766     
  0.23035196612901404       0.86461100621110931       0.74006303037282817       0.80678253310951575       0.69345220269888075       0.81382467102825207       0.81103331011554147       0.75203810914099412       0.95415971853534953       0.58979757711831216       0.80744596445245675       0.75712422512116173       0.76911740203546908     
   1.0419362347644505       0.98016495849268970       0.81119926877822235       0.82640257932765970        1.2688317982009418       0.96099239962412264        1.2428784140540534        1.0377522711292710       0.87436614289759962        1.0523992707676826        1.1446658743222367       0.93871203834760963       0.82778303519843321     
  0.26068513270144172       0.87347082065380255       0.75493387751844476       0.82399478475777588       0.70691620485461348       0.82626020085765939       0.82633098138649486       0.76737449261363266       0.95682413362816243       0.59775880525082015       0.82397792005872283       0.77492147269961331       0.78633101580185338     
  0.91240820731750205       0.82127452803098466       0.90139928857983065       0.94843541020863487       0.86800884686836366       0.81634494904110633       0.98926249752840445       0.86969827860548687       0.91914756688221566        1.0433732860226217        1.0359565597185272        1.0767079943598741       0.90645746254204895     
  0.30766554375655408       0.88245134553161608       0.77105669812892863       0.84021340608059725       0.72069130351717992       0.83990166851474746       0.84127962352599084       0.78212321570129806       0.95991443719684644       0.60736905512721362       0.83923584775531890       0.79343753886617729       0.80358081924282121     
  0.78459834010070917       0.89150318826934083       0.88068173216030343        1.0620389489309190       0.94872616292686451       0.82897065661128333        1.2910524637504774       0.98063199078672447        1.1750106567391381       0.98878940269886084       0.99136672241906687        1.0023168030054932       0.83204997779807555     
  0.36204698125971457       0.89098851736995666       0.78852132465334168       0.85548290024703189       0.73822613806525017       0.85389745407961337       0.85656212638203832       0.79644987710487825       0.96280997471089691       0.61783974180374868       0.85476732204869854       0.81176769149978145       0.82219894339890942     
  0.80169836607824640       0.99815101823311625       0.96391720923042301       0.87946537588915752       0.91678799558385959       0.96339976516869041        1.1127148402317875       0.84757340458701025       0.81930980491022964        1.0242975736525792        1.0312527488746708       0.99288526793070242        1.2059543000481119     
  0.41986243371878801       0.89927094119930162       0.80764463266789210       0.87066837975477729       0.75919467722244449       0.86895387882839514       0.87196044208629353       0.81133114130201789       0.96554980071235552       0.62905390261524596       0.87085369600439055       0.82967386477474980       0.84036023983738128     
  0.82121974047641655       0.83169289779666467       0.89263431215954669        1.1022337075818349        1.1090428872834512        1.0921478882748181        1.1353443445220799       0.82417565574026519       0.85031986872671905        1.0326326076055508        1.1328368724024991       0.86506585201095765        1.1139462069040149     
  0.47526418330130143       0.90772062775819684       0.82908421796985188       0.88509240981016923       0.77801674578818381       0.88544816450794139       0.88590856743630264       0.82751924597044668       0.96812355943301687       0.64126787768969973       0.88707659180932286       0.84741863886833213       0.85505657540329216     
  0.84505253240307387       0.95361979357031934        1.2985163935987560       0.83953647828272693       0.92198746039068902       0.86977637545300523        1.1593978039177193       0.98766091754329388        1.0173407120568183        1.0651411647842000        1.0156134564857897        1.0174461572758495       0.98441560965965624     
  0.52970213390311094       0.91525941024692314       0.85094576483979723       0.89857509226093324       0.79737184650458737       0.89891257457456519       0.89774372360082422       0.84514431606393747       0.97055359333732472       0.65311157932493524       0.90129974904833188       0.86511894544703460       0.87165927888863859     
  0.91164200510893434       0.96947884951976759        1.0049469094637944       0.81396932507286734       0.92339706912030994       0.86442684790480184       0.99362713577959161        1.0453927845378390       0.90438566248641117       0.83335970290416750       0.98433739345236138       0.97452109253466090       0.87114045898610548     
  0.58109611521435389       0.92331514010069016       0.87157202093112773       0.91215292927998903       0.81403317878089343       0.91040520174773487       0.90855981738055247       0.86401217681112130       0.97301496498971507       0.66513879389644981       0.91376542806044470       0.88241077948849733       0.88937570613676553     
  0.87607511929548387       0.95813665735453035        1.1914034867463239       0.93587739125159641       0.87527638645107630       0.93129581085154756       0.94214903245337411        1.0554418222343738        1.0110432702926950        1.0455126985307970       0.88792629942996670       0.95005786049829677        1.1175722147755078     
  0.62870783636536653       0.93310823493107697       0.89086223202428250       0.92530511540747551       0.83188180741884155       0.92201468334684389       0.91932781545260012       0.88220382165412981       0.97559672104783324       0.67691805185600684       0.92649142032099807       0.89917428117297804       0.90534742030534865     
  0.82913940089444838       0.94982038654146705        1.0143243700765863       0.87250810439195126        1.0437874090997048       0.99268684380625705       0.86374978487459697        1.0627589761987086        1.0847738197717767       0.90940423705178419       0.96469069519303507       0.84237829905489103       0.96207848721646394     
  0.67502277061334259       0.94306099942444999       0.90899091190290238       0.93719008271531368       0.85818845590518666       0.93427230310761300       0.93032367748164524       0.90016229799562053       0.97866220813646010       0.69201222265338369       0.93840133017333283       0.91573460935815398       0.92033311815581109     
  0.81556090935846370        1.0493678473493195        1.0413631666096845       0.85759800386420537        1.0671359152996558       0.76784562769834885        1.1864549935609414        1.0293599475362676        1.0220095849422686        1.1589006457918980       0.94235381162738530       0.98293637021098357       0.88458858744123148     
  0.72480100766611288       0.95282211120315208       0.92713612957395197       0.94945624219821823       0.88398899528234431       0.94696805283440255       0.94171067193741143       0.91858684628885379       0.98176478396052014       0.70861202015786784       0.94969017236500963       0.93159572116963107       0.93580041016993032     
  0.89346443092695416       0.92158374647694152       0.93777181380072583       0.80018031173050286       0.91570996899698376       0.84956623312797386       0.88306565105829748        1.0627047233843203       0.87660573820811571        1.0151076505058094        1.1457066573272323       0.85444182038337835       0.88101400427958365     
  0.78235448645181915       0.96198574766269829       0.94531538943032811       0.96272419631013684       0.91434017758865294       0.95919882305109905       0.95452270649066451       0.93774118318654920       0.98524141906546658       0.72906675748629579       0.96159626739167825       0.94720429433289999       0.95141498839736616     
  0.82977041564332088       0.98559027310965952        1.0696833850426948       0.99784975208038407        1.1421952218886713       0.93845570214027052       0.96353927737787126       0.87838848077298604        1.0189463447760252       0.87049416956920755        1.1153392999661094        1.0408113868221931        1.0771489014788820     
  0.84298645543582063       0.97184083242047237       0.96461709048695699       0.97540515426581653       0.94175190576988821       0.97197719447247832       0.96766467950527901       0.95803137611772582       0.98928452266028044       0.75561822982120530       0.97432313484334798       0.96412674669788812       0.96679999973373953     
  0.86672081333367168       0.95729649564163510       0.85806774016726051       0.86867617423292731       0.96883939509157702       0.89481329662135911       0.98799593030590138        1.0096684190266612        1.1432875154156106        1.0320575552949787        1.0105827333872544       0.87732737719445897        1.1228641304571898     
  0.91322236140661817       0.98519678028374613       0.98180168346865315       0.98763228390198277       0.97125121293557493       0.98556213625925193       0.98412365012979575       0.97900819678398665       0.99417534441098732       0.82130782039411843       0.98741106413684865       0.98235935548634823       0.98220908018529229     
  0.92501502701197846        1.1221732048185034        1.0425096571226364       0.91832604286321284       0.87004985430019111       0.91945718303717228        1.2110155343620421       0.91607149498889184        1.0081661686682601        1.2610223320580893        1.0157721120742880        1.1038217256662493       0.97928784717060213     
   1.0000000000000000        1.0000000000000000        1.0000000000000000        1.0000000000000000        1.0000000000000000        1.0000000000000000        1.0000000000000000        1.0000000000000000        1.0000000000000000        1.0000000000000000        1.0000000000000000        1.0000000000000000        1.0000000000000000     
  0.85085743373714462       0.86612996465280023       0.99780973218065216       0.94210944674028319       0.76376810534832540        1.1342189136337475       0.88902312632478120        1.1909041131089331       0.79942495371775613       0.79172683314212355        1.1437175246077538       0.96745815838523852       0.98627288706604010     
   2.6589581611297071        0.0000000000000000        1.7457128543887179        5.8846260701239341        2.6877569310091696        4.4682727138786360       -14.418049801447294      -0.71583045270434609        0.0000000000000000        50.600366327132519        3.4243465263329229        7.3424489009317364        5.9861818937483147     
   6.5152097921873438        7.3524902472604508        3.7221742143136729      -0.25100620000319718        2.2550209999525777        6.9663955659170256       -1.6881404786958796        7.3403533569781914        9.2070086310974109        8.9481917214436120        7.7237268776205434        6.1646127053121349        4.2301053538479509     
   9.1406717314976067        6.7637981672809131        3.5011709262999098        1.3859299846345776        5.0001253157397141        8.3595107533268376        5.2478785766060891        4.2888825213900548        5.9502342583289742        3.4626595940473814        6.4738343300834904        3.5870344798909843        5.9824733686128457     
   5.6252203340850899        4.2813661977437594        4.1823413883629552       0.95698873340319568        6.3137445487385921        4.4117120236614005        6.5024096720842373        2.5274802378648076        5.9683963203644579        2.3128387339041820        3.7848345627540030        3.5435475697924481       -1.1846468099713636     
   5.8567325912710118        4.3168354228186416        7.5668729234175203        8.3567954171891099        7.7710516809914694        2.6295917858240476        5.4832514200441222        3.3988986326647157        8.2712361534714205        5.8540711458649088        6.1905105840199335        7.8422069122384110        1.6220505959022109     
   6.6348461154453879        5.6183320093471769        6.0362761865373198        5.5947309804456342        8.8881795820598040        3.8843002135048699        8.9888992087992499        5.0569086535393231        6.0183482306866605        5.9158871075806365        2.9306642212209368        5.7680313606933886        5.8889142292234684     
   7.7199525040026353        5.5045618138984880        5.9751802366929594        5.5655441736799638        5.6084425100289454       -2.3570505556166350        9.0125523986084328        8.6758550969632786        4.5431713388840809        6.3382392485069516       -2.1972522950679765        2.9798272557691550        6.3276366519298444     
   6.2662029118917859       0.69664393832584359        4.0208059900852815        7.3771858948042519       -6.1821687629704059        6.2695756271984200        11.618016996561165        3.5164686185063276        2.5562685527586977        6.7859177942167896        6.5353267484431248        1.6232083144762877        3.7593064899079098     
   7.2093209898674501E-003
           1           1           1           1           1           1           1           1           1           1           1           1           1
   1.1856639817308596E-002   6.0109776490983088E-003   9.9270402011982965E-005   5.4591067783139913        1.8834730083108729E-004   3.0135072645641838E-007
   2.1329326062662258E-004   1.3343127793766021E-004   2.6813633434273491E-005  0.38254866228425299        2.6809230372940888E-005   4.0339729433602742E-008
   5.0000000000000001E-003   3.9748231390869670     
