   0.0000000000000000        0.0000000000000000        0.0000000000000000        0.0000000000000000        0.0000000000000000        0.0000000000000000        0.0000000000000000        0.0000000000000000        0.0000000000000000        0.0000000000000000     
   1.0028783468064306E-003   1.3116563554314923E-002   1.5912924298570504E-002   4.5223413965333845E-002   1.7498046100165553E-002  0.35197793392156795       0.11311547456570896        6.8451572981904074E-002   3.6250900943110051E-002   1.5109867384452079E-002
   1.1444232713514582        1.2470034366169900        1.0976217026341502       0.93011730156136585        1.1451692427730287       0.90289016788509835       0.73337470251115500       0.71090322983750553        1.2087151135769165       0.94564250975561925     
   1.9464350093480051E-003   2.6119083133163926E-002   3.1051820650803523E-002   7.9316561527671470E-002   3.4472308592669844E-002  0.43522363600183100       0.15124196819864852       0.12063784800379744        6.6197307581808890E-002   2.9651598876291315E-002
   1.9559039264641862       0.91913323988286666       0.95620914265920420       0.93294356772482356        1.0157795884295826       0.97911937043445174       0.83458687275872989        1.0023341222536524        1.0977856998510671        1.0032693999780939     
   2.8477636702772353E-003   4.0343150483978144E-002   4.4129968983582159E-002  0.10602878203844489        5.1426731806769869E-002  0.51136225381914790       0.17704254134600800       0.16128929894026284        9.0271698442739523E-002   4.3500101240254302E-002
   1.4196448004542972       0.90737152651576558       0.78738992237032102        1.0091308582750915        1.1263917858556194        1.0748807518887049       0.91292558811774738       0.85211313719816106       0.93254955199844192       0.90989059121389393     
   3.7035508194556287E-003   5.4227734603377202E-002   5.7542273553390200E-002  0.13181787354970612        6.8653621563094680E-002  0.56974381182376965       0.19775329073918255       0.19419328948808237       0.11417861550917385        5.7090138434035639E-002
   1.3372697740375386        1.0703235682505374       0.97055217639402747        1.1228752070202876        1.0838805562923004        1.6198269390224289        1.0195800329628546       0.93620394952079788       0.93643717329416754        1.0174172395424537     
   4.5636064110021373E-003   6.8964065477472400E-002   7.1300282127510412E-002  0.15607447188050133        8.6020178817671336E-002  0.59816817146337309       0.21010276939993627       0.22507474201360966       0.13614686526785899        7.0514822522157711E-002
   1.2207809714208986        1.0646824018644097        1.0453671441903751        1.0060018297214928       0.85765778594153008        1.0719838359505116        1.0048754672578284       0.89889828280723649        1.0662425682215244       0.86468272181968464     
   5.4307885597645869E-003   8.3493767309297834E-002   8.3650854487104423E-002  0.17642629765105042       0.10296958081756810       0.62331660989149984       0.22111701464627179       0.25162875405911578       0.15646067189223084        8.4721965349779951E-002
   1.2032621262182397       0.93899600502188951       0.85925818774370955       0.86771076565624583        1.0654691860119405        1.0951647067891106       0.84176433125606243       0.92522811913457403        1.1051573858215102       0.88983498722191412     
   6.4010112582454284E-003   9.9369209174598586E-002   9.5232445379946962E-002  0.19624811073751627       0.11930988480989330       0.63905870450109148       0.23125201061001027       0.27661468763763086       0.17681195877583492       0.10019810656703530     
   1.1816757649279317        1.0918750113873090       0.92712218811211045        1.0582305476606175       0.95289331812074640        1.1768198116201933       0.88809731264974234        1.1188628664326117       0.90289016788509835        1.1792359633121035     
   7.4518260574222232E-003  0.11563638742476387       0.10787966957745483       0.21401966349837639       0.13607967646202046       0.65560456429639191       0.24082391480198290       0.29639326068629296       0.19792987207000631       0.11630153819581837     
   1.3341424090438501       0.85848783904315140       0.87054077714226641        1.1201015900031852        1.0489845812480327        1.0520036487389373       0.87490247188947134       0.82581840381391192       0.85260599047166030        1.0155434907690022     
   8.6455119679453921E-003  0.13247500598009504       0.12175266940972627       0.23085638236568137       0.15670390805265769       0.67206365946410807       0.25013145461304398       0.31626693642972642       0.21964617408499285       0.12745419841742070     
   1.1582390329178984       0.95786002975180218       0.98463458993933273       0.92783229584226035        1.3077009314018957        1.1245078687673720        1.0907361971399643       0.98470602583253586        1.0737815260696761       0.77605113708304507     
   1.0335749448517201E-002  0.14919957452426330       0.13639119886725118       0.24490914190044585       0.17678209071048390       0.68511610711159965       0.25866424273981381       0.33608444426587097       0.24098662948688451       0.13708374918592006     
   1.0318798140300227       0.90444088665750400       0.91119283585897881       0.80410822378616098        1.1539803564945352        1.0945733259256269       0.90222446661741351        1.0347278448755430        1.0681632945282873       0.78372262095660827     
   1.1991079462623257E-002  0.16557740411879091       0.15174451704956593       0.25910811211649115       0.19417008846229480       0.69770107619202615       0.26646625601807866       0.35579949227572033       0.26204249186430356       0.14776870668684264     
   1.1427058143745266        1.0061819879657512       0.88402275146351650       0.90923316874751647       0.93765225371983851        1.1059238115794163        1.0610965590865309       0.98732244387520129        1.1266540811855237       0.93230830362419315     
   1.4004430250224858E-002  0.18192344151797613       0.16756857440961698       0.27099381057115102       0.21124837076397782       0.70788034725750981       0.27409980550777108       0.37594278674251835       0.28238806979030251       0.15824388650622448     
   1.1555904022757502       0.85291817203367937        1.1765773421843564       0.84492042834237413        1.0956993538852404       0.93011467574800721       0.98432938368858802        1.1033373453725412       0.95618425811008334       0.87752106282787778     
   1.6280077146293554E-002  0.19617386862861413       0.18357686024792194       0.28325915207689839       0.22756575159527404       0.71798882800076524       0.28157208724305655       0.39517642790897717       0.30256919256185760       0.16748724316262012     
   1.0324323027991840       0.94309692702082559       0.99631177641610391       0.96017994735869316        1.0656919165963308        1.0340993686260704       0.94358476155615034       0.82232920079283078        1.1694006884821915       0.84694938237249762     
   1.8709490100399007E-002  0.21019175757116146       0.19888926035699078       0.29602881067942394       0.24351767565607549       0.72653162366252311       0.28875689680996114       0.41318875497051893       0.32263464267585706       0.17658016666033574     
   1.2071632648747612       0.92059984889563595        1.0774395900248461       0.96227084698075838        1.1687747245459614       0.74679463960140424       0.92189146604919558        1.0791638352613191       0.94419879755513003       0.83333221753637365     
   2.1679011583935134E-002  0.22362156186227655       0.21412052117145591       0.30953538789607193       0.25833694815592512       0.73537138038280803       0.29586858150595829       0.42917209215700930       0.34085483371218289       0.18596593257760088     
   1.0918586958949681       0.87004121727283135       0.87700152224432359       0.88333767557183329       0.98465256921217359        1.1513078568878046       0.84213173097730110       0.83011019552635323       0.90936798416319908       0.86427975211422792     
   2.4685158987473508E-002  0.23767955563159857       0.22821843880836248       0.32498740079454658       0.27362138531096847       0.74375594043066651       0.30259018469869658       0.44060657412625859       0.35908185951194516       0.19586716674664376     
   1.0578084900473073       0.98950022037121188       0.96798739004029855        1.3135776177949612       0.87814795615738039       0.97811015336333540       0.92964957676233273       0.99677624557753175        1.1338908467650302       0.80461977298127463     
   2.8139847732622403E-002  0.25333417486946697       0.24120267807343504       0.34068880470679413       0.28839093175709180       0.75227812106044956       0.30874704899141953       0.45323414535204681       0.37402858649060733       0.20670614728032752     
   1.3350464926398240        1.0191207023567148       0.91711163809032936        1.1557423487890308       0.97586226293226630       0.90524581095548540       0.83118561411466296       0.86351038986328210       0.90357473347137462       0.76570381716110991     
   3.1890883752445968E-002  0.26821354779095857       0.25554238626700593       0.35384776248442623       0.30262775343148690       0.75974878449015726       0.31501951188673072       0.46647145182968547       0.38874206327392730       0.21832181266365658     
   1.0429408406823548       0.93306131151390181       0.97259889375636499        1.0277622398258004        1.0550079443583389       0.76349254633679786       0.87021003756384285        1.2400351712970121       0.96769372152418687       0.88713219550238898     
   3.5891896377608326E-002  0.28096572231128630       0.26960357062766671       0.36718982757537888       0.31691028079890959       0.76738724702617245       0.32157084135765790       0.48043069973975494       0.40409251748487346       0.23168977462344620     
  0.85645255187995517       0.79937124406805793       0.95214049796069511       0.91270831127155627        1.0471782845447195        1.0554984240822400       0.88316286280665834       0.81467892566135236       0.94825581335137110       0.93007548818846719     
   3.9889374868394403E-002  0.29405840576680270       0.28647499769082768       0.38032439882294844       0.33073889588400390       0.77525592722020698       0.32826569315317911       0.49441910098300890       0.42009918692067943       0.24496064129101258     
   1.0008076305566360       0.88354276289111799        1.2704892314312028       0.89916961508012228       0.94188553805293707        1.0118715957914446       0.92054415434383796       0.87094770121383969       0.94216991718799936       0.90091591051433462     
   4.4011457588028449E-002  0.30710803846449053       0.30264582885877239       0.39235386272990158       0.34354555576037871       0.78248211045149962       0.33519011540669119       0.50729372353298419       0.43670125698116508       0.25751507516091726     
   1.0621982141362698       0.86496224549235301       0.91639616743368202       0.87810946940323920       0.77647534282885611        1.1042052181783319        1.0286958542771309       0.87581882924584087       0.94417427402892873        1.1042681035951660     
   4.8323771222782391E-002  0.32066538513313791       0.31904776591672396       0.40465041481153041       0.35710121924625088       0.78899183025729069       0.34242025004360466       0.52040555648245668       0.45369545246291348       0.27064847634325812     
  0.98124435762695639       0.93523534384837026        1.0041275203963398        1.1458560905826343       0.85075260295999655        1.0184977947047227       0.98958156046909784        1.1324288810448444       0.95455454318330113       0.84406804616762565     
   5.3015594449471140E-002  0.33354514316118539       0.33428111137073535       0.41714096831858510       0.37111945716619116       0.79531164209118022       0.34976969700458993       0.53199733841122177       0.46706770675323828       0.28522361183324757     
   1.0635621683197638       0.86994390182027859       0.99251109600579479       0.93252393864774608       0.89672358962948850       0.89206082397789888       0.90116340579156629       0.92016257125027312       0.88983794534637195       0.96058436128228031     
   5.7992849120229381E-002  0.34619804723497422       0.34740109754952825       0.43199692872865114       0.38501554636501101       0.80137710293050546       0.35681193854657489       0.54367600399510319       0.48003296061994410       0.30034903062850765     
   1.3002624641341689       0.85570505747584202       0.90486323606061825       0.86233924176465571       0.96752392139846777       0.95572781975609677       0.99167222161548563       0.79482893801820853       0.83220407894418869       0.90339792932841312     
   6.3086203402884455E-002  0.35868967558836246       0.36062862200652573       0.44673148807769175       0.39866268725576326       0.80736428336996535       0.36367378004142986       0.55456993241650887       0.49168246356143713       0.31785442662485230     
   1.0179155607336889       0.84745174586203675       0.75399870240765232        1.0624726955022359        1.1727518956689522       0.79783997058193201        1.1645634050937137       0.82112987029604256       0.86915985643671556       0.93181472596607384     
   6.8334378805680704E-002  0.37153623005910746       0.37503685002332626       0.46041638174343180       0.41286271973791988       0.81325417800186617       0.37069961682370667       0.56535149291985165       0.50361586077351228       0.33488498597275190     
   1.3330132664477932       0.81288093794072247       0.98950035061308084        1.2147823251911536       0.98452277662921461        1.0035403682469122       0.87991276328462831        1.0364497827232404       0.92172421044963859       0.98893051564178580     
   7.3748990736568418E-002  0.38496414752019847       0.39019794381221834       0.47397058290230659       0.42705188902879504       0.81930229307389113       0.37764233774615547       0.57591410859282022       0.51558296590115504       0.35274319895400930     
  0.90148715145210945       0.98072116432249434        1.0618264909275319        1.1661825905499779       0.99767267671010396       0.83218061326166548        1.0001912632175207       0.97327467237953302       0.99582367492565360        1.0671946021466938     
   7.9276331739326161E-002  0.39908638480189945       0.40358632333058286       0.48661372064189518       0.44104176787569949       0.82543674127956979       0.38489474758596115       0.58643031562174197       0.52715973939633398       0.36972181910853763     
  0.78646571918220765       0.84778196040843501       0.87479398007856457       0.96765360068032502       0.96472347920093515       0.89328038852180003       0.85726315252588170       0.98949340707097921       0.85170575903755108       0.94370274121663056     
   8.5034184776848293E-002  0.41372327676901455       0.41645768185451271       0.49916356599747613       0.45594194863810683       0.83134143349938394       0.39271722314561808       0.59668666945891813       0.53867810824993290       0.38713142098374625     
  0.86456518217479372       0.86113939207603385       0.84503982166633040       0.96069036942818298       0.93853920376488931        1.0109084058580502       0.86430796847622537       0.87701492205472842       0.73166355984441667        1.0370600807211667     
   9.0948786538907561E-002  0.42821107167949701       0.42873007649250916       0.51294152324539988       0.47178988078223000       0.83690571894481514       0.40058863287184726       0.60771404951902119       0.54967011083195161       0.40355158238510280     
  0.90294382340535240       0.97276754502411245       0.83474308291529375        1.0378261716201229       0.98584570220562384       0.89481679900222033       0.89188806158514478       0.88334074266385054       0.92453072227674282       0.88904329713541963     
   9.7270891078924018E-002  0.44297933794275018       0.44131895385261666       0.52656839728175919       0.48741319985485204       0.84228141770531917       0.41039048699321523       0.61912359912568737       0.56073721967614532       0.42070922271297423     
  0.81369092340259108       0.96676475937699025       0.85054349139281760       0.93893860097904347        1.2008551776612721        1.0049971961395416       0.99492394532088679        1.0659111411445148       0.95410776930617136       0.85508281159234090     
  0.10363949736383347       0.45837667713635671       0.45383780351307601       0.53740539352421313       0.50351112651032526       0.84788627372222991       0.42014873157234195       0.63207406189112736       0.57063458522509392       0.43723707078980639     
  0.86664601522063733       0.90140696723594793       0.87327118696307571       0.81615255862001590        1.0052768735402640       0.93309793489884829        1.1717961513511792        1.2284763816910080       0.73873164974192940       0.84992646101332470     
  0.11012821488664165       0.47369313746450636       0.46625448944952819       0.54794134388889182       0.51774028526395521       0.85379190899290391       0.42801380128481348       0.64389133685001210       0.58117625848178500       0.45539118010998542     
  0.77218354967589409       0.93178913919615802       0.79298375834667012       0.98989675283573042       0.82079501436596969        1.1179872279240111        1.2692364265102731       0.88773032675350394       0.77978532416366786        1.0970634383454492     
  0.11631565153332124       0.48893599121953868       0.47892164744202281       0.56042303527015769       0.53034999002620009       0.85860313795655852       0.43565903328862149       0.65639937807716009       0.59498109581285219       0.47491898935056154     
  0.83461737085856413        1.1335295470996807       0.87601152935788618        1.0305236859198248       0.88420289126749674       0.95352173226932557        1.1028467462558331        1.0316093635492380       0.99518313256968405        1.0875642408774686     
  0.12479613133982587       0.50278753457218250       0.49361061635098052       0.57316261874307806       0.54334830194683803       0.86284601075543499       0.44321409063757194       0.66890416426018862       0.60723233774453611       0.49591471876999099     
  0.86577624129892194       0.79132887853962697       0.90097051901045511       0.92488297675891340       0.81595840060398006       0.89695255295016263       0.80305980596613247       0.88574191432818361       0.86397329250869881        1.2621927204267376     
  0.13748518459825229       0.52269684978744224       0.51023298780634996       0.58748979807569268       0.55709384477861823       0.86810981222981132       0.45048130814455090       0.68168919116235527       0.61909240634539242       0.51866193757326096     
  0.98153257145820205        1.3014928199234579       0.88401882197916226        1.2818335007155826        1.0276598514958062        1.0792059150509867        1.1234991192448547       0.89245424672549356       0.90116184201845795        1.0021122317705855     
  0.14960692210341137       0.54346282636730059       0.52597691898515264       0.60182219355734135       0.57246951767999688       0.87402504695841621       0.45800334991361974       0.69476852743892026       0.63060926241186666       0.54027190585710549     
   1.0767387941995410       0.88605975873092879        1.0584467225657963        1.1754929485475931       0.84520925150902693       0.94695296709801591       0.99518685700794551        1.1955578176067589       0.90983601380671009        1.1282310841023870     
  0.16116285643123776       0.56407636911263903       0.54226387556105782       0.61517963053705083       0.58898309759280953       0.87971830706498555       0.46569323202173601       0.70861877325659128       0.64436352199102598       0.55997421890469423     
  0.83394575096392842        1.0612245332787862       0.98457292107034244       0.86962360124244731       0.88872118933716160        1.0486287096809808       0.95493371095532720       0.95332485045626203       0.93075717369881261       0.89883368574372413     
  0.17319686220078553       0.58500567726773500       0.55832496967216716       0.62744951942013538       0.60481693993560115       0.88482824267554805       0.47346402183549052       0.72256232864336090       0.65830579134485367       0.57956925754152167     
  0.80381920474951807        1.1701306140074574       0.85352945357046806       0.87231399498644446       0.79836430643586120        1.1245140471822053       0.90189371165928212       0.90876340041857750       0.83420546051980160        1.0731826616263820     
  0.18571568895905180       0.60482188768999479       0.57579619530367621       0.63875797651884714       0.61997435412396673       0.89014607861025807       0.48186642235440691       0.73655050836431635       0.67223819854523736       0.59951765761475351     
  0.87660737958125079        1.2097672499046244        1.1091133097485373       0.95782480798415415       0.88586257243788402        1.0442620011657597       0.92629495806006634        1.0585506736699621        1.1115881860557923        1.3020617505529046     
  0.19951375777952379       0.62422767308537275       0.59317893175280845       0.64927809553236793       0.63652401688480942       0.89488106864007233       0.49027254093934591       0.75108964408375689       0.68635402768953047       0.62042442678102927     
  0.95887562932855475       0.89611191534778456        1.0283038425868629       0.82603333127662248       0.81740586608790200       0.96058208158210101        1.1192892390438169        1.0419015095989230        1.0043241617959244        1.0685595419464677     
  0.21305068430866936       0.64211426703448993       0.60954504538040655       0.66021580341124964       0.65194703509521801       0.89948592489162005       0.50054035685233644       0.76621216750625598       0.70083836029335578       0.63865243891431978     
  0.87030870971021479       0.96056161112616090        1.0427848843505994        1.0366997808478609       0.87520045938010982       0.88333696706605314        1.1439924530297907        1.2152782849866139        1.0448077990809548       0.91014226668784382     
  0.23481116491106868       0.65892912102781853       0.62615739375444179       0.67303042509277688       0.66729413086285827       0.90434436074016278       0.51122767227181976       0.78195737280769828       0.71540833128190107       0.65813694910177256     
  0.89622013695051306        1.0549043998980525        1.0241819927288311        1.1414892833737322        1.0314330554520201       0.98001157816936280       0.91027047623659063       0.92266835132229030       0.90909409670893337       0.99634155850177841     
  0.26218714168186869       0.67706830814723107       0.64455004876301403       0.68538812947577743       0.68058336513669537       0.90918401694794393       0.52140878502039723       0.79654309079250174       0.72935891619241333       0.66967047757930243     
   1.0401716732038475        1.0061966393696240        1.0013894558192271       0.90289016788509835       0.83070075249231357        1.0037057293657494        1.0876303417694200       0.85304562997635747        1.1005582964523339       0.78942369905860155     
  0.29849686655541652       0.69534164886811090       0.66419322079576748       0.69741059689316165       0.69400146720843814       0.91375352438159740       0.53106835329002411       0.80602448940942850       0.74249844085799155       0.68163543315922059     
  0.90105292316185159       0.89900559507975486       0.95240305522502933       0.82859538188694470       0.84040216806931134       0.89721990624907078        1.1948327382588884        1.0803600181628308       0.89675419254401079       0.95695003778821452     
  0.34014931415331329       0.71375252561644953       0.68328736886538577       0.70919726573463893       0.70801471968593643       0.91824424019191409       0.54046564179246959       0.81537384578658079       0.75580501823481006       0.69614932992936707     
  0.75484080025347677        1.2484892555976230        1.0219679789887117       0.92609734347071615       0.91364976133597020       0.89840283069423210        1.1252980390304093        1.0497575465100275       0.92678176979097993       0.90850567686635519     
  0.38464033611464299       0.73189876898510664       0.70141883104562208       0.71988408400288451       0.72208455367795721       0.92240156368175508       0.54927680684753510       0.82568550722283118       0.77090788389582798       0.71041740771316453     
  0.91522031009400218        1.1395036266339242        1.3884132746141167       0.87688383982510643       0.93052985428946211       0.93449736098541880       0.84301024715446948       0.88900883314257773        1.0536513101488965       0.99680627406377631     
  0.42838466860743207       0.75038552126427449       0.72056689414241581       0.73083802475926907       0.73618493754939163       0.92646769733264356       0.55810934170026183       0.83694044590135974       0.78600306808290121       0.72672810171994029     
  0.84648561035993097        1.2883351755116836        1.0523398252460041       0.90496758231541585       0.79746534115022771        1.0185855225718958       0.88818393593645772       0.98938027476905721        1.1671967643529289        1.1317501575044397     
  0.46978369807236059       0.76995964751290069       0.74286949812310221       0.74183358952307754       0.75151443764894899       0.93083720264275938       0.56787935086639507       0.84768747567909619       0.79884098248057944       0.74234471681389180     
  0.84855335698319845        1.2642720752680667        1.1252073163215957       0.80355578014082307       0.93091090374945895       0.81808785132600959        1.1478271495063856        1.1737903917840380       0.83572444525774015        1.0247568063093375     
  0.50949011719302961       0.78871219278070936       0.76557026124212946       0.75293780021551793       0.76787961043626474       0.93537098230928339       0.57754390775145925       0.85703522881197169       0.81092654325213320       0.75673888027926373     
   1.0281071448187917       0.99727967696079134       0.96261118824431069        1.0328539641206398       0.92458477872458766       0.85944559972619849        1.1122196234081252        1.0188208984958467       0.93389525046480215        1.1505552106718722     
  0.54720872042448199       0.80514368304234851       0.78456039533982536       0.76673674646415213       0.78393946922999447       0.93974371030674586       0.58721008221854631       0.86706746899279996       0.82492654984744829       0.77196208645951603     
  0.74095422459991722        1.0141562969390496        1.0746576279793822        1.1316562743742515       0.92973162012392485        1.0491844473549845       0.84558154197745816       0.79249375510823150        1.1276018482631593       0.94738838792897639     
  0.58666828087792067       0.82175088998171375       0.80440893619365106       0.77942796985163543       0.79913912955449928       0.94400442337966084       0.59730284442747039       0.87829336821420434       0.83931209009708085       0.78906035882834791     
  0.93592413889522119       0.97176725008208475       0.90217368822637567       0.87005689848222278       0.91132082190497832       0.88827066940595789        1.0614031441820548       0.88296600423144078       0.90838379598927743        1.0241556013980102     
  0.62567342548911464       0.83781934186808271       0.81994619299592664       0.79196256860101366       0.81371247924928236       0.94822502001012055       0.60807362112892704       0.88907264807500475       0.85377495496088840       0.80580115273538100     
  0.89514554469426655        1.1749061712466657       0.90659538160387299       0.97580717707469400       0.95393302765904364        1.0352030516874604        1.1963359782966576       0.95220441939802281        1.0266274984105725        1.0170152974677897     
  0.66019828343357922       0.85455310696249476       0.83571956999860553       0.80492517818474585       0.82839058738044957       0.95200113828674882       0.62047403821929148       0.89958297356566486       0.86853195245314352       0.82144378384137606     
  0.85597915994025575       0.98519655669591610        1.3850559795893234       0.98036247780491892        1.1056749719390260       0.96635176648941701       0.92036697958358760       0.99475280712591518        1.2647366232116530        1.1071510285718289     
  0.69418154635481089       0.87067271875403141       0.85255126915968382       0.81670639744683393       0.84300194711823517       0.95564493686822283       0.63313218993686027       0.91020555055722563       0.88291028858426179       0.83732114656970102     
  0.86331299632862157        1.0957741327548021       0.97556495910345931       0.89070133933645079       0.91859074039908761       0.86258211454161460        1.0148033603283255        1.1868601027122716        1.0787621727965819        1.1739287987283744     
  0.72614719017980844       0.88585619947190630       0.86966007693138814       0.82875953351391196       0.85887244905943050       0.95993928912715676       0.64545860481005590       0.92033126844532909       0.89482180895786734       0.85391707284572671     
  0.79545262105782522       0.95026671738004609       0.99738236711990558       0.84382274795950307        1.1517337372324181       0.92404038426391144        1.0112371394866784        1.1420345639123912       0.88552679242486010        1.1874523400779859     
  0.75846738060033769       0.90087122126624664       0.88855033846046017       0.84121261964849059       0.87768148924040112       0.96436981384527753       0.65705126196407404       0.93065212432726940       0.90706412497710009       0.87041109830145635     
  0.83516995693820062       0.86388449894657748        1.0445471479733437        1.0127693865851077        1.2158757826296767       0.84242631437100357        1.0239132686104744        1.0486503120133599        1.0674521261647973       0.99370009601761577     
  0.79064867779492287       0.91586542110880453       0.90711044052146528       0.85339115295917867       0.89653568022578933       0.96882680167652957       0.66926250003138654       0.94088657915420526       0.91864344542412091       0.88897035908903066     
  0.77349006249361851       0.89929907517655550        1.2791373089648219       0.85453648422822870        1.1238323182159617       0.87983494291227426       0.86730515571145883        1.1555995855693328        1.1313454959939908        1.1725731626111762     
  0.82295590720520151       0.92990657100144414       0.92238634719922730       0.87406101365262612       0.91235498549492622       0.97335202314444824       0.68117626279692811       0.95020538203507432       0.93048640884725120       0.90800027017623097     
  0.83625232021071993       0.84078311743228262       0.94497920904820298        1.0041352729811133       0.80801065755157553       0.95945592460748141       0.89871895521864176       0.91828778633295727       0.83264586776105620       0.97063432837119301     
  0.85555643889504029       0.94524560143516456       0.93753954999522127       0.89449557630334930       0.92931228452597958       0.97796525545508117       0.69473514755901566       0.95997635570589834       0.94251111816194799       0.92613314796611312     
  0.90086236411441845       0.88231621921141601        1.2620093986008751        1.1300102415791069        1.1838491142953484       0.85023813181549246       0.88262344523452751        1.1745562588115053        1.0533186318316852       0.96196945212467233     
  0.88748245584281837       0.95877901070257776       0.95247026232896459       0.91714611264495893       0.94789847553406348       0.98251616098551675       0.72279361151609856       0.96942321339536242       0.95440931834320608       0.94368804175271204     
  0.77966790228206806       0.99301466286708262       0.88441320109354682        1.2051049006089005        1.0352537505008854        1.0395008555264207        1.4863926366461826       0.87476586926213518        1.0332427260119659       0.87533553628860006     
  0.91879959415078294       0.97225918315649185       0.96748697372246462       0.93984993509979697       0.96704607509532559       0.98716620973525582       0.75195574855324343       0.97882407493664514       0.96825671213788744       0.96193261837047284     
  0.78061305167671236        1.1528502946784986       0.91108002528478527       0.99231611216847715        1.2635871923210540       0.78930751382135145        1.1146557891224194       0.95191726095207796       0.95887666369102520       0.93618117679131740     
  0.95699040692643533       0.98636472062442060       0.98377479590959427       0.96942419019110682       0.98370783099337089       0.99339727409086842       0.84167270649352610       0.98962819621559428       0.98448477013246971       0.98115606924472842     
  0.90331196517382262       0.83172440762040167       0.90769235042551388        1.1805045394475677       0.85967087881040971        1.2457462779875694        1.2843416637985234        1.3583398557600457        1.3116576937139126        1.0796164141923248     
   1.0000000000000000        1.0000000000000000        1.0000000000000000        1.0000000000000000        1.0000000000000000        1.0000000000000000        1.0000000000000000        1.0000000000000000        1.0000000000000000        1.0000000000000000     
  0.76347416920135436        1.0712882969811404       0.92055166553463630       0.75820401189317277       0.89020267440956447       0.85899027646653459       0.68426279260139911       0.92013583037388924        1.0840300283960638        1.1989857174183527     
   5.3406754450955862        5.4880784620361736        5.5743721741166006        4.7779723561407499        6.0213589887262735        0.0000000000000000        1.9229562303044991        5.5985256515738584        5.5395060725815251        5.6063950358943409     
   5.2278803168922128        4.8013204313380919        5.0319638527497998        5.9472994652398476        5.1702259423444081        0.0000000000000000        5.6862005574023025        5.7964250414359677        5.4880074295470012        6.0207820090932804     
   5.9031606551882350        5.5297083218780196        5.0692067580474394        5.8883722875918103        5.2314291746321615        0.0000000000000000        5.2404433614167152        4.7325874470421203        5.2191166665141440        5.7742392049540125     
   5.0963696237252902        5.8790480911182614        5.5347510563348541        5.5529449752650146        5.5775935313850873        5.4596566196818221        5.5927100911417895        5.6683047671857834        5.4138292801630579        4.9296879451464202     
   5.6208691821016270        5.5104393184737877        5.3028689387552967        5.8158146323230637        5.8536457845821239        4.8540690643656710        5.4641828000389765        5.4016588700649928        5.6898394009688564        4.8470238910930608     
   5.7982418643646607        5.9068402274605596        5.5736422093614690        5.6168016345399048        5.3891886388956305        5.3184819521939888        5.3218039779348585        5.5837721028630467        5.3198697672405979        5.2752388410589122     
   5.5993767310272862        5.5107751013821105        5.8103109316244232        5.5601613422707254        5.5806985334466956        5.3134626537027145        6.2722193277948284        5.2596065868594861        5.3382573916874918        5.5865447631333787     
   6.3367841753266241        5.4823034329432794        5.8555486539836998        2.8564824876694028        5.3203349358638983        5.5633494075688299        10.220177065507048        5.1127275833613064        5.7342150779114327        5.2285379872308955     
   6.0556736991151687E-003
           1           1           1           1           1           1           1           1           1           1
   2.2722567385422308E-002   1.7813085541408126E-002   1.3440207889990878E-005   5.3300650718618376        9.3056607238081173E-005   9.4492869450691254E-007
   5.1126187893588918E-004   4.9750376390576443E-004   1.6201522455164272E-005   8.9822741235699499E-002   1.6198490967598265E-005   1.3065614417759689E-007
   5.0000000000000001E-003   5.4290562303648731     
