   0.0000000000000000        0.0000000000000000        0.0000000000000000        0.0000000000000000        0.0000000000000000        0.0000000000000000        0.0000000000000000        0.0000000000000000        0.0000000000000000        0.0000000000000000        0.0000000000000000        0.0000000000000000        0.0000000000000000     
   1.9543110332649830E-002   3.5671535357714684E-003   4.4671829955414471E-003   1.5232273378643052E-002   1.7537323735742225E-002   1.4977211453446158E-002   2.0404885368896397E-002   2.0456151615143851E-002  0.23157748743841364        6.3165394094366958E-002   7.3003058907854579E-002   1.3730735887992994E-002   1.3505307516557980E-002
   1.2321841523814780        1.2702353900175292        1.8521842720066948        1.3546227833390103        1.5334138428004700        1.2105436246348686        1.2789165286533786        1.0577719420516363        1.0306552640074877        1.1047209184126745        1.0005851521818465        1.1983851667669492        1.2439417097242846     
   3.8723473962516443E-002   7.0992258290882657E-003   8.5633441690769856E-003   3.0927560655280462E-002   3.5370164964228144E-002   2.9836415689967897E-002   4.1720734043635785E-002   4.0449628207685578E-002  0.34574682251868161        9.7197855224410448E-002  0.12908754583316642        2.8190724305368786E-002   2.7558666007769052E-002
   1.3167866575599414        1.6930831829138151        2.1321755756735041        1.3343134497981552        1.2774316037667155        1.0899945325475593        1.9954127311802519        1.2939984133549998        1.3475758785569749        1.2865598281886099        1.2717445019763016        1.6141536274860901        1.0180521929603574     
   5.8896504151698510E-002   9.7238140946075656E-003   1.1658893701083056E-002   4.5401079984800544E-002   5.2848708116030776E-002   4.3469343170634216E-002   5.2506406515630107E-002   6.0447851970344017E-002  0.38872541903708308       0.11914779210069923       0.17684998938887031        3.9015101639005019E-002   4.2659385099683055E-002
   1.1856146700850003        1.7106764766060640        1.6236217748200867        1.3490073852770990        1.3717847789211575        1.1390604502097106        1.4371007134068983        1.2481621557582077        1.3119103938406291        1.6274715758845717        1.4994322685192651        1.4307160499036884        1.3892668362628795     
   7.9071561001918950E-002   1.2212775725308177E-002   1.4699131198951996E-002   6.1146338177379037E-002   7.1131353485608284E-002   5.7156604088922855E-002   6.2720384289956993E-002   7.9767626705427142E-002  0.41786828437704099       0.13314889977735234       0.20512443511144959        4.9515172010693304E-002   5.8062989823789282E-002
   1.1964499141500613        1.2891775252502953        1.3667281090995855        1.2279585754158306        1.4661343194830450        1.1714299067114855        1.0522724082767507        1.4387989936130861        1.5897098608292550        1.2845191135823046        1.2337517571666676        1.6506074207834980        1.1902125624966564     
   9.6624867227887379E-002   1.4491255097636484E-002   1.7748601134012987E-002   7.8098801853293362E-002   8.7511750231474700E-002   7.0567490342904812E-002   7.3307557179360924E-002   9.6034441452082300E-002  0.43623334604875957       0.14684456530237028       0.22433345914872016        5.9641221454350524E-002   7.3609289829645846E-002
   1.4397636796181823        1.3418135807111609        1.3584073623207935        1.2419619362475538        1.4731524024743079        1.0707742821861685        1.1889079242764102        1.3449900907575212        1.2440092065450929        1.6004467670412872        1.3048616065732292        1.5069558739345021        1.3101392127592866     
  0.11434847272429427        1.6720338341380422E-002   2.0943780478128709E-002   9.4504481674200155E-002  0.10380617813162017        8.6451357182356123E-002   8.4628169614617499E-002  0.11252870211587067       0.45325973504685041       0.15780730454214315       0.24343035867010862        6.9775544653459851E-002   8.8862445401937551E-002
   1.2713639213275283        1.2155261303988842        1.2654731488371940        1.3448628276707877        1.5110510611100412        1.3909513246291854        1.2207458131965585        1.3199649907161208        1.4321780076957129        1.2615729140709748        1.5190535490178469        1.3389512425033161        1.1369536640857008     
  0.13405364906727651        1.9135554091053563E-002   2.4471291048888469E-002  0.10951685606747388       0.11768457724122167       0.10487550349008544        9.7174940902288037E-002  0.12791307667269028       0.46782068863492315       0.16844426842753674       0.26305590701020637        7.9728439785244298E-002  0.10435664168686609     
   1.3202647181340073        1.3429833769609618        1.5339562967222304        1.3165208362791472        1.2871274868826641        1.4703640964183520        1.2125625436476297        1.3084993943050931        1.3468775508016080        1.4055437871296186        1.2079339518788954        1.2677255295468393        1.1681458684723318     
  0.15242550167992919        2.1597746543937313E-002   2.8035071809696142E-002  0.12462748572964340       0.13107035127102123       0.12223586204947384       0.11019280559474642       0.14292475047730926       0.48183589960049783       0.17566325668069635       0.27876622306780391        9.0320814134095109E-002  0.11970581124376800     
   1.1930171184966358        1.1852666302396739        1.3299798298192818        1.0959569448985080        1.1764833957828138        1.6150282374943246        1.2658453835200687        1.1968649183696949        1.4358887257713133        1.1119575410610738        1.7224365171768599        1.1698934336480100        1.2289992716307769     
  0.16857833757656474        2.4844935443605772E-002   3.2603305961057684E-002  0.14026722714428158       0.14329106885976645       0.13857747326964620       0.12281331559938198       0.15865437143643094       0.49592507933394570       0.18199833336444551       0.29308255358971758        9.9455889438203188E-002  0.13302644720237558     
   1.2449419583119095        1.5137533351025481        1.2818213543188426        1.3293216633900724        1.1649810652387205        1.1154699562148231        1.4355815728249213        1.1499759542450931        1.2762494792266394        1.0503682342059748        1.5955338140657653        1.1662913011390479        1.2744502844890029     
  0.18367122628554897        2.8728470086253823E-002   3.7224333550721959E-002  0.15589704873589530       0.15540863363079346       0.15542256085066045       0.13524145290943940       0.17482256079794944       0.50933995230960272       0.18840432573525687       0.30585977344524995       0.10786917572820991       0.14657500249742086     
   1.3111461482165401        1.3879045772231322        1.3874974259447261        1.3959132775791969        1.2234551384796832        1.2240207679688475        1.5837270813262323        1.2421431021253557        1.2986978216921921        1.0795615177621189        1.3870584791834026       0.98581943464468769        1.2476101415678189     
  0.19867939706830554        3.2550433985260342E-002   4.2465752834437244E-002  0.17453274855584408       0.16821253655499946       0.17346076521442713       0.14782546760016105       0.19143277084579866       0.52184540007285118       0.19526718502447427       0.31767547222806997       0.11670677756071987       0.15821170560290923     
   1.2712175984598144        1.4351958549642354        1.5238580015578553        1.3167717214931096        1.0904347842650803        1.2861564979967384        1.4498484849513298        1.2400761220109435        1.1478288108514789        1.3158200537173204        1.3009848669810358        1.2587828893920581        1.1494039941771661     
  0.21402210198251218        3.6338574022516723E-002   4.7829299373440867E-002  0.19247818070739228       0.18097298266053097       0.19152841640806620       0.15979458261637478       0.20802873792964535       0.53411685908375472       0.20171653728613423       0.33161725402637965       0.12570238784189292       0.17063291092618438     
   1.3188723519154979        1.2943622081008175        1.3205766646485384        1.0122928095796471        1.1734485769609415        1.4040973086602269        1.3607803158131184        1.1781097917226631        1.1712271636089582        1.3241802509701570        1.3956318992730037        1.2915932877966632        1.0991931988711232     
  0.23029733461518179        4.0397519592705461E-002   5.3534475905253502E-002  0.21147047197221031       0.19313133157772971       0.20664960116380607       0.17149631738307372       0.22431413554737256       0.54590353787306056       0.20725057605472524       0.34619305298725084       0.13793712365106819       0.18362504823723436     
   1.4193148300875433        1.5605020551237760        1.3180478554719872        1.2542144574092358        1.1502184518093714        1.4219182250278368        1.3177294904278369        1.2210890970636961        1.1799403104506889        1.2445847147294753        1.4319271098066799        1.3465661870763170        1.0735849279605829     
  0.24710473640872813        4.4742981531126123E-002   5.8964064594571708E-002  0.23096339241634234       0.20495679349697057       0.22119284862791172       0.18360072577271386       0.24055385901909293       0.55788506694264484       0.21332216433810014       0.35897686156166680       0.15067224063264581       0.19905794070647134     
   1.2044347385957919        1.1818897736337723        1.2164333745445028        1.5174137497699027        1.0742617468652642        1.2360218658874578        1.2184939564263808        1.3709260902614362        1.3347166088101892        1.1173731452839455        1.2779424865905455        1.1748702955269537        1.1095470383937212     
  0.26334636666248418        4.9181055996356707E-002   6.5114134224518311E-002  0.25054007812266615       0.21634932679088081       0.23897685782316733       0.19658393316396236       0.25709871292299868       0.57020760302794549       0.21960524141336507       0.37141671058553821       0.16405462052997430       0.21820835372627534     
   1.2450986860724913        1.2912515355787990        1.3746990430547770        1.5809378193593306        1.1892872035736204        1.3343329204941887        1.0532671892719336        1.2217173122500060        1.4653451276418339        1.2125574805392056        1.1812586032553565        1.3057325446557901        1.2078710001182829     
  0.28067437667297485        5.3759521194538161E-002   7.1187867994107354E-002  0.27083356670490943       0.22926678082030075       0.25745706759809511       0.20553959547969394       0.27380084026722090       0.58194677228268132       0.22600974658207182       0.38424677141561314       0.17783799805772366       0.23655118274319387     
   1.1678702314638076        1.2541966308491559        1.1367163814469550        1.2251263782887425        1.2319182086829008        1.4665639137983806        1.2138527720154344        1.4855440488576566        1.2451913223798301        1.6313817395357249        1.2362868784369196        1.4049094852228505        1.3865660500592598     
  0.29843125589057712        5.8478733277523842E-002   7.7736408836669532E-002  0.28840231007555506       0.24512942900527968       0.27472323752367717       0.21467945619839995       0.29077563677426449       0.59304707084733366       0.23265862749605973       0.39727787128754688       0.19220613462687758       0.25384998643133816     
   1.1406646107469705        1.2495084230064739        1.1643521614804146        1.1914858030931725        1.1689731637579976        1.4384952060769056        1.0591039888352514        1.2096550085359565        1.3291376323647770        1.2743135784920858        1.1944172941090587        1.3167639068179864        1.4168519225458136     
  0.31614654858484004        6.3281849982409016E-002   8.4431447333944601E-002  0.30641632562142423       0.26243312013609654       0.29253513134396736       0.22493726882287779       0.30734599991358164       0.60353698205638362       0.23821035393071377       0.41004129329175487       0.20689770945203625       0.27061129238333498     
   1.2405234147532074        1.1980548850117800       0.99489893642529104        1.1301639518403639        1.2205670676121678        1.2666663039418775        1.2957659996179796        1.4122393512084235        1.4010787038827732        1.2419089951232689        1.2012140330099987        1.3898064093633333        1.2119629196704838     
  0.33328291281708211        6.7975514742894635E-002   9.1298251401007849E-002  0.32633691259031894       0.28058796785786061       0.30860760592322090       0.23536285762297757       0.32270913743126672       0.61328689399034586       0.24324302580351351       0.42234966086821207       0.22338759576845069       0.28663672542856861     
   1.1860766431956848        1.4262480094205598        1.1944025148865531        1.1952963838736237        1.0620529793355322        1.5089011508400045        1.4650282127286787        1.2605063356481667        1.2425605753239459        1.1861654255885803        1.2084674926806480        1.2719059458036750        1.3789106060495206     
  0.34983057396246803        7.2563420538113377E-002   9.8393863736604581E-002  0.34715867261247252       0.29737886837789851       0.32366810583766498       0.24667185303552558       0.33758347292503588       0.62263095487158848       0.24816025434576802       0.43526099670190255       0.24021274407509033       0.30296011308210224     
   1.1909030396415274        1.3163959736314954        1.2141000498744918        1.3231369641958213        1.2573331140825943        1.2236523095114797        1.0443008284778004        1.4173772713568418        1.3010692677249092        1.1448492130725438        1.4087324338867102        1.3798762940798268        1.3418690012704118     
  0.36524024148934692        7.7271230840315980E-002  0.10574681137821368       0.36206555706451182       0.31346524100872031       0.34019307375708718       0.25791073004682841       0.35249914351345901       0.63149563146860166       0.25305243634973917       0.44892268608867952       0.25640165664281894       0.31989396902967043     
   1.0941844769524656        1.1861448275186857        1.1366630893290788        1.1215133660695880        1.1207708838635135        1.1172870068496508        1.2437473641923800        1.3596733438723492        1.0765751026054771        1.0275457221533428        1.1211552003497640        1.1094106945797249        1.4657687605481100     
  0.38095635081510693        8.2020715465184038E-002  0.11285469441696369       0.37756105715942762       0.33005503015024096       0.35699807978176806       0.26951959583554008       0.36733929191214859       0.64056080218037559       0.25812311452810843       0.46252782958014227       0.27204193109498220       0.33678372958002534     
   1.4653613778185270        1.3686922119505180        1.1786544221267656        1.2336858605346064        1.3004262266712210        1.0943592725423936        1.0912088198670615        1.2564681974712069        1.1652536123531512        1.3958887758833136        1.0551410903315199        1.1565782962108411        1.2860819313722776     
  0.39605941329565403        8.6872201660928433E-002  0.12045889565889456       0.39463938231160545       0.34653111300401007       0.37408643023191651       0.28088315914845269       0.38253472334636618       0.64986698128539455       0.26299124006422309       0.47544519328339863       0.28698296968404857       0.35344838854368427     
   1.2850014266904366        1.2974871512473491        1.1237702872745210        1.1298496044831430        1.1732486648050962        1.2298739191268246        1.3526330812376779        1.2233916782935552        1.0645502785430272        1.0667848938733713        1.1232201737215561        1.2315336280241422        1.3526728295814301     
  0.41134103074715045        9.2270738010333378E-002  0.12841603380542277       0.41096958181979565       0.36202935597390934       0.39060892538207098       0.29272141557541465       0.39851474445383678       0.65795628365906322       0.26841156189590981       0.48843649316315635       0.30237432884141013       0.36918772482783535     
   1.2315412142938036        1.1749939258022455        1.1565577858545468        1.1038727578644703        1.5552274661055783        1.4443537705290677        1.2977516719610411        1.2159002029952533        1.2115686541862161        1.2012636692667151        1.4256224866967442        1.1594470279893940        1.2838886585258804     
  0.42699810361298784        9.7815998873149443E-002  0.13728068937528948       0.42267129577228552       0.37685951561099157       0.40664948801095796       0.30440785982090096       0.41049851387383463       0.66408518210304990       0.27389374188549326       0.50195554883680416       0.31849330882890908       0.38440379512511413     
   1.1716709000929031        1.2430952659680103       0.99456003045394092        1.0338786785935159        1.1713314796767165        1.2169886942201966        1.1126440924250056        1.1228824127985704        1.1349092123820179        1.1231033100906715        1.0817977807757024        1.4104728403569471        1.7825701263819387     
  0.44146758927236079       0.10453561189183956       0.14653123088929407       0.43567788253982531       0.39243519556117479       0.42227306496321509       0.31557484796257051       0.42187752032270442       0.67098412687012454       0.28042463359762176       0.51554657276168669       0.33541812956564859       0.40064579616276125     
   1.0387988397084287        1.2997979355713629        1.2809532755589974        1.0458698079092883        1.2551830609582335        1.1828172931254781        1.1088647385378065        1.0241884221024946        1.0110741164672081        1.2089259824636702        1.2537962810712895        1.2618211023164090        1.2448864728201605     
  0.45371630940521857       0.11072277208589834       0.15624231571670866       0.45048530753983018       0.40911427403732886       0.43834547955722131       0.32650913867059478       0.43606430171321031       0.67798674116115676       0.28703420445524847       0.52891890785207596       0.35114255818622847       0.41633194762476949     
   1.1690860944337198        1.2593744852286968       0.96392535968922222        1.0090089617738374        1.2370515110799480        1.1387773923672206        1.1471714545585407        1.3818024759943959        1.0896268763522590        1.2638861616344494        1.2615716699210291        1.3181923256054762        1.1624742469427973     
  0.46667688028934412       0.11747513956324181       0.16751285751886968       0.46601148483017074       0.42625152631583452       0.45495403003429818       0.33637044502016983       0.44911571749248802       0.68596746519822804       0.29368489304190604       0.54182457139058537       0.36779260911278361       0.43235213040626630     
   1.2138237006648183        1.2244935168690068        1.6332135295576762        1.1820490851508758        1.2054712131711114        1.0406475425750428        1.2287338941398591        1.0493434869558071        1.3162596573687282        1.2283702762323070        1.2868942721845069        1.3633027534013265        1.3555150785840515     
  0.48055068219168423       0.12425686776717676       0.17858996317978482       0.48238729702023780       0.44529920024783598       0.47141455374333696       0.34583513884478650       0.46435398039856768       0.69423577335796305       0.30077554418740315       0.55410938158816225       0.38486800157629453       0.44858997909275838     
   1.2985069527038600        1.0746331624979184        1.1386000661276754        1.1589982693989549        1.3238920545709947        1.2492712062391587        1.2278964423680168        1.2987097459329702        1.1927814016322413        1.3825088516597810        1.3058238788699081        1.1135349181642369        1.2862175320250291     
  0.49786594951202129       0.13204734582685709       0.18866491820334769       0.49970820249416276       0.46443331110838504       0.48903444774971594       0.35432702815846939       0.47978301292935488       0.70246499676790830       0.30821888149348553       0.56674624729625556       0.40303065871311400       0.46524278505285521     
   1.2757935014278854        1.2079570709055407        1.0495282088309903        1.1346320611553744        1.2515691831248590        1.3816862381299961        1.1214264374928435        1.5176792438924254        1.1907204228060386        1.3411464961727135        1.1175074037410180        1.1155692121067498        1.2365691999435620     
  0.51579504343273619       0.14078995949848327       0.19841605504248364       0.51775647512601863       0.48337224733601264       0.50585289121073507       0.36337952342879321       0.49452567396144620       0.71063807585641980       0.31590619395057828       0.58009778690698621       0.42199138603376152       0.48154460508738806     
   1.1356636643989964        1.3898343624247138        1.1636306260250184        1.1480734021277628        1.3420632754277713        1.5056440947205101        1.0231729887052543        1.1454006311651841        1.2840560034322734        1.2254903191491571        1.2669090491625274        1.4431732443051206        1.4812608888597618     
  0.53319416131439090       0.15005099578831627       0.21161064803456714       0.53791524264359525       0.50251851018185201       0.52237251969290266       0.37307829418547411       0.51044946370305000       0.71809411096795117       0.32387826235939476       0.59333220956423749       0.44033044597041610       0.49540032292419417     
   1.2486913203672991        1.2751828109075052        1.2391564612032300        1.2168685925013005        1.1468325929934176        1.1485197845831898        1.1150237077931293        1.4601687244324710        1.1993334506876943        1.2443992837250488        1.1400627752137793        1.1417527980515243        1.2709247987417387     
  0.54992193265354383       0.15901170596962100       0.22527213216394315       0.55765319570356697       0.52096875404151977       0.53910378330385078       0.38443844182871145       0.52558984331721015       0.72550204770748072       0.33197525783687892       0.60603732175367631       0.45823035430570491       0.50855124121652584     
   1.3275512578048394        1.4681812250655948       0.96768399274411121        1.1849979887547670        1.2925832941234494        1.1338617856203641        1.1618673234880166        1.2309154716612003        1.1050535501262091        1.2091246289433377        1.1706494580849991        1.1802045238677850        1.2280002828583554     
  0.56402261691815070       0.16781693219368274       0.23905405763236803       0.57661865703315562       0.53912737319949666       0.55597256688485308       0.39616084957283410       0.53964615891158974       0.73287717992427526       0.34015314306667871       0.61900362826490840       0.47520472460446245       0.52046543681308954     
  0.95220092499303322        1.3622348423359172        1.1737979532211316        1.2451553212145687        1.5617783289793667        1.2848629796751583        1.1555402811064315        1.3523066762520750        1.1960918587543607        1.2777251266201384        1.1183843543132657        1.3132966426954449        1.1341011066508500     
  0.57803307017882666       0.17677507318852478       0.25325705628799522       0.59579226024727361       0.55574331323196502       0.57296372291883058       0.40731655584228460       0.55401563347567973       0.73962134869035390       0.34790983336449727       0.63228179706738630       0.49183957803029138       0.53200624205299818     
   1.2836795439624320        1.1186363157819652        1.0369740575408386        1.3671370350311476        1.2584811533785025        1.1990885158128395        1.1849815943110593        1.3044370575707411        1.2554785352009934        1.3041539768647834        1.2410687880696509        1.3404792537216303        1.2549540606185627     
  0.59419332921004675       0.18624439819250430       0.26744287561434671       0.61261578544225048       0.57173923741248578       0.58852545888418395       0.41859273554724646       0.56866715958114278       0.74810879494248039       0.35532990249698354       0.64516437288317618       0.50901210640690808       0.54463176753659392     
   1.2341631422727217        1.3097322066999795        1.2682259275519747        1.0873720082427960        1.5276463868185335        1.1992621978191922        1.3968590151198350        1.3786577598639902        1.2855845755694451        1.2620998375655448        1.2643865938619772        1.3836840348271855        1.1405354059606960     
  0.61167484667185024       0.19615037080493866       0.28085062554143353       0.62931830357963814       0.58687763809984705       0.60446648683374449       0.43109804928897710       0.58572026076138206       0.75693756216505370       0.36300533876834573       0.65791187931592376       0.52707666309424039       0.55725414460454514     
   1.3161039743751330        1.0756822333501859        1.3170175533798445        1.2086569712509212        1.2811250335148443        1.3371244789369137        1.2572179311979725        1.6217764004055817        1.1800515296774552        1.2817254361214920        1.2690406760948889        1.3368904215605362        1.1476366226197705     
  0.62768610668926583       0.20622878734504196       0.29773343469232427       0.64616873174830924       0.60231015698075518       0.61839437008835574       0.44317792470567940       0.60276776745444127       0.76522144872046638       0.37078458484249055       0.67040354018931292       0.54430088525712805       0.57117695913645006     
   1.1987631250001509        1.1441009770583017        1.3825913583868110        1.1584731778137445        1.2509571285993373        1.4113893632160144        1.2339639069105530        1.3201789312058536        1.2891752880709919        1.3849381773501113        1.3183154700350754        1.2624883724065523        1.2222688177664174     
  0.64370977448567324       0.21662659823303315       0.31599181605533266       0.66349747556904171       0.61749455999238489       0.63199003027022971       0.45492185356848591       0.61711938457969662       0.77318405601440610       0.37924343142638972       0.68259350795363583       0.56026869393055301       0.58569881582037497     
   1.0987307662044983        1.1737676620078152        1.2061266155918682        1.0800742071936327        1.1670768708386967        1.1743862897713868        1.3005281928058852        1.0980779053188947        1.3801817239081970        1.1760017988163569        1.1964628393771568        1.3840947096350837        1.4036410284664478     
  0.65821283677637421       0.22786407937940747       0.33188697213614604       0.68157261866751317       0.63268816113659432       0.64644364776332541       0.46662995370109123       0.63129422181311845       0.78057290599564244       0.38848414896587641       0.69454239181020028       0.57531729968779954       0.60121527690749144     
   1.2839542275399241        1.0837044857353135        1.2418469558478580        1.0990107157196429        1.3790217021413416        1.1168913814887114        1.2599554623007412        1.1242215945019116        1.2512883624299036        1.1426278543870669        1.2035505487807294        1.0952302119921977        1.2772507737267353     
  0.67218600083223834       0.23927271628537025       0.34626588772550576       0.69960930400245447       0.64809266513059627       0.66062533412884805       0.47839745786393911       0.64505778222394861       0.78751730269697418       0.39753181761897682       0.70625350574056112       0.58950577406501070       0.61754479699905318     
   1.3279739519631819        1.2007400434392004        1.2241517582543013        1.3216584060899821        1.5142816669385049        1.3408988792837289        1.1891034405405103        1.2175683840812743        1.2002756782312232        1.2600335709271508        1.3300005073705501        1.1789248890819211        1.1086996061471930     
  0.68450023982961139       0.25127586522684575       0.36326302673853694       0.71584559498114098       0.66407314469557222       0.67566350760515326       0.48998521961383662       0.65832317274866892       0.79493226217715340       0.40638649957673989       0.71808161544611993       0.60371474025661409       0.63499423513935527     
   1.2349664636817799        1.2605691104540975        1.2186055961694686        1.2847758938893121        1.1093997386465047        1.2370915596162761        1.2934755656725854        1.2796101044812895        1.1360950158394516        1.2804448092673915        1.2221949196107704        1.2187666994725861        1.1983536082136665     
  0.69838215216131816       0.26412845210583541       0.38004040700839659       0.73199137289364469       0.68047818680208916       0.69069241869136588       0.50176385913550847       0.67093315056745029       0.80337513341862599       0.41557985934970870       0.72965457993392091       0.61841601174676908       0.65324089128481844     
   1.1876187965145466        1.1373954269740520        1.1636139270974863        1.4836373868864083        1.1790637658129599        1.2903659015884890        1.1503015082538175        1.1557213816246503        1.2717682852826240        1.1876620648963994        1.1122254226144883        1.0931051640290452        1.2319799557185007     
  0.71441921444369272       0.27694553550367618       0.39667594915997550       0.74735594487849200       0.69690848396362493       0.70894796738958565       0.51429340900117726       0.68436905354739963       0.81216155749864005       0.42526621245232721       0.74036678389197930       0.63336235541622699       0.67100131493935988     
   1.1507253961724764        1.2766957736141562        1.3844281797806315        1.3668833106025413        1.1152786704021516        1.3403175397715330        1.1312302741126905        1.3940232774579433        1.5615383928578972        1.4066517817165618        1.3106709696700367        1.1668142639173706        1.3095549666650472     
  0.72938639478967782       0.28983938199042847       0.41320252967688759       0.76295471028722228       0.71006065207510816       0.72830019284386138       0.52550571312751937       0.69863073794271435       0.82150032175345111       0.43531552928094508       0.75152750664382317       0.64836061552377400       0.68833132254818330     
   1.3528694087786108        1.3084932496584387        1.1005442766769713        1.2643988671913817        1.2398295384066826        1.4070898503070270        1.1703523147649049        1.2103740698526335        1.1497430812289409        1.2430563586863776        1.1951014684204244        1.3679047812547547        1.2639009231859852     
  0.74341872696783140       0.30274414227493363       0.43029547631361342       0.77786016025100269       0.72301604879235648       0.74366020341379702       0.53727188199332854       0.71084738881174525       0.83113877495559962       0.44526805259103885       0.76212108435999970       0.66289502449112081       0.70608701597456447     
   1.4102769007187965        1.1097695788859452        1.4846558542047181        1.6896665180224308        1.1006896281568588        1.2424152001831745        1.0791482539158124        1.0992778773081515        1.3356552636571586        1.2837091909034293        1.0853153529237778        1.1999786650773161        1.1718804504639819     
  0.75855175232448235       0.31544756971588550       0.44821659689229076       0.79237299335376599       0.73577738206039678       0.75922476106335790       0.55054512434044067       0.72104620380934903       0.84081326509005194       0.45551439006349492       0.77215489325775644       0.67627809255635096       0.72380296955856982     
   1.3627947300847703        1.0882269438003744        1.3934548365062787        1.3243095205248894        1.2182411990315487        1.2538467201896430        1.4087695637195583        1.0510502390882706        1.4066702933392563        1.2077353671953301        1.2292783511949510        1.1251607189961346        1.2323734795195476     
  0.77551728817859311       0.32872509731378685       0.46789633229465738       0.80555906353378504       0.74855273543950662       0.77362883787572811       0.56339177340509539       0.73456359159657769       0.85039302701555974       0.46664084373102965       0.78243743558149492       0.69056848168211549       0.74185514139913444     
   1.3821441983353491        1.1185566687929061        1.4776978330703898        1.3942002699143885        1.2879634353932710        1.1231332627438810        1.1029894495574377        1.1574944955598843        1.4522273376287187        1.1610730889858931        1.1054231033202837        1.2265464149773331        1.1317012284063646     
  0.79197769255100703       0.34252212301459967       0.48692139221070024       0.81808018038941877       0.76415992719428738       0.78815541985292570       0.57722319932116417       0.74929443917268113       0.85831594836109326       0.47757001843370001       0.79292413608348511       0.70608731200225971       0.76033200921097299     
   1.4068789683629275        1.3907062550962328        1.3023612850715915        1.3067583528186784        1.2195233639980092        1.2587454339416895        1.2134395072996285        1.2755222905419803        1.1144341191796279        1.3745385663308769        1.4400561751187657        1.1294798222375360        1.2873676469004740     
  0.80792797305382125       0.35749689080827868       0.50804076666968678       0.83140990843563956       0.77942558681239693       0.80178791359763679       0.59120249432465233       0.76535443401697756       0.86599728111014351       0.48872189813341693       0.80653365479610861       0.72244344859817944       0.77867674614580018     
   1.5264948818335236        1.1851282437323356        1.1391061714322752        1.3033543844907285        1.1448266395490918        1.1854203845454543        1.0983426204705284        1.2100349439600742        1.1247158525299028        1.2246996965910026        1.5038985065878241        1.0654720675789271        1.2521882591430364     
  0.82382845473702448       0.37300466474166938       0.52931677644715969       0.84570403795242344       0.79455684195298126       0.81504543959775466       0.60658241105808053       0.78182623678491259       0.87178200917743187       0.50029026962007883       0.82076128990139285       0.73975127565066157       0.79643226496851860     
   1.3824839369571931        1.0814432425305089        1.2642181739957179        1.2683765950032653        1.1770083094744985        1.1064793387474898        1.2571883134014683        1.4291483514353756        1.1617265918931088        1.3249240351103599        1.3782383396674440        1.1111432798550052        1.2957467489396755     
  0.83925341578599122       0.39140266437701299       0.55203343306348629       0.85988917150526312       0.80907757494047428       0.82763234926453622       0.62211728572963132       0.79824453831198294       0.87785919320864836       0.51336333799873901       0.83388193061163096       0.75784702996343634       0.81378343899971417     
   1.3305255519763719        1.0406879851291955        1.0262485325298822        1.3169640657086061        1.3035730311678451        1.0866640265182830        1.1218696461877968        1.2768790479681607        1.4078102394771079        1.1826864789036131        1.2131900060240361        1.1700572952252530        1.4257151721655659     
  0.85406651749554674       0.41035681138274022       0.57650151504493630       0.87354290057221762       0.82403612616358890       0.84127178903891031       0.63655993847528092       0.81465375537124751       0.88501411264473018       0.52672611979165096       0.84647351497171330       0.77684925833002105       0.83129870288991548     
   1.0298210179270282        1.2998910143901734        1.2645061793546395        1.3028955117849832        1.2843053409667891        1.4642928275880596        1.2412830586157444        1.3091386029127006        1.0597610116932970        1.4193909366477668        1.1564511904652235        1.1816421668327628        1.1095233675437619     
  0.86901259267378539       0.43347663006716580       0.60233764891237240       0.88616444684106144       0.83929980661598169       0.85680546955024639       0.65078280607187333       0.83231704506742721       0.89200454892497683       0.53891216174441703       0.85898464616387582       0.79609743661315735       0.84873368532491111     
   1.0900924637339737        1.3727211755254698        1.2077755678287563        1.1630825507812732        1.3722410331887562        1.0990783393433043        1.0934467509084884        1.3864338708722794        1.2866746396522453        1.2710282485517441        1.1829246916510168        1.1901349523458644        1.4721020299296139     
  0.88411520632362994       0.45679782741028030       0.62782674302936581       0.89762367905410290       0.85499190070408904       0.87091932325287236       0.66861160114134510       0.85009283794009260       0.90029132207756990       0.55133598093643632       0.87161859708898493       0.81553822629026129       0.86567793073712562     
   1.0854759405328180        1.3494614577570856        1.2101982435374812        1.4089534847942231        1.2421356958271152        1.2243901486409714        1.2608346022043648        1.2289170946247561        1.3923873963213336        1.2527015062697751        1.1759919641503307        1.3591716779379139        1.3248820183226400     
  0.89847262651119808       0.48452187213379849       0.65118383221004905       0.90843879330806643       0.87147047373574704       0.88309560553801258       0.68569134648145591       0.86777083951678380       0.90851991383043340       0.56216588176776061       0.88425271674268602       0.83621722120510744       0.88215797059831391     
   1.3268768550874737        1.3922549090916663        1.2454438796107077        1.1998049369595367        1.4422018525876472        1.1654549233161922        1.3163220476759294        1.2117080376463860        1.2607680246662469        1.2155720192864725        1.2612146861558049        1.2302294048757407        1.2392146834772038     
  0.91228775600734913       0.51279065100027399       0.67561219804633887       0.91809428363424195       0.88722029455463258       0.89669988969835657       0.70347825809260833       0.88414920833804489       0.91778954041420413       0.57313261366143464       0.89594782453707833       0.85781044307557397       0.89757689757218084     
   1.1962656638871370        1.0070581816576327        1.2311536366924212        1.3783515458544746        1.3727612922335102        1.2292760295623752        1.4451015962215521        1.2121169284372426        1.2727679760627686        1.1068909513698220        1.2249213494993654        1.3009473466650348        1.1712011936849276     
  0.92587500361362440       0.54502894915348632       0.69816105441039800       0.92864200745878622       0.90301461331304522       0.91135347511470988       0.72189097082195663       0.89999166088497173       0.92719242366710986       0.58445730570318721       0.90703961256399446       0.87837947544446182       0.91357514861445299     
   1.2323869416142217        1.1962090633865086        1.0859551725643224        1.2117583215005019        1.3143991984785324        1.2096116845636731        1.3295379613212361        1.2403011988534609        1.2757351581916321        1.0330227023702636        1.1071926066005460        1.2539738146210717        1.2014360763680356     
  0.93947209610043958       0.57895176664253301       0.73376094716100804       0.93987821360059520       0.91828527608759491       0.92625074254677209       0.74293170561721800       0.91554745041789276       0.93699094619167600       0.59942218126153313       0.91738462143085697       0.89822194403126221       0.92926647143903662     
   1.3620388423756520        1.1984855470881697        1.0513577998622483        1.3026161880012672        1.1609916718042557        1.4390613034674282        1.4591060992950047        1.0691054832198337        1.4455872997477985        1.1245350875964175        1.1686066630843299        1.1644663951359293        1.4136352899354654     
  0.95310229502530541       0.62795839091525485       0.77020369207791739       0.95175901578609190       0.93376185865908123       0.94166007151353626       0.76558209375781050       0.93108933258589677       0.94700239787825469       0.61911732955809473       0.92950150387734254       0.91833217049635463       0.94464340545298564     
   1.3069053056725768        1.1710169571983471        1.1740100121767250        1.2025050181791941        1.1597266857464512        1.1930820635951076        1.2462357393267498        1.2825838028036025        1.4017474866219810        1.4366874622541779        1.1411062730132890        1.3643881029214453        1.1757808137467451     
  0.96670425741464105       0.68190990002986962       0.81577459993411239       0.96538782385622623       0.94931527038442687       0.95765551084846257       0.79801339983099051       0.94676917631211110       0.95777806240605046       0.64218111884642415       0.94492967672606687       0.93871616821119508       0.96048086975988911     
   1.2240636618913971        1.1240509243462309        1.1729566409480523        1.4570711759053023        1.1733857544378061        1.2788112718223659        1.8487610701544006        1.2102694280381556        1.0529339495878278        1.4165625560886703        1.4050775596071401        1.2558776466802599        1.2986209283993486     
  0.97955612889448440       0.75472373492840350       0.86369665221425718       0.97838052762800032       0.96498839287796823       0.97390137704643243       0.83707546112396569       0.96294546320025098       0.96913511012397802       0.66963454302544689       0.96055971858415223       0.95983926441999079       0.97545979521362580     
   1.1796776739473913        1.1502958318306598        1.2510638185321126        1.4691108633387779        1.1349833087820718        1.0927373301005918        1.7374348197919367        1.2203496061991816        1.4837788952374127        1.2647130400348396        1.0728951211029871        1.3922045685531876        1.3453304767875967     
  0.98977576475957663       0.85896525426973680       0.92880444607977930       0.98921964025288811       0.98283615662506030       0.98719699227416602       0.90674921151984467       0.98130057647154301       0.98402344899080074       0.78724505349614060       0.97988221047098212       0.97879635626777339       0.98782803072545355     
   1.3378123886559892        1.1280465378523523        1.3350441641611444        1.2051706765744534        1.1729010127865447        1.3366206270011678        1.5498255138090740        1.0855259335686553        1.3975586584294022        1.7757493866460958        1.4477054903883659        1.0145744972198341        1.2181762871989710     
   1.0000000000000000        1.0000000000000000        1.0000000000000000        1.0000000000000000        1.0000000000000000        1.0000000000000000        1.0000000000000000        1.0000000000000000        1.0000000000000000        1.0000000000000000        1.0000000000000000        1.0000000000000000        1.0000000000000000     
   1.6942058223938481        1.1695811835804901        1.3919031191062687        1.3111438038979080        1.2119898599028696        1.2940141164701982        1.0349115892911203        1.2243379053580234       0.97272963928989675       0.97868603050778291        1.3632976485712784        1.2397340820472702        1.0609089050419538     
   8.7050268551429504        14.790221550288898        8.7295602429498516        14.829258529838905        9.4576315197494445        6.7741622263825088       -5.7898322179267190        8.1669701082397985        8.1726633714394818        9.7654307586915881        7.6153769145489125        5.4367996183355149        4.6895640394024305     
   6.8689014933346337        6.3490738308195223        3.0002836516132803        8.6086125234022912        9.6911367179430314        6.4215801727220096        3.4677069492174826        1.3325942440861067        3.7923751370639271        4.9984988016346668        6.1552087570327512        7.2623898030659291        10.176200285595543     
   6.7466483114424234        1.2517089016011349        6.4657046894097805        4.8254101091208348        8.0030691486348466        6.2061069385607111        11.144827621377537        9.9138977209661672        1.1508155956117332        9.5665816236237493        6.3069415296342175        7.1837802792639831        6.8681938562669238     
   10.435266300736341        3.5271535213454936        9.3545277063217647       0.33448257062700149        8.2980223397184965      -0.79489582320973129        7.8439454780765780        10.412954251281571        4.9909395635923577        7.4792603444826096        4.2734324603909224        7.7544169455548628        5.3976478987328127     
   7.3458671996685911        2.8196715922774374        8.0522622138943181        5.2720587333165359        5.4908122886657154        11.035431498180259        5.0464150470114522        10.168681890467623        6.7168999143240100        7.6702406063377708        7.2072875989546779        4.3493477143903245        9.9341304185684169     
  0.62837067854860396        1.8917167553593957        4.0449191165692246        4.1901707250005602        11.168085353014661        6.9870438999987217        12.177448318086146        5.0164340032257755        10.090264128531610        6.1631738991924161        6.7316761064662876        7.8816855269272432        8.3504840175232289     
   9.5377608945521519      -0.63501105525045931        10.534807300217537        2.5189446347520064        3.8398317899228864        10.546950892947963        12.900898138630636        8.6420023753375883        5.6649113369795163        2.1298590873956744        10.276427804597787        5.8168218788278248        7.6704436548754780     
   4.3102624521311528        10.221276435840757        12.777525732659926        10.555143485607701       0.89330113851201376        7.6825729514510597        11.402148489232520        4.0230375753485541        8.3781617922217624       -18.061547193557175        7.2923678321016139        6.6124031653409761        2.2753571178903287     
  0.53770025896351070     
           1           1           1           1           1           1           1           1           1           1           1           1           1
  0.48137651595052444       0.19546876222912657       -1.1981587778898846E-003   7.8641734978242619        1.2263054775352621E-002   5.2389190898846944E-005
   1.1080200973169078E-002   7.6211710787628829E-003   1.0971285700889183E-003  0.26199503027139776        1.0960183771841464E-003   4.1807453040048752E-006
   1.8639007689154996E-002   6.7871794980106994     
