   0.0000000000000000        0.0000000000000000        0.0000000000000000        0.0000000000000000        0.0000000000000000        0.0000000000000000        0.0000000000000000        0.0000000000000000        0.0000000000000000        0.0000000000000000        0.0000000000000000        0.0000000000000000        0.0000000000000000     
   3.4294686506720798E-004   1.4367903384620427E-002   1.2035001841776718E-002   1.2747863394576755E-002   1.5730819440217949E-002   1.4485435526229792E-002   1.2583277522959832E-002   1.3778748555694212E-002  0.28521241342299597       0.18601906501090912        9.3483940324293347E-003   1.4903070117928767E-002   1.3789202127785508E-002
   1.0329006727771208        1.1298114352618185        1.1397514680814900       0.91185252543644357        1.1434765560527793        1.0609083064049931        1.2649738262024730        1.0597422681601345       0.86450687575967955        1.0140293090393797        1.7161081683988151       0.93152757949866871        1.0461385178974751     
   6.7224504463401819E-004   2.9533861050259052E-002   2.3904602968701397E-002   2.5966538824228124E-002   3.1228738819551669E-002   2.9868325936000327E-002   2.5617001838514029E-002   2.8282734103980772E-002  0.39554077013428862       0.25319873770793583        2.0075138891860557E-002   2.8982899228876143E-002   2.6516924152386080E-002
   1.6069691121026772        1.1742485063343633        1.2413302056153519       0.91204120634145092        1.1064571965706231        1.0757915319747875        1.2378225805073269        1.1322765291944497        1.3788764255266031        1.1800320015603123        1.0501406522538970        1.5162668215699002        1.2627908470924605     
   9.9394658746578294E-004   4.5333362506243639E-002   3.5238537394683897E-002   4.0445310865579544E-002   4.8767713155600315E-002   4.3701416313863040E-002   3.7788384084545726E-002   4.3496088809427950E-002  0.44606220709005379       0.27693564023078360        3.6797507205992078E-002   4.3208021051965008E-002   3.8711008554302297E-002
   1.4700775461652147        1.0422728225970759        1.0541686601214160        1.1890773143015971        1.1275353061685240        1.0054164420046610        1.0589168792985764       0.96073205993708766        1.4473486684297505        1.1761073667831869       0.95756854741445296        1.2728220977730711        1.2318300194502458     
   1.3192547361413410E-003   6.0358359303883093E-002   4.6603997435422380E-002   5.4798777848962990E-002   6.8202391361925879E-002   5.9505241860704598E-002   4.9941590544837697E-002   5.7119125875471015E-002  0.48293320277875856       0.29684118472526971        6.8109936301938706E-002   5.8000601837876441E-002   5.1308390244772559E-002
   1.5524705542045016       0.98398835067052282        1.0779960295456976        1.0513807091708796        1.0659252687732181       0.92683616130953506        1.4692194743830316       0.93934981474432722        1.2108183603878571        1.1323357322570240        1.0168900357197344        1.3319236588565302        1.0335369551635125     
   1.6657615813238666E-003   7.9015511097588448E-002   5.7605319235913069E-002   6.9785440018626618E-002   8.6355667971821037E-002   7.4517478549292596E-002   6.1463659101210280E-002   7.0703055281580329E-002  0.50093362533587582       0.31329054919800586       0.10404062945774636        7.3891113734507380E-002   6.4769269661285947E-002
   1.5860830757488849        1.0249276185863232       0.89275143829500503        1.1214422544817184        1.1023961620945897        1.0668757361721879        1.1548282403802093        1.0153930792154240        1.0279386176622018        1.2302264646460683       0.91751102206626678        1.0991155391074070       0.95117283389516127     
   2.0377467108292050E-003   9.2542865172230912E-002   6.9071413844702570E-002   8.6282076149793524E-002  0.10353322156098273        8.9268329038029615E-002   7.2912468801349925E-002   8.4127810860471761E-002  0.52069419363234015       0.32691312214247226       0.13914958459589769        9.2235292223797352E-002   8.0384222047628004E-002
   1.1609920171129979       0.93339366980341043        1.1174121175737461        1.0776288342476188        1.0262371550610894       0.98826498538532226        1.1925197675175372        1.0634415905313346        1.0689789974529584        1.0180862823113539        1.1124478758234499        1.3875515521430235       0.97580187721903022     
   2.4528723082918296E-003  0.10667379764089986        7.9909725267629766E-002  0.10326403517095945       0.11985869302635520       0.10388757351196984        8.2751312336633798E-002   9.7895963695162125E-002  0.53874869870844788       0.33841253216129130       0.17037161415436636       0.10914951669150100        9.5969449428549347E-002
   1.2956646566181627        1.0063604763099518        1.1832160582916291        1.2025089198870322        1.1210199754788950        1.0091116527643404        1.0229209116045672       0.96907020613788275        1.1937223895481448        1.0290769229708705        1.2282545755013430        1.5020593032084457        1.1111134599386991     
   2.9558163087818217E-003  0.11926401147249152        9.0238421268296121E-002  0.11881251064691717       0.13751129586846167       0.11756557964744663        9.1304446927645833E-002  0.11208986267107014       0.55744579042112019       0.34715953552645423       0.19648903425583275       0.12748753281044828       0.11097091083850416     
   1.0586152168145977       0.91712969790381160        1.0835322506743192        1.0988997197888581        1.2199697785656500        1.0813260325837291       0.84724557361474861        1.2655499533113752        1.2727583372112548       0.86797814800627504        1.0164175021742703        1.2498547552043435        1.1020759638199127     
   3.5132342730656210E-003  0.13433781998265432       0.10156402319589150       0.13308888403950123       0.15509532090968733       0.13078377386180598       0.10065882461129116       0.12694581097295976       0.56965407120389577       0.35686067547676253       0.21391939299586984       0.14399117529595629       0.12643952543253456     
   1.2036005009318824       0.96163020568570956       0.96469011889296963        1.2573484373365427       0.96789836584267996        1.0280963802132057       0.98419246135370164       0.90814795160706874        1.0572738077350829       0.98282977146355688       0.98240529009838073        1.1033492928085455       0.95431522866507268     
   4.1714693516126632E-003  0.15009788620084966       0.11341562293924430       0.14626801488524932       0.17079260243307140       0.14380519246232951       0.11192174996393900       0.14315342928811606       0.58183120187993553       0.36743476713002499       0.23096381585519293       0.16140929570412255       0.14212515489416588     
   1.1052997009488315        1.1967886064944229       0.95474034476954839       0.95345193879132084        1.1222679672201639       0.88373305853218309        1.2153064681229939       0.99758315015940935        1.0460991764122762        1.1121223407206751       0.96671645977634257        1.2382736427295025        1.1211055326034354     
   4.8852952129097241E-003  0.16654940131393292       0.12487103009005454       0.15985624803202889       0.18542279545947618       0.15767760099876985       0.12396063499340450       0.16036114530761944       0.59332038930523456       0.37846291979351254       0.24659032049633275       0.17701874959704897       0.15714308100294874     
   1.0690120124728300        1.1486179845147064        1.0223394007865667        1.1034790509119972        1.0453507971658722        1.1869406970154217        1.2571029804057363        1.1262185133166553       0.87224983053862160        1.1171140545666047       0.95769421230953566        1.0402399354013401        1.2894175292685046     
   5.6767177593584992E-003  0.18284684310165275       0.13646271783343811       0.17415293232810389       0.20100767139830672       0.17273747845196680       0.13513347844920143       0.17569983796078520       0.60444912385108007       0.39016869539089538       0.26193671958380060       0.19064757231768092       0.17119625320300089     
   1.0499207672792936        1.1771630148364840        1.2051572759525053        1.1129954585930049        1.0145428128550826        1.1832239336575834        1.0889207477749878        1.0091190137753530        1.1904341385435087        1.0323758818965216        1.0539868731960014        1.1743518348758857        1.0879213577960540     
   6.5773782872107075E-003  0.19935185098767963       0.14918457844273292       0.19032004027554481       0.21632341395574825       0.18966247784977416       0.14638362879764455       0.19068063884175906       0.61468954321663549       0.40091887549495231       0.27532315255849354       0.20257391258905250       0.18403915846969301     
  0.95041084308927704        1.0120031382327868        1.0464358000495659       0.92355553167160165        1.0357669206798150        1.1714093086319244        1.0749501108739929        1.0000587226700612        1.0290849297116982        1.0781319570905008        1.2357961672548106        1.0383912173428611        1.0338145431318084     
   7.5973618734422200E-003  0.21607716658133252       0.16266667118602041       0.20757236954506503       0.23077976549708190       0.20608510720781831       0.15730036254943958       0.20577140067015298       0.62492519402903257       0.41006620476131256       0.28757834509124131       0.21525476824133524       0.19691786362775199     
  0.99942408802391636        1.1618758432229885        1.0108167454009407        1.0048630969081749        1.1026628210397253        1.0447651142346241        1.1238060041595443        1.0618788182483037        1.0347980550159892       0.91001905258845661        1.0910610648586259       0.98519288657296000        1.0158784393396043     
   8.8302594356722604E-003  0.23404565280860376       0.17623304114641808       0.22511912592225913       0.24524376016798816       0.22111589306993260       0.16764632635713037       0.22177771069391691       0.63468428688686784       0.41908853258479950       0.29832520408175439       0.23041655104759232       0.21020624227571724     
   1.0965551912974076        1.1473905949486833        1.0444160340753228       0.94059651016164714        1.0408437805794604        1.0548037685354266       0.96741158575186215        1.0064374663533284       0.99294870733437401        1.0705709260251672        1.1145181494022069        1.1998924988509203        1.1017053822318412     
   1.0319176097222955E-002  0.25179583870585409       0.18982109456641999       0.24260085453984143       0.26103674654205122       0.23595994898907530       0.17819379457501508       0.23939908558557538       0.64410519240955044       0.42756609957287617       0.30939060238689708       0.24588218360619760       0.22442778827360943     
   1.0972710680386046        1.0453306315280848        1.1471843517660794        1.0045841895688004        1.1370080543150771        1.0000989458482632        1.0251695642184186        1.0607662735210037       0.96965358175311778        1.3160470888646196        1.0765920683650931        1.1089455359902951       0.93226278586010114     
   1.1875669933979566E-002  0.26921621179507671       0.20414517056282122       0.26001689632335634       0.27769047085976378       0.25154283422683127       0.18981193255679008       0.25745907564502424       0.65370759476318230       0.43644180002243194       0.31947931942906677       0.26201017392651677       0.24099177331622729     
   1.2129364307688346        1.0825965963725892       0.92533309360166383       0.92153896686176928        1.1765707637705933        1.0170124137390728        1.0381517073721205        1.0778802338893916        1.0754291023380540        1.0331392747393919        1.0358529037153288       0.99531691685721790        1.1673685039424493     
   1.3594249575282777E-002  0.28656108360911620       0.21973971653875601       0.27776977191429025       0.29339165980785148       0.26859311097883526       0.20270953778070719       0.27549059324498748       0.66380115011452423       0.44538994595432235       0.32912631731396175       0.27754271672212433       0.25750285547677781     
   1.0103877588406287        1.1897466303252444        1.1798825128543136        1.2945338628280394       0.97921033068388186        1.2473856201721467        1.1283022243487317        1.2469223798852971       0.96144576955672767        1.0899810627833333        1.0121238640355108        1.0008546906986007        1.0802596298317446     
   1.5404303914312668E-002  0.30243684847998509       0.23462479042376452       0.29596050603893886       0.30632597634829378       0.28552827695632499       0.21633793634287196       0.29254412899045051       0.67319289461664855       0.45388389663453399       0.33979388595448357       0.29315644872963681       0.27411592949683594     
   1.1915649183757346        1.1191711733106564        1.1632211645749342        1.1360579703366027        1.0258883776985366        1.0636845937740049        1.0952606663248192        1.1498289021080232        1.0088728711607342        1.2166204068899775        1.0959394279970096        1.1065919890727498        1.0196778339012582     
   1.7433742245224908E-002  0.31743542423958909       0.24902965918887482       0.31346143673315519       0.31924991554984561       0.30302759543389779       0.23019732527342163       0.30859542938332368       0.68187629119547466       0.46111625847168386       0.34985800359405855       0.30793670200037776       0.29174841665164020     
  0.95083682294398852        1.1445125214908716        1.1618453401760001        1.0613889289965277        1.0348274609157864        1.1631750585324168       0.99408362133070816        1.0205825160404991        1.0561246236315818        1.2262023753437870       0.89944524917204782        1.0159512055647841        1.1743294684332124     
   1.9623631478853047E-002  0.33126686779320008       0.26307174678380957       0.32967672057294567       0.33131789931848349       0.32047502806609746       0.24354945105730574       0.32315493569955112       0.69059338419882110       0.46760542718035858       0.36068301107010520       0.32216100891891375       0.30974865255352402     
  0.97365103106753992        1.0255731592211630        1.1521522724001190        1.0332516441160899        1.1068268809901205        1.0963128477417887        1.1715959596416603        1.1391884746821257        1.0474678435222713       0.93520757883239103        1.0239953079671751        1.0143358598564356        1.0119279111632213     
   2.2646552017667111E-002  0.34443861536530501       0.27758448544113151       0.34333644334875407       0.34452237505091299       0.33773916533770559       0.25678290276360627       0.33718461156061591       0.69882344668651830       0.47394896923597757       0.37056040006340341       0.33646414482887838       0.32786892827063985     
  0.96001691950969492       0.93407846442823550        1.1721319480463461        1.0367453910963094        1.0369840595826734       0.98083495459204662        1.0100869680549560        1.0010900864139589        1.1386346289991158       0.96179111058447853       0.92788918145000676        1.0802914681184059        1.1738268138144727     
   2.5646840016323252E-002  0.36081970820731574       0.29345191819547267       0.35805581470308978       0.35824718251215310       0.35581554860442638       0.27146864184432412       0.35167027865811340       0.70673671002957550       0.48017831983043041       0.37938095626827251       0.35102044220390555       0.34582386354497086     
   1.2030913705492243        1.0700183197096977        1.0743085949421516        1.1853703697439923       0.98406735810233215        1.0051764476224310       0.94462169315123301        1.0498307173984320        1.1201998130531339        1.0455439259948227       0.90101277975899396        1.0419738008413060        1.1154233388498227     
   2.9265187188634214E-002  0.37713048143623751       0.30952599599443170       0.37378673471458551       0.37237179714321872       0.37361167293391406       0.28671412595912127       0.36730196738645199       0.71421691760948236       0.48680782118006805       0.39074478447605276       0.36774807251156755       0.36357764571843004     
  0.94827918157370517        1.0642226161830972        1.2965218506443339        1.1195533222947134        1.1978072950263448        1.0824069528999465        1.1131838267207332        1.0773772190299140       0.88510699644552826       0.98253232749158514        1.0710729961681946        1.0426263912801348        1.1636220619507518     
   3.3379123581725421E-002  0.39414283710013032       0.32427652779601712       0.38907142294302655       0.38708895547497352       0.39199570661094035       0.30002497575480486       0.38335307473348834       0.72131957836395144       0.49334072531985046       0.40325323733807700       0.38539940748608859       0.38214123044869802     
   1.2329541095411387        1.2280746886333740       0.99222389890696361        1.1952830684642690        1.1144873450409560        1.1562105502215656        1.0264711007859570        1.2643147169671145        1.2638445440644468       0.99533700994564800        1.1437378220824723        1.0743961203655210        1.2183635443676131     
   3.7806924946184720E-002  0.40913742587117169       0.33786578218845920       0.40396708218681388       0.40214867610440624       0.40813062509603737       0.31330730785799044       0.39864719656990477       0.72833341040120192       0.50061476612800915       0.41619220555160058       0.40214520978030632       0.39989527143947817     
   1.1852197713023878        1.1206961639656354       0.95373840705225832        1.0515508542321759        1.1291657783724240        1.1002465304876330       0.87501831656925910       0.93314952942987761        1.0607139438178776        1.0589085882229530        1.1080680852637710        1.0994647016263048        1.1091276574200104     
   4.2417498700580293E-002  0.42468153811893222       0.35223875435077717       0.41825780609269447       0.41711155165557418       0.42547941266314165       0.32701545213335320       0.41418425571191647       0.73497349783600263       0.50751242456311740       0.42985324685890086       0.41884638035897032       0.41715714518668257     
  0.97842320916871295        1.0731312605977952        1.2680479991036100        1.1632274809626211        1.0730283100380773        1.2668587618938327        1.0260529819389661        1.1400020976754224        1.0651585849250809        1.0513917030468238       0.99411799311058335        1.0140291540042872        1.1383050367284475     
   4.7534084815545274E-002  0.43917690890888295       0.36591530718530035       0.43058222399934748       0.43177970212457761       0.43781151870828461       0.33956453787488450       0.43128438449391759       0.74149958296841068       0.51367242158495041       0.44344498112791386       0.43404859837008997       0.43498285138817250     
   1.0254337153016144        1.1905532941895089        1.2819394071554835       0.96619924840449389        1.2786417371965215        1.0506830255718875        1.0002752826282626       0.97519039842889077       0.95551761645824473       0.95013627517343779        1.0634949645773808        1.0341471302938063        1.1765696201613640     
   5.3019590815545740E-002  0.45505272022574467       0.37966836084823580       0.44598105083118311       0.44595465115151550       0.44976579104444170       0.35177767528781234       0.44415473223635443       0.74815731755928883       0.51894499678579920       0.45729670461807032       0.44937649753244113       0.45319079806086382     
  0.90880936636438869        1.0720989099247029       0.99694497332605048        1.2056442696432046       0.90868289744128883        1.0228545944391114        1.0051270285368603        1.0142534656033531        1.0865218673240933        1.0264998877386629        1.3302586561381786        1.0499179241377665        1.1474380994239088     
   5.9480349914578089E-002  0.46991364059676094       0.39463891786274286       0.46103670684115944       0.45990768161514289       0.46063052283721573       0.36452255194102190       0.45904912742397697       0.75501912567234164       0.52480110433138238       0.47205079675763911       0.46267345949799721       0.47263591120472809     
   1.0263928041812100        1.0449430766998309        1.0861788540046973        1.1166754453498748       0.98555139263548752       0.97218012773302764        1.0922073384138358        1.1887235562389002        1.0847013823988361       0.97361255977049255       0.94977645041263370        1.0350110974481574        1.1304175768773219     
   6.6602193841184945E-002  0.48386135192314988       0.41078512082527657       0.47549189023343075       0.47392397576827067       0.47372287493417525       0.37774358052571716       0.47377378298599732       0.76226689414010562       0.53123071383149856       0.48816471285037849       0.47725317426568054       0.49222974594640317     
   1.0143714418337046       0.89821328830674918        1.1086016978010262        1.0223061545081600        1.0323246484549242       0.92466992905589784       0.94541355010751527       0.96179111058447853        1.0398697161010606        1.0657821225187376        1.0236828000083731        1.0017487356127104        1.0873687881374767     
   7.4670320097673160E-002  0.49805200277054723       0.42745186554853093       0.48993582820664716       0.48904145037678121       0.48853022159478809       0.39106690822891182       0.48844605855297901       0.76886562026795890       0.53772180148041637       0.50392441938203658       0.49035346615661984       0.50988230775581611     
   1.0600177692800645        1.0162913391732404        1.1001974350524188        1.0460670043846050        1.0150770886472105        1.1105110099282520        1.0644064763987071        1.0435903956848662       0.93302912146021655        1.1678428016114168        1.0494249834134226       0.93554737414090716        1.1918152191112863     
   8.2955716435143892E-002  0.51350687520128879       0.44411969417908703       0.50630453294917055       0.50460908823860373       0.50285114614367332       0.40387723190306596       0.50117547486963288       0.77447732457214924       0.54438275528326097       0.51869528398799447       0.50360394725120394       0.52650866419509368     
  0.98791008366538502        1.0819677246185841       0.97677453079057264        1.0673400011724112        1.0248594120133796        1.1631640504553820        1.0746200120200495       0.95292937158094093       0.87916904334678603        1.2993748792851738        1.0237033384948337       0.97870852107464512        1.2419796582364755     
   9.2270012529859322E-002  0.52905079515048203       0.46072658483436302       0.52472542850538750       0.51945497172846833       0.51753267395123581       0.41584788374243881       0.51499766101742028       0.78040971635469103       0.55057079248150864       0.53327010669944608       0.51772714524401875       0.54274380679189849     
   1.1282771213838976        1.0387227928677842        1.1691984230489509        1.0668835741242748       0.94452272800709469        1.0660982072534639        1.0915553262348094        1.1464509010531649       0.93181531730231515        1.0185911380056425       0.99636111982833930        1.1583632071672882        1.0634517748413512     
  0.10320711449721114       0.54313448914405826       0.47712636475475467       0.54274096558942120       0.53417764667240175       0.53469582197336873       0.42725259769854429       0.53006952051816958       0.78670534334915010       0.55640138121252891       0.54788169412641041       0.53262547338818611       0.55973540267353705     
   1.0023530784482408        1.0557834762878833       0.99235178121324441        1.1643900415244532        1.1369555919612757        1.1099793355172534       0.94749083542168266        1.0248058871069599        1.0895217194284570        1.0561262129842393        1.1205318702474512        1.0012064253696245        1.0227670697771172     
  0.11529611736943483       0.55828849823620030       0.49286988650380831       0.56026333172510767       0.54783268738616531       0.55396492758266513       0.43817802855331184       0.54633777506711845       0.79255951212753906       0.56233223775881247       0.56423236352351203       0.54700895676109340       0.57792292899730635     
   1.0614786417614608        1.1236942887402837        1.0174366195940199        1.0668945088492998        1.0389461562162456        1.2321415920789491        1.0515490150929703        1.0907499331514023       0.92645413395047582       0.93116411612540440        1.0008065207797538        1.0010414385287043        1.1548826196296034     
  0.12825051197623344       0.57454714808001905       0.50856099442436520       0.57670010083937340       0.56249754437559851       0.57294013332552451       0.44826809215103369       0.56419769403428255       0.79893511057273059       0.56830026405259404       0.58129661614984574       0.56206839307139222       0.59552116495055063     
  0.96179111058447853        1.0829404317725440        1.0348171159024271        1.0194453395725929        1.0954914991306772        1.2374544972160841        1.0109905585328685       0.94235729142677194        1.0418715247691699        1.2254946508858819       0.93981975670998741        1.0412043771105066       0.94368448748716183     
  0.14227572738458283       0.59059527415332813       0.52571254522103616       0.59177836826414898       0.57750134257332997       0.59172018541882709       0.45897614282001964       0.58177269565363343       0.80536656631703107       0.57465949986760412       0.59809173307744745       0.57346637575566362       0.61254093086138506     
   1.0403242670397848       0.98655644184188429       0.96175357906115855       0.94675262112244918        1.0506942678193463        1.2922716123962887       0.94765001955258255        1.1019304717874454        1.0705398266097383       0.99875430218508576        1.0962731135660797        1.1220458806394331        1.0741620748679690     
  0.15812743669704107       0.60623459097432886       0.54366966389787597       0.60725099106249381       0.59179642717706071       0.61034291105486493       0.47256898707555428       0.59865194392268961       0.81164307393658652       0.58134519066805257       0.61565524252315507       0.58418434530994268       0.62895238253630803     
  0.97024843284615048        1.0686276074948970        1.1560506424887358        1.0499258891038690        1.0007813825935903        1.1834323750329094        1.1663215915879452       0.97427937320369973        1.0781959286408638        1.0237228805008063        1.0231752506128513       0.82279542598621436        1.0129175637700909     
  0.17714380802323240       0.62166259298232884       0.56461768626866138       0.62429376549611637       0.60607887470621558       0.62746876526607120       0.48778449506077126       0.61586114203767184       0.81803949442155188       0.58835037251948885       0.63288528822033907       0.59479841496002983       0.64371858636388291     
   1.2284749988909067        1.0907287347835344        1.1182887125085161        1.2404140901784724        1.0646327259037092        1.1304342655949697       0.97005687988722622        1.3097246783225132        1.0403432822739045       0.99437132476766033        1.0972531179236100       0.90139770283726661        1.0324211138099553     
  0.20187464362459806       0.63791905512338631       0.58573959381345209       0.64301164813085765       0.62061806009344167       0.64294418560038646       0.50322204897064315       0.63129073685994996       0.82431789161442559       0.59442944893242089       0.64960479840582386       0.60582012717801270       0.65736014168525669     
   1.0770968364440450        1.0013153365951848        1.1875165347123307       0.99044410384385861        1.0984731853765022        1.0603710156218500        1.1829406546353540        1.0627068803528448        1.0988794787800071        1.1551466449088021       0.99841412724593659       0.98863662001413999       0.95587258789626273     
  0.23486867013230592       0.65394816215100449       0.60829045197107245       0.66165221737952673       0.63590010414814713       0.65745082157324963       0.51934214103603693       0.64789289459934052       0.83039393494640190       0.60015157109224648       0.66641838325802660       0.61720178753153787       0.67311789977335379     
   1.1593410944523597        1.0369265870228950        1.0259438528650970        1.1687674142225408        1.3185822695482134        1.1021869040859613        1.0606440355292068        1.0723563153041613        1.0179942077683073        1.0452404494287220        1.1190751118526383       0.98257512027291216        1.0804266775713960     
  0.28320366502017336       0.66912456561283773       0.62820560525581326       0.67959593356566539       0.64977740901015413       0.67223768669610207       0.53626465042475346       0.66316244390660661       0.83682074557874497       0.60614547163715060       0.68333492877267998       0.62866189264634909       0.69057318155629366     
   1.0159260571992510       0.93783837654300417        1.1612984887527769        1.0260685155227061        1.0307438484273512        1.0446882336571206        1.0501622444006828        1.0409402172979649       0.99893104031416524        1.0211105039324704        1.1053253545208099        1.1694329394233276       0.94858509376045674     
  0.34494848705377767       0.68395350527533250       0.64635739116742841       0.69765010976877939       0.66176041990417889       0.68788837997217378       0.55396536714773903       0.67805523380898247       0.84298368397860979       0.61247367925976981       0.70039513748306126       0.64021682494244370       0.70861227395108950     
  0.98250875295605711        1.1828442915955526        1.0853601591654070        1.2466613929686101       0.99710684524268056        1.0082603015251175        1.1615976049121612        1.1324108524358203       0.98154885299899697        1.2719657543509653       0.99468003239119041       0.97085988082317387        1.1134281446475405     
  0.40648277718865028       0.70098789778119730       0.66249810531340925       0.71655266529308748       0.67478156781228926       0.70320134760958997       0.57143174436090960       0.69577244502059510       0.84907781150086470       0.61871242476501020       0.71708008228684650       0.65266400920409573       0.72586236498461720     
  0.86450687575967955        1.0362855287632164        1.0529433829441841        1.1242475484756624        1.0317601550159443       0.94566477377618741       0.86665312795709881        1.1154636484765277        1.2138246515764326        1.0635415593979312        1.0977715372998231        1.0223876198878132        1.0534101205452353     
  0.46689261240164537       0.71899421341541447       0.67673483343176588       0.73484332969190802       0.68765365906251263       0.71869846704159179       0.58986207432363869       0.71260335374738304       0.85531022115834698       0.62553617776438286       0.73449661960684642       0.66564353471240023       0.74224053262954315     
   1.0049853936149615        1.2447306155954154       0.86450687575967955        1.0968023110000178        1.0179739026896524        1.1033557946818835        1.1246427984672416        1.0270359254575459        1.0713809185498109       0.94003851074613265        1.0696669759428334        1.2354643550776383        1.0806831189498292     
  0.52359306374632042       0.73517108637403994       0.69621487098462120       0.75103355098358549       0.70429852855300745       0.73427469114723665       0.60828759400085675       0.72961077418258558       0.86098095951295839       0.63239063079705438       0.75372662912405941       0.67903372210105406       0.75894397600866559     
  0.98405041854895825        1.0636873403800033       0.87500322397268837       0.99968986171178331        1.0575370341710615       0.99163358809539393        1.0589036694009906        1.1869552440312405        1.2186675694422591        1.1392981581143924        1.0324164478727054        1.0497105898280221       0.90382318898615110     
  0.57557935071197996       0.74975171027278664       0.71647267422011252       0.76653295788651798       0.72065708313604659       0.74786879239763826       0.62590145453273405       0.74676062755428652       0.86666766078349555       0.63935320706352472       0.77339497576999516       0.69230453109986667       0.77699446939364292     
  0.99690659518024072       0.93223573035976348        1.1042045230382571        1.0844882705585166        1.2584784048506044        1.1989314032062977        1.1902402830653269        1.0991615200549290        1.0441504388280793        1.0802493045249135        1.3584110445260034       0.93740984892946799        1.0789756682595233     
  0.62524370638786542       0.76456055639414033       0.73534494593316313       0.78066166519629510       0.73812920742410559       0.76209997281693853       0.64271850992593171       0.76433052620744368       0.87294679048720281       0.64694007958750610       0.79232774167492503       0.71039704334630260       0.79622775996505013     
  0.98852646011977707        1.0028565739779036        1.1080068494525432        1.0302022987092216        1.1397326909659911       0.96179111058447853        1.1722828318369305        1.1053769408564442       0.98207070100793914        1.0449689066781955        1.1948104863731994        1.2902345360184002        1.2405796838286045     
  0.67262573751181087       0.77796660780068672       0.75373755546737342       0.79461664376510044       0.75478085422919028       0.77623230455785897       0.65949731598169525       0.78229852713408954       0.87954307991780256       0.65463779277608669       0.80949252109799397       0.72890304020666741       0.81541751082484126     
  0.93464051716380880        1.1664615148948392        1.0871233569703644        1.0013944449008272        1.0473789009206600       0.93923183194807114        1.0141219747034127        1.1985462382516747       0.95262146023484773        1.2177184900627755        1.0484205747175352        1.2029236208963572        1.1965077895724341     
  0.71559531658010100       0.79428746742678458       0.77142478346871757       0.80876915240099956       0.77288561157702607       0.79213442433672521       0.67814606832982716       0.80042296650896561       0.88655941115716985       0.66318084994812321       0.82646207280521677       0.74821471329610734       0.83152103387568732     
   1.0715313477452073       0.94290815699097785        1.0751595843070716        1.0043168356705963       0.98978389545190393        1.0288673970485123        1.0993810410010916        1.0481758766519826        1.1356674368112798        1.3462037666288797        1.1774926416569895        1.0032870421982771        1.0131889046965410     
  0.75331928749340449       0.81232174646260036       0.78945756961720503       0.82340440364643763       0.79069059080918302       0.80883592206168531       0.69912364177059683       0.81858831610168969       0.89369075429775979       0.67210288560840836       0.84083528448193934       0.76625303503520925       0.84644620841126605     
  0.97260766204725080        1.0939293584047944        1.1588390345860149        1.0451132525514997        1.1417421174119049        1.1724129326848103        1.2767896774214420        1.1221073109134441        1.2067967620392275        1.0657831048470148        1.0224512434434485       0.99071957439155234       0.98331287976445758     
  0.78598381378319682       0.83100836510367049       0.80558623523160555       0.83792394656195412       0.80720240939801657       0.82580687003746345       0.71958568077055574       0.83631583198419424       0.90020065606856403       0.68030491023722550       0.85206484775234548       0.78331663304672439       0.86064445086637376     
   1.0446044672950825        1.4783607158910137       0.98378737377974124        1.2257260532751579        1.1897346760584970       0.98647062801880603        1.1748834203646994        1.1065173930144971        1.0329709738663619       0.91894274766528361       0.98144973438924699       0.96318799422621593        1.0902018642041271     
  0.81687104726609694       0.84635794746491111       0.82107063990165963       0.85169848486526023       0.82224087896436737       0.84184846592720730       0.73802694902311217       0.85254546707903378       0.90638603031474407       0.68767925065396784       0.86554589800432635       0.80365663781681840       0.87397801159292077     
   1.0146745495518750        1.0048197804274970       0.98025290966121792       0.95476369879658152        1.0231740261000548        1.0125885801685559       0.93166044197739617        1.0450497849266234        1.1346187217746357        1.0890186895692890        1.0706269809282929        1.0116391605698660       0.96444465585498007     
  0.84467665794136271       0.86179150298376661       0.83868467371621780       0.86582291645642273       0.83782239152403204       0.85680511241952129       0.75551330895616986       0.86798832040222063       0.91163596769822375       0.69631493805556766       0.87854071911802634       0.82636280486986446       0.88658949457411995     
  0.98082657565613096        1.1955287729985991        1.0137690648640210       0.85194211612697734       0.93412025158740719        1.0473516961460365        1.0556090062269989        1.2116146162149009        1.0119327607429263       0.97826241490662746        1.0220725485005209        1.0825146097214422       0.97228485891828220     
  0.87026426909608756       0.87734632216859076       0.85823425418913646       0.88129918527782702       0.85494943913249566       0.87253231602139725       0.77212689149313019       0.88303266414653270       0.91704857049036859       0.70671351638403834       0.89195870282499745       0.84743497379602661       0.89898244639773806     
   1.0337727803081567        1.1703744533474858        1.0301396844404200        1.0355599833727118        1.0144646361061160        1.1858740703360851        1.0111824418480224        1.0944504736584697       0.99391996141209848        1.2771165731550114        1.0601151460079783        1.1663850882931603        1.1286238390548227     
  0.89356608935404391       0.89318968788034736       0.87985246865381606       0.89746465545862142       0.87331027893378765       0.88798599890295027       0.79077716887487126       0.89890779254039188       0.92339641181647403       0.71654255046354565       0.90555363454367477       0.86755061607761386       0.91130055250480480     
   1.1141908122650297        1.1763646157192675        1.1517775593598769        1.0406712686829891       0.94682057114237628        1.0707536718234956       0.99793744075456592        1.1293825788236276       0.94078816856825220       0.95106899950719714        1.2329875143987281        1.0662566171124068       0.95707873055793458     
  0.91448562439015335       0.90963963718529639       0.90156302583261483       0.91267019608756184       0.89027850132785824       0.90359975134906723       0.81205651753033614       0.91443124941126730       0.93021338274147136       0.72776490700142549       0.91938050836377383       0.88740343457201387       0.92381656495160691     
  0.96857298132686798        1.0288122018568726        1.0104446443252106        1.0742642409464702       0.96819357308359155        1.1311219869853739        1.0680512689440398        1.0187575812465210        1.2172839815374885        1.1668305775439611        1.0194747798710675        1.0238348963225534        1.0378838380942046     
  0.93294647779104023       0.92511332332093810       0.91895590514831049       0.92766938117610998       0.90441344416956726       0.91946639016260778       0.83384010990839263       0.92794308094308120       0.93858669398386041       0.73914564693001927       0.93421069372132970       0.90725509990932507       0.93806608259977553     
   1.0475136849154978        1.0275623441584487       0.91944700444907512        1.2585898984864223        1.0985154949337113        1.0938615647321563        1.0090160319658246        1.0757953868554482        1.1602429435402930        1.1520548944329763        1.3022368388113610        1.1986303289207254        1.0476741811068255     
  0.95007592996285639       0.93903084693641214       0.93394667981487312       0.94255587741893754       0.91813631213815916       0.93539186713924050       0.85505965096609415       0.94175131233465470       0.94689475210754370       0.75314622865983460       0.94983707015085594       0.92705860373030169       0.95245463693336507     
  0.99442054995295193       0.99796529870196526        1.1708187398784662        1.0646276504326915        1.0818215456670277       0.92391829275086712        1.0108026427938368        1.0181750458101573        1.1921030458402828        1.0730432762794175        1.2555277138089211       0.96740035908764999       0.93306610666968615     
  0.96498931926232279       0.95510259574542233       0.94841997568068892       0.95722226660755083       0.93672387511425281       0.94944705990224743       0.88314874794386078       0.95505403125534993       0.95625877182243801       0.76870088138235748       0.96320960807636025       0.94628217125669944       0.96540752836941557     
   1.0048816180416675        1.3037828692480249       0.89677163883806921        1.0272622651316519        1.0779070087503377       0.92067992131541132        1.0619083212040132        1.2097337625874132        1.1964623815772515        1.0292222844654584        1.0712840857242929       0.97359988698570010       0.97566361797460066     
  0.97770720845810055       0.96898330558946344       0.96512755353014901       0.97104988809168657       0.95797867156350269       0.96463012267552473       0.91513339630035750       0.96954926095558591       0.96508854017955847       0.78846992455824549       0.97590541491356109       0.96425147709800563       0.97769529043964853     
  0.94209950687895616       0.96553155726717066       0.94180264074576336        1.1683781943609695        1.1602603883911982        1.1343117671135532        1.1479444342704033        1.0144646361061160        1.2460952815915636        1.0620279352493505        1.1035813510460868       0.92890726261775836       0.96927624293747372     
  0.98908916902232880       0.98447368047722550       0.98245028557434710       0.98543213490659465       0.97882163758202978       0.98251225994311475       0.95498635122242326       0.98462060549016406       0.98079237750110515       0.84770483688150478       0.98838451718037212       0.98270550452411198       0.98834128508130226     
   1.1229533462843448       0.87538596824934478        1.1607005451245891       0.94770627881742486        1.0709684727955995        1.0876350461076647        1.3310949898103108        1.0330051372906617        1.1987853873920908        1.1976725032955327        1.1380690927575685       0.95817465162904603        1.0197331810079280     
   1.0000000000000000        1.0000000000000000        1.0000000000000000        1.0000000000000000        1.0000000000000000        1.0000000000000000        1.0000000000000000        1.0000000000000000        1.0000000000000000        1.0000000000000000        1.0000000000000000        1.0000000000000000        1.0000000000000000     
   1.0787437384908263       0.99548361315032818        1.1489973048460895        1.1920583974742647        1.0950440905529006        1.0692663882006908       0.94379334421549799        1.0629965897448983        1.0626169696783911       0.87960538020365164       0.93831201369553419       0.96813891220798276        1.0161847496510998     
  -7.9477529340539759        6.8827832429143401       -4.4544663550486981E-002  -5.2497344922596358       -3.9846363558395796        2.6827768273148087        4.0105766396611173        3.3246627674028502       0.76243567551181257        3.2266418927011520        1.0297217468162392      -0.21249777594673530        1.4505166485461523     
   3.2558017943366373       0.22474600480594770       0.45881384546255927      -0.54791653771760274       -8.4708500263314530        1.5734905015706653       -5.5706929109506469E-003  -3.1659049649156787        12.243019587570926        1.7949655865129288       0.71900119759791736       -1.8886160909666163       -2.3003480119687736     
  -1.8403638680804815        2.9061102971931208       0.60450066776352196       -2.0664210470930486        5.1579562461819721       -2.2671886827563159        2.4035451499729064       -6.7722972481825501        7.5430047143995331       -11.745572718871601       0.49708875067455466       -2.1930227412707732       -4.0285494481559034     
   5.6759640154457331        2.4334940365937205        1.7495564891526789        4.4496388503235762        4.7993709176756782       0.68922125834378867        2.6092327736032010       -3.7403335130635447       -4.0445966362193708       0.32782234260600485       0.32118896730664076        1.0466330174633183       -2.7262832936365475     
   1.5508208373922352       -4.2621925393482147       -3.6945626277955217       -1.4621245434453449       -3.7341855083062891       -1.0798809787330428       -5.2973810374347998        3.1560569419912246       -3.3848492491473947       0.81761511402044906       -3.0151153063602498       -13.009232133240742        3.9165712592335873     
   6.0505535182681207       -10.403868463068001        3.6372315686651397       0.84192775187048241       -1.3599462740234947       -7.1051445983459667       -1.4231506969175431        2.2266250543368278        2.0590821643063681        1.1677562206882037        3.6620376370419967        4.4025359079766888       -2.7183994210112474     
   7.9262957279642121       -7.5329090239207366       -2.4633651537045145        1.4931574594805521       -1.7480433826753381        3.5931252351002043       -8.4451150963160231       -1.6381111377986117      -0.27208254103489837        1.4567699875792275       -3.0143098631634926      -0.38558922302609094      -0.30181094655105040     
   13.167575536559127        1.9355141928087842       -2.7772883595840709       -2.0258690742105450       -2.6262033962306477       0.43143050770744640       0.57843722153925392       0.66975132579871810       0.76723619515361141       -4.4201397860830207       0.45740575280878870        3.2242499316112556        3.5246215432647281     
  0.11224740041944793     
           1           1           1           1           1           1           1           1           1           1           1           1           1
   6.8888079983002573E-002   1.8597045409335305E-002   1.1617608365782334E-004  -6.0128517002832389        2.6120353361896694E-003   1.7018517298265744E-006
   1.0065571359228029E-003   1.0029206469453278E-003   4.2378471941485692E-004   1.3198469757172768        4.2366494808117962E-004   2.3784925747725090E-007
   5.0000000000000001E-003   4.0410971019117649E-002
